firstCase
0
1 1
2 2
3 3
4 4
5 5
6 2
7 7
8 8
9 4
10 10
11 3
12 5
13 3
14 14
15 4
16 16
17 17
18 3
19 19
20 4
21 21
22 3
23 23
24 24
1
0 0
2 0
3 0
4 0
5 5
6 5
7 0
8 0
9 5
10 0
11 5
12 5
13 0
14 0
15 5
16 0
17 0
18 0
19 0
20 0
21 0
22 5
23 0
24 0
2
0 0
1 0
3 0
4 0
5 5
6 6
7 0
8 0
9 5
10 0
11 5
12 5
13 0
14 0
15 5
16 0
17 0
18 0
19 19
20 0
21 0
22 5
23 0
24 0
3
0 0
1 0
2 0
4 0
5 5
6 6
7 0
8 8
9 5
10 0
11 11
12 5
13 13
14 0
15 5
16 0
17 17
18 18
19 0
20 18
21 0
22 22
23 0
24 0
4
0 0
1 0
2 0
3 0
5 0
6 6
7 7
8 0
9 9
10 10
11 11
12 6
13 13
14 0
15 15
16 0
17 0
18 9
19 0
20 20
21 21
22 0
23 0
24 0
5
0 0
1 1
2 2
3 3
4 0
6 6
7 7
8 8
9 9
10 0
11 11
12 12
13 3
14 14
15 15
16 0
17 0
18 3
19 0
20 7
21 21
22 22
23 0
24 0
6
0 2
1 5
2 2
3 3
4 4
5 5
7 7
8 8
9 9
10 10
11 3
12 12
13 3
14 5
15 4
16 8
17 3
18 3
19 2
20 4
21 4
22 3
23 9
24 10
7
0 0
1 0
2 0
3 0
4 4
5 5
6 6
8 0
9 4
10 0
11 4
12 5
13 4
14 0
15 4
16 0
17 0
18 20
19 0
20 20
21 0
22 5
23 0
24 0
8
0 0
1 0
2 0
3 3
4 0
5 5
6 6
7 0
9 9
10 10
11 11
12 5
13 13
14 14
15 15
16 16
17 0
18 18
19 19
20 15
21 0
22 22
23 0
24 0
9
0 4
1 5
2 5
3 5
4 4
5 5
6 6
7 4
8 8
10 4
11 4
12 12
13 4
14 5
15 15
16 8
17 17
18 18
19 8
20 4
21 4
22 5
23 23
24 12
10
0 0
1 0
2 0
3 0
4 4
5 0
6 6
7 0
8 8
9 4
11 4
12 12
13 4
14 0
15 4
16 0
17 0
18 8
19 0
20 4
21 0
22 8
23 0
24 24
11
0 3
1 5
2 5
3 3
4 4
5 5
6 3
7 4
8 8
9 4
10 4
12 5
13 13
14 5
15 4
16 8
17 3
18 18
19 8
20 4
21 4
22 3
23 3
24 18
12
0 5
1 5
2 5
3 5
4 6
5 5
6 6
7 5
8 5
9 9
10 10
11 5
13 5
14 5
15 5
16 5
17 9
18 9
19 5
20 5
21 5
22 22
23 9
24 24
13
0 3
1 3
2 3
3 3
4 4
5 3
6 3
7 4
8 8
9 4
10 4
11 11
12 3
14 14
15 4
16 16
17 3
18 3
19 8
20 4
21 4
22 3
23 14
24 3
14
0 0
1 0
2 0
3 0
4 0
5 5
6 5
7 0
8 8
9 5
10 0
11 5
12 5
13 13
15 5
16 0
17 17
18 8
19 0
20 0
21 0
22 5
23 23
24 0
15
0 4
1 5
2 5
3 5
4 4
5 5
6 4
7 4
8 8
9 9
10 4
11 4
12 5
13 4
14 5
16 16
17 9
18 8
19 8
20 20
21 4
22 5
23 9
24 4
16
0 0
1 0
2 0
3 0
4 0
5 0
6 8
7 0
8 8
9 8
10 0
11 8
12 0
13 13
14 0
15 15
17 0
18 8
19 19
20 15
21 0
22 8
23 0
24 0
17
0 0
1 0
2 0
3 3
4 0
5 0
6 3
7 0
8 0
9 9
10 0
11 3
12 9
13 3
14 14
15 9
16 0
18 3
19 0
20 0
21 0
22 3
23 0
24 0
18
0 3
1 3
2 3
3 3
4 9
5 3
6 3
7 20
8 8
9 9
10 8
11 11
12 9
13 3
14 8
15 8
16 8
17 3
19 8
20 20
21 3
22 3
23 9
24 24
19
0 0
1 0
2 2
3 0
4 0
5 0
6 2
7 0
8 8
9 8
10 0
11 8
12 0
13 8
14 0
15 8
16 16
17 0
18 8
20 0
21 21
22 8
23 0
24 0
20
0 4
1 4
2 4
3 18
4 4
5 7
6 4
7 7
8 15
9 4
10 4
11 4
12 4
13 4
14 4
15 15
16 15
17 4
18 18
19 4
21 4
22 7
23 4
24 18
21
0 0
1 0
2 0
3 0
4 4
5 5
6 4
7 0
8 0
9 4
10 0
11 4
12 5
13 4
14 0
15 4
16 0
17 0
18 0
19 19
20 4
22 5
23 0
24 0
22
0 3
1 5
2 5
3 3
4 3
5 5
6 3
7 5
8 8
9 5
10 8
11 3
12 12
13 3
14 5
15 5
16 8
17 3
18 3
19 8
20 3
21 5
23 23
24 12
23
0 0
1 0
2 0
3 0
4 0
5 0
6 9
7 0
8 0
9 9
10 0
11 0
12 9
13 14
14 14
15 9
16 0
17 0
18 9
19 0
20 0
21 0
22 22
24 0
24
0 0
1 0
2 0
3 0
4 0
5 0
6 10
7 0
8 0
9 12
10 10
11 18
12 12
13 0
14 0
15 0
16 0
17 0
18 18
19 0
20 18
21 0
22 12
23 0
29
0
3 12
1
14 20
2
5 11
7
7 5
9
22 17
10
21 10
13
22 10
14
20 15
17
23 17
19
13 18
20
11 7
21
16 15
22
24 1
23
4 20
32
5 14
37
6 4
41
11 9
48
19 13
49
23 22
50
22 9
53
3 7
55
18 17
56
18 7
59
2 16
62
23 18
66
11 13
67
14 23
72
14 17
74
0 2
129
