25 84 75 2
0 0 1 4
1 0 2 9
2 0 3 6
3 0 4 5
4 0 5 5
5 0 7 5
6 0 8 9
7 0 10 4
8 0 14 9
9 0 16 9
10 0 17 8
11 0 19 4
12 0 21 8
13 0 23 7
14 0 24 4
15 1 5 4
16 2 5 4
17 2 6 5
18 2 19 5
19 3 5 8
20 3 6 8
21 3 8 4
22 3 11 8
23 3 13 5
24 3 17 9
25 3 18 9
26 3 22 9
27 4 6 8
28 4 7 7
29 4 9 5
30 4 10 7
31 4 11 8
32 4 13 6
33 4 15 10
34 4 20 10
35 4 21 4
36 5 6 10
37 5 7 10
38 5 8 5
39 5 9 9
40 5 11 7
41 5 12 6
42 5 14 6
43 5 15 5
44 5 21 5
45 5 22 10
46 6 7 6
47 6 8 4
48 6 9 4
49 6 10 7
50 6 12 4
51 7 20 6
52 8 9 10
53 8 10 6
54 8 11 8
55 8 13 6
56 8 14 10
57 8 15 4
58 8 16 9
59 8 18 7
60 8 19 8
61 8 22 4
62 9 12 7
63 9 15 4
64 9 17 8
65 9 18 6
66 9 23 10
67 10 12 9
68 10 24 8
69 11 13 10
70 11 18 6
71 12 22 8
72 12 24 5
73 13 14 9
74 13 16 4
75 14 17 4
76 14 23 9
77 15 16 5
78 15 20 10
79 16 19 6
80 18 20 4
81 18 24 10
82 19 21 5
83 22 23 10
0 3 12 5
1 14 20 5
2 5 11 5
3 6 21 5
4 22 21 6
5 2 19 6
6 5 17 6
7 7 5 5
8 12 8 6
9 22 17 4
10 21 10 4
11 7 1 5
12 2 6 6
13 22 10 4
14 20 15 5
15 20 14 4
16 8 4 4
17 23 17 6
18 8 23 6
19 13 18 5
20 11 7 4
21 16 15 4
22 24 1 4
23 4 20 4
24 21 13 6
25 2 12 5
26 19 14 6
27 8 17 4
28 21 23 4
29 21 17 5
30 24 20 5
31 3 9 5
32 5 14 4
33 23 8 6
34 24 5 6
35 3 20 5
36 20 16 6
37 6 4 5
38 17 24 6
39 0 19 5
40 15 0 4
41 11 9 4
42 1 7 6
43 2 23 5
44 2 24 6
45 24 4 4
46 21 15 6
47 5 8 6
48 19 13 4
49 23 22 4
50 22 9 5
51 21 20 5
52 14 16 5
53 3 7 4
54 2 10 4
55 18 17 4
56 18 7 4
57 2 22 6
58 2 1 5
59 2 16 4
60 8 21 5
61 6 17 4
62 23 18 6
63 15 7 5
64 13 6 4
65 3 21 5
66 11 13 5
67 14 23 4
68 20 3 4
69 12 23 5
70 14 4 5
71 14 7 4
72 14 17 4
73 1 20 6
74 0 2 4
