25 64 1500 10
0 0 1 24
1 0 2 24
2 0 10 24
3 0 22 24
4 1 3 24
5 1 5 24
6 1 14 24
7 1 23 24
8 2 8 24
9 2 9 24
10 2 10 24
11 2 19 24
12 3 7 24
13 3 9 24
14 3 11 24
15 3 20 24
16 3 24 24
17 4 5 24
18 4 6 24
19 4 8 24
20 4 10 24
21 4 13 24
22 4 22 24
23 4 23 24
24 4 24 24
25 6 13 24
26 6 16 24
27 6 19 24
28 7 9 24
29 7 10 24
30 7 16 24
31 7 19 24
32 8 9 24
33 8 12 24
34 8 14 24
35 8 17 24
36 8 18 24
37 9 11 24
38 9 14 24
39 9 16 24
40 9 17 24
41 9 18 24
42 9 22 24
43 9 23 24
44 10 12 24
45 10 14 24
46 10 19 24
47 10 22 24
48 10 23 24
49 10 24 24
50 11 16 24
51 11 17 24
52 11 20 24
53 12 23 24
54 13 17 24
55 13 22 24
56 13 24 24
57 15 24 24
58 17 21 24
59 17 22 24
60 18 22 24
61 18 23 24
62 19 23 24
63 21 24 24
0 2 5 1
1 19 9 2
2 4 3 1
3 20 10 2
4 22 2 2
5 19 15 1
6 19 18 2
7 5 11 2
8 6 16 2
9 16 0 2
10 10 5 1
11 20 7 2
12 8 14 2
13 10 1 2
14 23 24 2
15 21 2 2
16 17 1 1
17 19 0 1
18 9 12 1
19 15 12 2
20 1 22 2
21 22 12 2
22 11 16 2
23 13 22 2
24 4 11 2
25 17 6 2
26 9 8 1
27 14 21 1
28 21 10 1
29 0 4 1
30 7 2 1
31 11 2 1
32 18 7 1
33 2 0 1
34 23 10 1
35 4 18 2
36 20 10 1
37 19 3 1
38 22 4 1
39 23 2 1
40 2 22 1
41 0 13 1
42 6 1 1
43 12 10 1
44 15 6 2
45 19 22 1
46 15 9 1
47 14 5 1
48 2 5 1
49 8 4 1
50 22 3 1
51 6 5 2
52 24 7 1
53 12 20 2
54 19 13 2
55 6 13 2
56 11 23 1
57 16 0 2
58 9 24 1
59 2 1 1
60 15 11 1
61 19 24 2
62 2 21 2
63 0 23 1
64 10 18 2
65 22 21 1
66 18 8 2
67 14 11 2
68 11 15 2
69 24 15 2
70 17 23 1
71 7 18 1
72 1 22 2
73 13 14 2
74 10 12 2
75 14 4 1
76 23 24 2
77 13 0 1
78 10 12 1
79 12 11 1
80 13 21 1
81 4 18 1
82 6 3 1
83 12 15 1
84 8 10 1
85 0 15 2
86 5 9 2
87 7 6 2
88 19 23 2
89 13 5 2
90 21 1 2
91 3 2 2
92 22 15 2
93 4 7 2
94 6 13 2
95 0 9 1
96 10 20 2
97 21 19 2
98 19 3 1
99 16 9 2
100 23 11 1
101 11 18 2
102 2 0 2
103 11 13 1
104 6 10 1
105 10 20 2
106 8 17 2
107 18 10 1
108 4 10 1
109 22 18 1
110 7 15 2
111 0 10 1
112 12 24 1
113 19 10 1
114 16 15 2
115 19 23 2
116 2 14 2
117 24 6 2
118 22 4 2
119 24 1 2
120 7 20 1
121 10 11 2
122 17 4 2
123 10 15 2
124 19 17 1
125 20 6 1
126 9 23 1
127 23 6 2
128 7 12 2
129 22 0 2
130 8 6 1
131 9 0 1
132 20 24 2
133 2 11 2
134 24 4 2
135 20 12 1
136 19 14 2
137 3 8 2
138 8 6 2
139 9 5 1
140 10 0 1
141 1 10 2
142 11 4 2
143 23 12 1
144 20 13 2
145 12 5 2
146 19 24 1
147 20 9 2
148 18 24 1
149 16 1 1
150 15 2 1
151 4 3 1
152 22 7 1
153 24 11 2
154 10 2 2
155 10 24 1
156 15 12 1
157 16 13 2
158 22 4 1
159 6 14 1
160 3 24 2
161 7 1 1
162 1 20 1
163 15 1 1
164 7 24 1
165 4 16 2
166 10 12 2
167 0 16 2
168 15 0 2
169 17 2 1
170 6 18 1
171 6 7 2
172 0 11 1
173 18 11 1
174 12 6 1
175 17 0 2
176 8 17 2
177 16 12 1
178 6 24 2
179 10 6 2
180 8 12 1
181 20 9 2
182 0 14 2
183 6 5 1
184 1 12 1
185 23 6 1
186 24 18 2
187 22 21 1
188 18 9 2
189 14 1 1
190 18 8 1
191 16 0 2
192 0 6 1
193 10 6 2
194 23 12 2
195 14 12 1
196 15 17 2
197 21 7 1
198 19 3 1
199 0 19 1
200 0 8 1
201 9 14 2
202 23 18 1
203 3 1 2
204 6 20 1
205 13 23 2
206 2 8 2
207 20 0 2
208 24 1 1
209 9 4 2
210 14 6 1
211 20 23 1
212 15 5 1
213 3 2 1
214 14 18 2
215 8 0 2
216 2 23 1
217 6 2 2
218 21 12 1
219 1 15 2
220 14 13 1
221 0 18 1
222 21 2 2
223 22 9 2
224 6 8 1
225 21 8 1
226 7 22 2
227 0 20 1
228 18 13 2
229 7 22 1
230 9 11 1
231 19 11 2
232 15 17 1
233 11 21 2
234 23 17 1
235 10 23 2
236 13 5 2
237 11 14 2
238 24 9 1
239 21 24 2
240 21 17 2
241 11 13 1
242 19 8 1
243 10 11 2
244 14 24 1
245 1 10 1
246 19 10 1
247 18 4 1
248 22 12 1
249 13 3 1
250 16 3 1
251 8 17 1
252 23 7 2
253 15 3 2
254 23 11 2
255 16 21 2
256 7 18 2
257 23 13 1
258 7 20 2
259 4 22 1
260 22 0 1
261 15 4 1
262 22 9 1
263 24 12 2
264 6 17 1
265 6 0 1
266 0 9 1
267 6 5 1
268 2 8 2
269 3 13 2
270 21 12 1
271 22 19 2
272 10 12 2
273 6 9 2
274 19 18 2
275 20 19 1
276 21 15 1
277 15 10 2
278 0 8 2
279 12 24 1
280 13 22 2
281 21 15 1
282 12 1 2
283 24 2 2
284 8 17 1
285 2 7 1
286 14 12 2
287 7 19 2
288 1 10 2
289 17 24 2
290 6 19 2
291 3 0 1
292 18 21 1
293 16 14 1
294 16 5 2
295 8 22 2
296 17 20 1
297 8 18 1
298 22 16 2
299 5 14 2
300 5 1 2
301 19 10 2
302 3 21 1
303 2 6 2
304 15 7 1
305 12 24 1
306 24 12 1
307 9 5 1
308 10 21 2
309 7 22 2
310 22 3 1
311 5 4 1
312 23 19 1
313 14 15 2
314 22 13 1
315 22 16 2
316 20 17 1
317 13 15 1
318 8 13 2
319 2 8 2
320 15 12 1
321 4 3 1
322 5 2 1
323 21 6 2
324 21 17 2
325 17 8 2
326 2 21 1
327 18 13 1
328 17 1 1
329 6 4 2
330 4 23 2
331 0 11 1
332 16 0 1
333 16 21 2
334 18 16 1
335 9 4 2
336 7 15 1
337 6 21 2
338 15 6 1
339 5 12 1
340 4 21 1
341 16 4 1
342 15 16 1
343 18 5 1
344 20 24 2
345 20 11 1
346 8 13 1
347 24 13 1
348 10 24 2
349 0 6 2
350 12 14 1
351 23 4 2
352 19 16 2
353 20 24 1
354 7 19 2
355 15 24 1
356 13 19 1
357 13 2 1
358 22 24 1
359 24 20 1
360 11 8 2
361 8 14 2
362 9 17 2
363 9 15 2
364 12 24 1
365 15 10 1
366 22 15 2
367 17 16 1
368 8 20 2
369 8 9 1
370 10 7 1
371 11 9 1
372 10 16 2
373 8 19 2
374 21 6 1
375 24 22 2
376 6 21 2
377 22 17 2
378 6 14 1
379 3 23 2
380 20 7 1
381 19 20 2
382 5 20 2
383 11 7 2
384 15 22 2
385 18 14 2
386 4 8 1
387 8 3 2
388 17 12 1
389 2 6 2
390 15 14 2
391 16 18 2
392 6 8 1
393 13 20 2
394 19 3 2
395 13 12 2
396 3 4 1
397 3 11 1
398 1 2 2
399 3 17 2
400 4 3 2
401 6 1 1
402 0 3 2
403 19 23 2
404 9 13 1
405 7 19 2
406 17 11 1
407 4 0 2
408 24 7 1
409 12 6 1
410 5 2 2
411 15 3 1
412 7 13 1
413 7 14 1
414 5 7 2
415 3 0 1
416 21 9 2
417 18 19 2
418 14 6 1
419 3 2 2
420 22 14 2
421 4 23 2
422 19 24 2
423 0 17 2
424 6 21 2
425 13 16 2
426 10 0 2
427 16 19 2
428 14 19 1
429 11 4 1
430 19 22 2
431 5 12 1
432 6 10 2
433 12 8 1
434 22 9 1
435 12 19 2
436 0 21 1
437 20 22 1
438 14 22 1
439 12 18 2
440 11 12 1
441 15 13 2
442 13 2 2
443 8 11 1
444 8 11 2
445 15 5 1
446 7 18 1
447 1 12 2
448 1 24 1
449 2 22 1
450 2 19 1
451 8 2 2
452 14 4 2
453 4 13 2
454 5 7 2
455 9 5 1
456 7 2 1
457 18 20 1
458 9 17 2
459 13 5 1
460 0 6 1
461 2 24 1
462 8 5 1
463 24 14 2
464 23 5 1
465 17 5 1
466 0 10 1
467 24 8 1
468 16 1 2
469 4 5 1
470 15 4 1
471 7 19 2
472 18 8 2
473 7 14 1
474 22 3 1
475 5 20 1
476 2 12 1
477 0 9 2
478 16 15 2
479 17 23 2
480 16 14 2
481 19 18 2
482 24 8 2
483 5 16 2
484 4 1 1
485 2 19 2
486 9 3 2
487 12 9 2
488 0 10 2
489 6 24 1
490 6 13 1
491 14 18 1
492 20 9 2
493 7 4 1
494 7 14 2
495 15 12 2
496 22 14 2
497 6 14 1
498 13 1 1
499 4 20 1
500 9 11 1
501 11 14 2
502 20 13 1
503 19 9 2
504 16 17 2
505 1 15 1
506 11 10 1
507 9 16 1
508 0 3 1
509 23 22 2
510 1 0 1
511 20 16 2
512 0 14 2
513 10 19 2
514 11 19 2
515 9 11 1
516 16 18 1
517 14 24 2
518 13 24 1
519 21 24 1
520 4 12 2
521 21 22 2
522 23 20 2
523 4 24 1
524 2 19 2
525 8 12 1
526 1 9 1
527 4 6 2
528 18 6 2
529 4 13 2
530 6 0 1
531 5 1 2
532 23 15 1
533 7 14 1
534 21 15 1
535 2 21 2
536 10 19 2
537 15 8 2
538 20 21 2
539 16 4 2
540 19 24 1
541 7 0 2
542 15 8 2
543 16 9 2
544 23 12 1
545 18 9 2
546 3 4 1
547 7 14 1
548 3 22 2
549 13 23 2
550 13 18 2
551 9 2 1
552 5 19 2
553 21 2 2
554 1 13 2
555 13 4 2
556 15 0 2
557 11 3 2
558 7 15 2
559 12 18 1
560 12 13 1
561 9 7 1
562 10 5 2
563 18 12 1
564 3 2 1
565 23 0 1
566 17 13 2
567 2 22 1
568 1 0 2
569 5 1 1
570 9 11 2
571 21 18 1
572 1 5 2
573 10 3 1
574 18 2 1
575 19 0 1
576 5 12 2
577 3 8 2
578 19 16 1
579 19 9 1
580 2 14 2
581 5 20 1
582 15 19 1
583 22 9 1
584 12 10 1
585 22 15 2
586 11 16 2
587 9 20 2
588 13 7 2
589 21 10 1
590 7 14 1
591 22 4 1
592 2 1 1
593 4 3 2
594 4 23 1
595 9 24 2
596 22 10 1
597 22 15 2
598 13 3 2
599 22 6 2
600 20 1 2
601 5 12 1
602 11 2 1
603 1 8 2
604 5 15 2
605 21 12 2
606 14 4 2
607 23 22 2
608 21 10 1
609 0 5 2
610 13 2 2
611 10 4 1
612 4 7 2
613 8 6 1
614 13 1 1
615 20 11 2
616 19 11 2
617 0 3 2
618 24 16 1
619 6 4 2
620 21 23 2
621 16 12 1
622 13 24 1
623 14 23 2
624 17 24 2
625 1 9 2
626 0 13 1
627 15 13 2
628 19 18 1
629 10 18 1
630 14 8 2
631 20 1 1
632 21 18 2
633 12 8 1
634 16 7 1
635 7 14 1
636 12 0 2
637 1 2 2
638 17 13 1
639 16 23 2
640 24 19 1
641 15 18 1
642 17 21 2
643 24 3 1
644 12 17 2
645 5 17 1
646 0 21 2
647 2 10 1
648 15 0 1
649 4 23 2
650 5 21 2
651 21 8 2
652 5 13 1
653 23 5 2
654 3 24 2
655 9 17 1
656 2 4 1
657 0 7 1
658 24 8 1
659 3 24 2
660 10 3 2
661 16 3 2
662 21 19 2
663 2 11 1
664 11 5 2
665 6 17 2
666 23 0 1
667 2 5 1
668 10 5 1
669 15 24 2
670 0 10 2
671 24 13 1
672 16 24 2
673 6 5 1
674 19 20 2
675 24 18 1
676 23 7 2
677 17 24 2
678 12 10 2
679 6 1 1
680 14 6 1
681 18 11 1
682 21 11 2
683 13 23 1
684 10 14 1
685 4 3 1
686 18 4 2
687 15 17 2
688 3 19 1
689 20 10 1
690 9 17 2
691 9 1 1
692 1 9 1
693 22 8 2
694 4 8 2
695 13 2 2
696 2 15 2
697 23 9 2
698 0 9 2
699 5 22 1
700 4 16 1
701 11 3 1
702 8 24 2
703 10 3 1
704 18 6 1
705 7 1 2
706 9 24 1
707 22 17 2
708 17 21 2
709 3 12 1
710 9 13 1
711 21 10 2
712 23 1 1
713 2 3 1
714 3 15 1
715 15 11 2
716 17 3 2
717 5 18 1
718 2 10 1
719 5 20 1
720 20 0 2
721 6 23 1
722 5 23 1
723 13 0 2
724 18 23 1
725 15 17 1
726 1 13 1
727 19 21 2
728 6 16 2
729 11 4 2
730 18 13 2
731 8 7 1
732 22 13 2
733 20 19 2
734 0 3 2
735 18 6 2
736 22 4 1
737 20 18 1
738 21 7 1
739 22 1 1
740 7 23 1
741 23 2 2
742 4 6 2
743 3 18 1
744 20 6 1
745 22 0 2
746 3 10 1
747 14 4 1
748 23 20 1
749 11 10 2
750 12 21 2
751 14 21 1
752 20 4 1
753 12 11 1
754 21 7 2
755 15 8 2
756 1 8 1
757 13 14 1
758 1 23 2
759 16 9 1
760 13 3 2
761 4 9 2
762 5 13 1
763 15 24 1
764 18 14 2
765 9 20 1
766 14 6 2
767 15 12 2
768 5 15 1
769 14 4 1
770 24 7 2
771 12 7 1
772 3 8 2
773 16 8 1
774 8 21 2
775 23 12 1
776 2 18 1
777 7 9 2
778 7 24 1
779 20 15 1
780 4 0 2
781 24 22 2
782 18 10 1
783 15 6 1
784 3 23 2
785 23 24 2
786 8 22 2
787 18 6 2
788 21 19 2
789 3 12 2
790 19 6 1
791 10 1 2
792 11 15 1
793 17 10 2
794 7 13 1
795 22 2 1
796 18 4 1
797 13 1 1
798 14 13 1
799 3 21 2
800 22 4 1
801 23 6 1
802 11 3 1
803 8 0 2
804 3 8 2
805 6 2 2
806 7 19 1
807 2 8 1
808 1 15 2
809 17 5 1
810 15 6 2
811 10 3 1
812 16 18 1
813 18 8 1
814 13 22 2
815 11 24 2
816 17 22 1
817 0 23 1
818 20 18 1
819 21 8 1
820 5 7 1
821 23 5 1
822 6 4 2
823 14 1 2
824 7 19 1
825 1 3 1
826 11 20 2
827 21 13 1
828 22 2 1
829 15 12 1
830 5 11 1
831 17 5 2
832 3 2 1
833 6 2 1
834 13 3 2
835 7 22 1
836 8 22 2
837 14 5 1
838 14 13 1
839 19 14 2
840 10 8 1
841 23 24 1
842 6 12 2
843 12 24 2
844 2 18 1
845 22 4 1
846 7 23 1
847 17 15 2
848 20 18 1
849 1 16 1
850 17 7 1
851 7 1 1
852 7 17 1
853 10 16 1
854 8 10 1
855 5 1 2
856 15 6 1
857 7 22 1
858 16 4 2
859 2 13 1
860 23 24 2
861 14 5 2
862 10 0 1
863 24 0 1
864 24 21 1
865 23 0 1
866 10 5 1
867 2 22 1
868 15 3 2
869 17 20 2
870 1 20 1
871 23 4 2
872 10 12 1
873 16 20 2
874 24 9 2
875 5 2 1
876 19 21 2
877 9 15 1
878 4 5 2
879 16 19 1
880 10 12 2
881 1 16 2
882 14 0 1
883 19 1 1
884 21 8 1
885 12 11 2
886 2 11 2
887 16 4 2
888 12 18 1
889 7 13 1
890 8 16 1
891 10 11 1
892 11 9 1
893 18 12 1
894 17 22 1
895 20 15 1
896 13 6 1
897 13 19 2
898 19 11 1
899 24 19 1
900 4 2 1
901 8 1 1
902 12 8 1
903 17 16 1
904 8 20 2
905 20 5 2
906 15 7 1
907 12 22 1
908 16 20 1
909 12 8 1
910 4 21 1
911 4 22 2
912 19 21 2
913 23 5 2
914 13 9 1
915 0 7 2
916 24 22 1
917 11 23 2
918 6 3 2
919 24 8 1
920 14 1 2
921 9 20 2
922 5 11 2
923 24 9 1
924 5 12 1
925 23 21 2
926 10 17 1
927 9 6 1
928 21 2 2
929 12 9 2
930 8 9 1
931 24 7 1
932 11 7 1
933 8 10 1
934 14 19 1
935 21 22 2
936 1 9 1
937 9 7 1
938 6 24 2
939 6 16 2
940 18 10 1
941 12 23 1
942 4 3 1
943 3 22 2
944 16 14 1
945 17 1 1
946 7 18 1
947 20 21 1
948 15 6 1
949 12 20 2
950 7 1 2
951 1 23 1
952 2 24 2
953 24 10 2
954 3 14 2
955 24 17 1
956 0 5 1
957 0 18 1
958 10 24 2
959 3 17 1
960 19 16 1
961 7 22 2
962 10 15 2
963 8 23 2
964 19 3 2
965 0 19 1
966 12 11 2
967 4 1 1
968 9 19 1
969 3 16 2
970 3 17 2
971 7 12 2
972 10 0 1
973 24 13 1
974 5 23 1
975 6 19 1
976 2 7 2
977 8 10 2
978 13 2 1
979 8 1 2
980 4 16 2
981 23 1 2
982 20 0 2
983 7 15 2
984 13 23 1
985 16 22 1
986 3 23 1
987 13 24 1
988 1 6 1
989 16 6 2
990 12 19 1
991 24 0 2
992 4 21 2
993 2 10 1
994 3 5 1
995 8 10 2
996 1 13 1
997 13 18 1
998 15 20 2
999 13 24 1
1000 19 6 2
1001 9 23 1
1002 3 7 2
1003 17 0 2
1004 24 6 2
1005 9 7 2
1006 21 17 1
1007 13 1 1
1008 7 20 2
1009 19 23 1
1010 1 3 2
1011 14 22 1
1012 19 1 2
1013 18 22 1
1014 9 18 1
1015 0 22 2
1016 8 18 1
1017 12 24 2
1018 24 19 2
1019 24 21 2
1020 17 20 2
1021 2 16 2
1022 4 17 2
1023 18 12 1
1024 4 10 1
1025 9 0 2
1026 18 19 1
1027 5 6 1
1028 5 24 1
1029 9 24 1
1030 24 13 2
1031 18 17 1
1032 13 19 1
1033 17 15 1
1034 12 20 1
1035 14 24 2
1036 0 20 2
1037 5 23 1
1038 9 17 1
1039 16 19 1
1040 10 21 2
1041 20 7 1
1042 21 17 1
1043 9 0 2
1044 13 21 1
1045 4 22 2
1046 10 0 1
1047 12 18 2
1048 17 21 1
1049 13 21 2
1050 2 17 2
1051 18 12 2
1052 13 20 1
1053 6 0 2
1054 13 3 1
1055 24 6 2
1056 18 10 1
1057 8 6 2
1058 12 17 1
1059 7 18 2
1060 16 8 1
1061 0 5 2
1062 24 7 1
1063 0 21 2
1064 19 12 2
1065 2 1 1
1066 24 12 1
1067 2 21 1
1068 19 10 1
1069 1 2 2
1070 16 1 2
1071 2 9 1
1072 23 10 1
1073 14 13 1
1074 20 16 1
1075 18 14 2
1076 20 4 1
1077 23 11 1
1078 20 8 2
1079 0 15 2
1080 14 19 2
1081 12 5 1
1082 22 14 1
1083 23 12 2
1084 21 4 1
1085 11 0 1
1086 23 15 2
1087 12 1 1
1088 18 22 1
1089 24 8 1
1090 12 16 2
1091 2 6 1
1092 6 14 1
1093 2 4 2
1094 11 22 1
1095 6 11 2
1096 3 14 1
1097 14 0 1
1098 5 21 1
1099 2 19 1
1100 0 12 1
1101 7 24 2
1102 7 16 2
1103 4 14 2
1104 17 18 2
1105 12 3 1
1106 6 14 1
1107 21 17 2
1108 9 8 1
1109 23 5 2
1110 1 4 2
1111 9 16 1
1112 3 13 2
1113 9 1 1
1114 14 6 2
1115 3 12 2
1116 17 3 1
1117 14 23 2
1118 21 16 1
1119 5 2 1
1120 5 20 1
1121 15 18 1
1122 3 20 1
1123 8 16 2
1124 5 18 2
1125 23 15 2
1126 7 24 2
1127 7 17 1
1128 3 16 1
1129 17 21 2
1130 13 0 2
1131 7 18 2
1132 23 0 2
1133 22 18 2
1134 12 21 1
1135 14 15 1
1136 12 15 1
1137 12 16 1
1138 0 11 1
1139 12 17 1
1140 2 21 1
1141 5 7 2
1142 10 21 1
1143 2 12 2
1144 0 24 2
1145 17 14 1
1146 21 8 2
1147 18 4 1
1148 16 20 1
1149 2 18 1
1150 10 18 2
1151 14 24 1
1152 17 18 2
1153 7 13 2
1154 17 0 1
1155 4 1 2
1156 1 19 1
1157 21 17 2
1158 23 19 2
1159 16 9 1
1160 9 19 2
1161 23 19 1
1162 20 2 2
1163 11 14 2
1164 24 1 2
1165 2 11 1
1166 7 17 2
1167 14 12 2
1168 6 17 1
1169 0 19 2
1170 8 12 1
1171 19 2 2
1172 15 19 2
1173 12 17 1
1174 19 18 2
1175 16 15 1
1176 4 10 1
1177 15 23 1
1178 20 17 2
1179 21 16 1
1180 12 20 1
1181 21 20 1
1182 11 1 2
1183 0 21 2
1184 24 12 2
1185 23 19 2
1186 21 14 1
1187 0 21 1
1188 5 8 1
1189 24 23 2
1190 11 8 2
1191 5 16 2
1192 14 18 2
1193 6 4 2
1194 19 9 1
1195 20 7 1
1196 21 17 2
1197 12 7 1
1198 17 18 1
1199 10 12 1
1200 8 2 2
1201 5 17 2
1202 23 15 1
1203 10 12 1
1204 18 5 2
1205 18 7 1
1206 10 16 2
1207 3 7 1
1208 17 22 2
1209 11 0 2
1210 16 8 2
1211 17 10 1
1212 19 10 2
1213 24 21 2
1214 8 7 1
1215 6 9 1
1216 21 16 1
1217 3 15 2
1218 5 1 1
1219 16 22 2
1220 18 7 2
1221 1 2 2
1222 6 12 2
1223 2 10 2
1224 14 3 2
1225 10 6 1
1226 6 23 1
1227 11 19 1
1228 13 15 1
1229 7 13 2
1230 10 1 1
1231 19 8 1
1232 22 20 1
1233 9 24 1
1234 1 24 2
1235 5 14 2
1236 19 16 1
1237 22 18 2
1238 17 1 1
1239 24 15 1
1240 8 11 1
1241 7 16 2
1242 12 5 1
1243 10 17 2
1244 13 1 2
1245 24 18 2
1246 24 14 2
1247 8 9 1
1248 4 15 2
1249 16 10 2
1250 17 20 2
1251 23 18 2
1252 11 10 2
1253 5 16 1
1254 9 19 1
1255 2 22 2
1256 10 0 1
1257 0 1 1
1258 4 9 2
1259 20 7 1
1260 2 7 1
1261 20 3 2
1262 10 2 1
1263 0 10 2
1264 15 1 1
1265 20 13 1
1266 21 3 2
1267 9 16 2
1268 12 18 2
1269 4 15 1
1270 13 14 2
1271 23 9 2
1272 4 23 1
1273 4 11 1
1274 11 9 1
1275 2 16 1
1276 5 22 1
1277 23 4 1
1278 2 4 1
1279 19 4 1
1280 20 9 1
1281 1 12 1
1282 2 16 1
1283 13 8 2
1284 5 6 2
1285 11 0 1
1286 24 15 2
1287 16 22 1
1288 21 14 1
1289 5 11 2
1290 14 10 2
1291 23 11 2
1292 15 4 2
1293 4 18 1
1294 10 4 1
1295 16 24 2
1296 12 21 1
1297 23 3 2
1298 1 17 1
1299 22 14 1
1300 20 15 1
1301 2 14 1
1302 6 14 1
1303 18 20 1
1304 0 10 1
1305 5 4 1
1306 23 13 1
1307 3 23 2
1308 10 21 1
1309 20 9 1
1310 17 4 1
1311 5 10 2
1312 22 7 1
1313 10 17 2
1314 8 13 1
1315 15 23 2
1316 23 15 1
1317 5 12 2
1318 7 0 2
1319 8 18 2
1320 19 22 1
1321 5 14 2
1322 0 5 1
1323 14 2 1
1324 1 10 1
1325 21 19 2
1326 24 16 2
1327 23 3 1
1328 15 22 2
1329 4 18 1
1330 4 0 1
1331 4 11 2
1332 23 1 1
1333 5 1 1
1334 8 24 2
1335 19 21 2
1336 16 18 2
1337 11 21 1
1338 22 23 2
1339 21 16 2
1340 5 7 2
1341 1 24 1
1342 6 0 2
1343 9 7 2
1344 20 2 2
1345 3 14 1
1346 11 5 1
1347 23 18 1
1348 0 24 1
1349 20 18 1
1350 24 23 2
1351 21 0 1
1352 9 6 2
1353 8 20 1
1354 1 19 1
1355 0 18 2
1356 15 2 1
1357 21 18 2
1358 2 19 1
1359 4 12 1
1360 20 4 1
1361 3 6 1
1362 3 21 2
1363 13 14 1
1364 1 3 1
1365 3 12 2
1366 3 4 1
1367 1 3 1
1368 14 4 2
1369 21 23 2
1370 7 6 1
1371 1 9 1
1372 13 12 2
1373 6 17 1
1374 21 5 2
1375 20 21 2
1376 24 16 1
1377 4 24 2
1378 5 3 1
1379 9 0 2
1380 20 16 1
1381 10 0 2
1382 4 19 2
1383 12 4 1
1384 18 6 2
1385 11 23 2
1386 2 23 1
1387 6 22 2
1388 4 24 2
1389 0 24 1
1390 7 14 1
1391 4 8 1
1392 13 11 2
1393 17 11 2
1394 9 24 1
1395 6 0 2
1396 2 23 1
1397 0 4 2
1398 1 13 1
1399 11 19 1
1400 15 7 2
1401 8 1 1
1402 19 1 2
1403 23 2 2
1404 13 18 1
1405 13 7 1
1406 4 9 1
1407 10 8 1
1408 21 20 1
1409 7 22 2
1410 1 7 1
1411 3 0 2
1412 12 15 2
1413 11 13 2
1414 19 2 2
1415 14 18 2
1416 11 9 2
1417 5 7 2
1418 15 3 1
1419 8 14 2
1420 0 3 1
1421 17 1 1
1422 16 3 1
1423 6 0 2
1424 17 7 1
1425 14 12 2
1426 24 2 2
1427 5 13 1
1428 17 0 1
1429 23 21 2
1430 14 3 1
1431 18 0 1
1432 10 22 1
1433 14 2 1
1434 16 1 2
1435 14 3 1
1436 1 14 1
1437 10 2 1
1438 9 11 2
1439 15 9 1
1440 12 5 1
1441 22 6 1
1442 0 18 2
1443 5 11 2
1444 14 13 2
1445 19 8 2
1446 0 6 1
1447 17 0 2
1448 6 21 1
1449 19 12 1
1450 14 8 2
1451 12 13 1
1452 2 11 1
1453 16 7 1
1454 22 15 1
1455 1 8 2
1456 13 3 2
1457 10 20 1
1458 24 2 1
1459 1 14 2
1460 21 14 1
1461 8 1 1
1462 23 20 2
1463 18 7 1
1464 22 18 2
1465 18 0 2
1466 7 21 1
1467 10 5 1
1468 8 19 1
1469 18 9 2
1470 12 19 2
1471 20 7 1
1472 6 14 2
1473 21 3 2
1474 12 19 2
1475 3 13 2
1476 3 4 1
1477 15 9 1
1478 15 18 2
1479 7 5 2
1480 13 5 1
1481 23 22 2
1482 18 3 2
1483 0 2 2
1484 5 13 1
1485 0 6 2
1486 1 16 2
1487 17 5 1
1488 2 13 1
1489 5 21 1
1490 20 21 2
1491 3 17 1
1492 7 11 2
1493 4 3 1
1494 14 0 2
1495 21 16 1
1496 2 17 2
1497 8 9 1
1498 5 24 1
1499 14 11 1
