otherCase
0
1 4
2 2
3 34
4 4
5 5
6 2
7 5
8 8
9 8
10 24
11 2
12 25
13 42
14 14
15 24
16 14
17 2
18 24
19 4
20 24
21 2
22 5
23 14
24 24
25 25
26 5
27 5
28 5
29 2
30 30
31 14
32 14
33 2
34 34
35 2
36 4
37 2
38 8
39 2
40 5
41 8
42 42
43 43
44 44
45 30
46 4
47 5
48 4
49 2
1
0 4
2 4
3 3
4 4
5 14
6 3
7 3
8 9
9 9
10 12
11 12
12 12
13 15
14 14
15 15
16 12
17 15
18 21
19 3
20 9
21 21
22 9
23 12
24 4
25 25
26 3
27 27
28 28
29 3
30 9
31 9
32 32
33 3
34 34
35 9
36 4
37 12
38 9
39 4
40 40
41 21
42 21
43 3
44 3
45 12
46 46
47 34
48 4
49 49
2
0 0
1 4
3 6
4 4
5 0
6 6
7 6
8 0
9 21
10 6
11 11
12 6
13 17
14 0
15 6
16 37
17 17
18 6
19 4
20 21
21 21
22 29
23 42
24 24
25 0
26 6
27 11
28 37
29 29
30 0
31 21
32 6
33 33
34 0
35 35
36 4
37 37
38 11
39 39
40 6
41 6
42 42
43 0
44 0
45 21
46 4
47 6
48 4
49 49
3
0 34
1 1
2 6
4 1
5 7
6 6
7 7
8 19
9 1
10 6
11 1
12 1
13 7
14 1
15 1
16 34
17 29
18 6
19 19
20 44
21 1
22 29
23 7
24 26
25 1
26 26
27 1
28 1
29 29
30 26
31 19
32 1
33 33
34 34
35 7
36 7
37 7
38 19
39 7
40 40
41 6
42 33
43 43
44 44
45 7
46 46
47 6
48 6
49 1
4
0 0
1 1
2 2
3 1
5 0
6 6
7 6
8 0
9 1
10 6
11 2
12 1
13 33
14 14
15 1
16 14
17 2
18 6
19 19
20 24
21 1
22 14
23 14
24 24
25 0
26 6
27 1
28 1
29 2
30 0
31 14
32 1
33 33
34 0
35 2
36 36
37 2
38 19
39 39
40 1
41 6
42 0
43 0
44 0
45 0
46 46
47 6
48 48
49 1
5
0 0
1 14
2 0
3 7
4 0
6 7
7 7
8 8
9 8
10 17
11 14
12 25
13 7
14 14
15 17
16 14
17 17
18 22
19 8
20 44
21 17
22 22
23 7
24 0
25 25
26 26
27 27
28 28
29 14
30 0
31 14
32 7
33 27
34 0
35 7
36 7
37 37
38 8
39 7
40 40
41 7
42 0
43 43
44 44
45 7
46 22
47 47
48 7
49 7
6
0 2
1 3
2 2
3 3
4 4
5 7
7 7
8 41
9 14
10 10
11 2
12 12
13 7
14 14
15 15
16 10
17 2
18 18
19 3
20 12
21 21
22 14
23 7
24 2
25 12
26 26
27 10
28 10
29 29
30 10
31 14
32 32
33 2
34 3
35 2
36 4
37 2
38 12
39 2
40 40
41 41
42 2
43 3
44 3
45 7
46 46
47 47
48 48
49 49
7
0 5
1 3
2 6
3 3
4 6
5 5
6 6
8 5
9 26
10 6
11 32
12 6
13 13
14 5
15 6
16 37
17 5
18 6
19 3
20 13
21 6
22 5
23 23
24 26
25 5
26 26
27 5
28 5
29 3
30 26
31 35
32 32
33 3
34 3
35 35
36 36
37 37
38 23
39 39
40 3
41 41
42 13
43 3
44 3
45 45
46 3
47 5
48 48
49 49
8
0 0
1 9
2 0
3 19
4 0
5 5
6 41
7 5
9 9
10 30
11 25
12 25
13 42
14 0
15 25
16 47
17 5
18 42
19 19
20 9
21 9
22 5
23 38
24 0
25 25
26 5
27 5
28 5
29 19
30 30
31 9
32 25
33 30
34 0
35 9
36 19
37 5
38 38
39 25
40 5
41 41
42 42
43 0
44 0
45 30
46 25
47 47
48 9
49 38
9
0 8
1 1
2 21
3 1
4 1
5 8
6 14
7 26
8 8
10 26
11 14
12 1
13 20
14 14
15 1
16 14
17 21
18 21
19 8
20 20
21 21
22 22
23 14
24 20
25 1
26 26
27 1
28 1
29 14
30 30
31 31
32 1
33 21
34 1
35 35
36 14
37 14
38 38
39 14
40 1
41 8
42 8
43 43
44 20
45 20
46 1
47 8
48 48
49 1
10
0 24
1 12
2 6
3 6
4 6
5 17
6 6
7 6
8 30
9 26
11 11
12 12
13 17
14 6
15 6
16 16
17 17
18 6
19 27
20 12
21 6
22 16
23 12
24 24
25 11
26 26
27 27
28 28
29 29
30 30
31 29
32 32
33 27
34 16
35 35
36 30
37 37
38 11
39 16
40 40
41 6
42 42
43 32
44 29
45 12
46 46
47 47
48 6
49 6
11
0 2
1 12
2 2
3 2
4 2
5 14
6 2
7 32
8 25
9 14
10 10
12 12
13 15
14 14
15 15
16 10
17 2
18 2
19 14
20 12
21 2
22 14
23 12
24 2
25 25
26 10
27 27
28 10
29 2
30 10
31 14
32 32
33 2
34 27
35 2
36 14
37 2
38 38
39 2
40 10
41 41
42 2
43 14
44 2
45 12
46 10
47 10
48 12
49 2
12
0 25
1 1
2 6
3 1
4 1
5 25
6 6
7 6
8 25
9 1
10 10
11 11
13 20
14 1
15 1
16 16
17 10
18 6
19 35
20 20
21 1
22 16
23 23
24 10
25 25
26 6
27 1
28 1
29 6
30 10
31 35
32 1
33 38
34 1
35 35
36 37
37 37
38 38
39 16
40 1
41 6
42 10
43 37
44 20
45 45
46 46
47 6
48 48
49 1
13
0 42
1 15
2 17
3 7
4 33
5 7
6 7
7 7
8 42
9 20
10 17
11 15
12 20
14 22
15 15
16 18
17 17
18 18
19 29
20 20
21 17
22 22
23 23
24 15
25 15
26 7
27 15
28 28
29 29
30 22
31 29
32 32
33 33
34 23
35 7
36 36
37 7
38 23
39 7
40 23
41 7
42 42
43 43
44 20
45 7
46 46
47 47
48 48
49 7
14
0 0
1 1
2 0
3 1
4 4
5 5
6 6
7 5
8 0
9 9
10 6
11 11
12 1
13 22
15 1
16 16
17 5
18 6
19 19
20 9
21 1
22 22
23 23
24 0
25 0
26 5
27 27
28 1
29 29
30 30
31 31
32 32
33 4
34 0
35 35
36 36
37 37
38 9
39 39
40 40
41 6
42 0
43 43
44 0
45 23
46 1
47 5
48 48
49 1
15
0 24
1 1
2 6
3 1
4 1
5 17
6 6
7 6
8 25
9 1
10 6
11 11
12 1
13 13
14 1
16 27
17 17
18 6
19 27
20 13
21 1
22 13
23 13
24 24
25 25
26 6
27 27
28 28
29 6
30 27
31 39
32 1
33 13
34 1
35 25
36 13
37 25
38 11
39 39
40 1
41 6
42 13
43 13
44 1
45 1
46 1
47 6
48 6
49 49
16
0 14
1 12
2 37
3 34
4 14
5 14
6 10
7 37
8 47
9 14
10 10
11 10
12 12
13 18
14 14
15 27
17 10
18 18
19 14
20 20
21 18
22 22
23 12
24 10
25 12
26 10
27 27
28 28
29 10
30 10
31 14
32 10
33 18
34 34
35 10
36 14
37 37
38 12
39 39
40 10
41 22
42 10
43 14
44 20
45 12
46 10
47 47
48 12
49 28
17
0 2
1 15
2 2
3 29
4 2
5 5
6 2
7 5
8 5
9 21
10 10
11 2
12 10
13 13
14 5
15 15
16 10
18 13
19 21
20 13
21 21
22 5
23 13
24 2
25 5
26 5
27 27
28 5
29 29
30 10
31 21
32 10
33 2
34 21
35 2
36 13
37 2
38 2
39 2
40 5
41 21
42 2
43 5
44 5
45 21
46 10
47 47
48 13
49 2
18
0 24
1 21
2 6
3 6
4 6
5 22
6 6
7 6
8 42
9 21
10 6
11 6
12 6
13 13
14 6
15 6
16 16
17 13
19 21
20 13
21 21
22 22
23 13
24 24
25 21
26 26
27 16
28 28
29 6
30 21
31 21
32 6
33 33
34 16
35 22
36 36
37 37
38 24
39 16
40 6
41 6
42 42
43 13
44 21
45 21
46 6
47 6
48 48
49 6
19
0 4
1 3
2 4
3 3
4 4
5 8
6 3
7 3
8 8
9 8
10 27
11 14
12 35
13 29
14 14
15 27
16 14
17 21
18 21
20 21
21 21
22 14
23 14
24 4
25 8
26 3
27 27
28 27
29 29
30 8
31 31
32 14
33 3
34 3
35 35
36 36
37 37
38 38
39 4
40 3
41 41
42 8
43 3
44 44
45 21
46 3
47 47
48 4
49 29
20
0 24
1 9
2 21
3 44
4 24
5 44
6 12
7 13
8 9
9 9
10 12
11 12
12 12
13 13
14 9
15 13
16 16
17 13
18 13
19 21
21 21
22 9
23 12
24 24
25 12
26 9
27 16
28 13
29 13
30 9
31 9
32 13
33 13
34 16
35 35
36 13
37 12
38 9
39 16
40 35
41 21
42 13
43 9
44 44
45 45
46 12
47 13
48 9
49 35
21
0 2
1 1
2 2
3 1
4 1
5 17
6 6
7 6
8 9
9 9
10 6
11 2
12 1
13 17
14 1
15 1
16 18
17 17
18 18
19 19
20 20
22 9
23 34
24 24
25 25
26 26
27 1
28 1
29 2
30 30
31 31
32 1
33 33
34 34
35 2
36 18
37 37
38 9
39 2
40 1
41 41
42 42
43 9
44 44
45 45
46 1
47 6
48 48
49 1
22
0 5
1 9
2 29
3 29
4 14
5 5
6 14
7 5
8 5
9 9
10 16
11 14
12 16
13 13
14 14
15 13
16 16
17 5
18 18
19 14
20 9
21 9
23 23
24 18
25 5
26 5
27 5
28 5
29 29
30 30
31 9
32 13
33 13
34 16
35 35
36 13
37 5
38 9
39 14
40 5
41 41
42 42
43 43
44 5
45 23
46 46
47 5
48 9
49 29
23
0 14
1 12
2 42
3 7
4 14
5 7
6 7
7 7
8 38
9 14
10 12
11 12
12 12
13 13
14 14
15 13
16 12
17 13
18 13
19 14
20 12
21 34
22 22
24 38
25 12
26 7
27 14
28 13
29 13
30 14
31 14
32 7
33 13
34 34
35 7
36 7
37 7
38 38
39 7
40 40
41 7
42 42
43 13
44 44
45 45
46 12
47 13
48 7
49 7
24
0 0
1 4
2 2
3 26
4 4
5 0
6 2
7 26
8 0
9 20
10 10
11 2
12 10
13 15
14 0
15 15
16 10
17 2
18 18
19 4
20 20
21 21
22 18
23 38
25 0
26 26
27 27
28 10
29 29
30 0
31 21
32 32
33 2
34 0
35 2
36 4
37 2
38 38
39 2
40 10
41 41
42 0
43 0
44 0
45 20
46 46
47 10
48 4
49 2
25
0 0
1 1
2 0
3 1
4 0
5 5
6 12
7 5
8 8
9 1
10 11
11 11
12 12
13 15
14 0
15 15
16 12
17 5
18 21
19 8
20 12
21 21
22 5
23 12
24 0
26 5
27 27
28 1
29 0
30 0
31 21
32 32
33 21
34 0
35 35
36 32
37 37
38 8
39 39
40 1
41 41
42 0
43 0
44 0
45 12
46 46
47 5
48 48
49 1
26
0 5
1 3
2 6
3 3
4 6
5 5
6 6
7 7
8 5
9 9
10 10
11 10
12 6
13 7
14 5
15 6
16 10
17 5
18 18
19 3
20 9
21 21
22 5
23 7
24 24
25 5
27 5
28 5
29 3
30 30
31 9
32 6
33 3
34 3
35 7
36 7
37 5
38 9
39 39
40 3
41 41
42 10
43 3
44 3
45 45
46 3
47 5
48 6
49 6
27
0 5
1 1
2 11
3 1
4 1
5 5
6 10
7 5
8 5
9 1
10 10
11 11
12 1
13 15
14 14
15 15
16 16
17 17
18 16
19 19
20 16
21 1
22 5
23 14
24 24
25 25
26 5
28 28
29 10
30 30
31 14
32 1
33 33
34 34
35 35
36 14
37 5
38 11
39 39
40 40
41 11
42 10
43 5
44 5
45 30
46 1
47 5
48 14
49 1
28
0 5
1 1
2 37
3 1
4 1
5 5
6 10
7 5
8 5
9 1
10 10
11 10
12 1
13 13
14 1
15 15
16 16
17 5
18 18
19 27
20 13
21 1
22 5
23 13
24 10
25 1
26 5
27 27
29 10
30 10
31 42
32 1
33 13
34 1
35 10
36 13
37 37
38 38
39 15
40 1
41 41
42 42
43 5
44 5
45 38
46 1
47 5
48 13
49 49
29
0 2
1 3
2 2
3 3
4 2
5 14
6 6
7 3
8 19
9 14
10 10
11 2
12 6
13 13
14 14
15 6
16 10
17 17
18 6
19 19
20 13
21 2
22 22
23 13
24 24
25 2
26 3
27 10
28 10
30 10
31 31
32 6
33 2
34 3
35 2
36 13
37 2
38 19
39 2
40 3
41 6
42 2
43 3
44 44
45 44
46 3
47 6
48 6
49 49
30
0 0
1 9
2 0
3 26
4 0
5 0
6 10
7 26
8 8
9 9
10 10
11 10
12 10
13 22
14 14
15 27
16 10
17 10
18 21
19 8
20 9
21 21
22 22
23 14
24 0
25 0
26 26
27 27
28 10
29 10
31 31
32 10
33 33
34 34
35 9
36 36
37 10
38 8
39 14
40 10
41 8
42 0
43 0
44 0
45 45
46 10
47 47
48 9
49 0
31
0 14
1 9
2 21
3 19
4 14
5 14
6 14
7 35
8 9
9 9
10 29
11 14
12 35
13 29
14 14
15 39
16 14
17 21
18 21
19 19
20 9
21 21
22 9
23 14
24 21
25 21
26 9
27 14
28 42
29 29
30 30
32 14
33 21
34 21
35 35
36 14
37 14
38 9
39 39
40 14
41 19
42 42
43 43
44 44
45 21
46 43
47 19
48 9
49 29
32
0 14
1 1
2 6
3 1
4 1
5 7
6 6
7 7
8 25
9 1
10 10
11 11
12 1
13 13
14 14
15 1
16 10
17 10
18 6
19 14
20 13
21 1
22 13
23 7
24 24
25 25
26 6
27 1
28 1
29 6
30 10
31 14
33 13
34 34
35 7
36 36
37 37
38 11
39 7
40 1
41 6
42 42
43 43
44 42
45 7
46 46
47 6
48 6
49 49
33
0 2
1 3
2 2
3 3
4 4
5 27
6 2
7 3
8 30
9 21
10 27
11 2
12 38
13 13
14 4
15 13
16 18
17 2
18 18
19 3
20 13
21 21
22 13
23 13
24 2
25 21
26 3
27 27
28 13
29 2
30 30
31 21
32 13
34 3
35 2
36 36
37 2
38 38
39 2
40 3
41 21
42 42
43 3
44 44
45 21
46 3
47 47
48 4
49 2
34
0 0
1 1
2 0
3 3
4 0
5 0
6 3
7 3
8 0
9 1
10 16
11 27
12 1
13 23
14 0
15 1
16 16
17 21
18 16
19 3
20 16
21 21
22 16
23 23
24 0
25 0
26 3
27 27
28 1
29 3
30 30
31 21
32 32
33 3
35 27
36 30
37 16
38 23
39 16
40 1
41 21
42 0
43 0
44 0
45 45
46 1
47 47
48 21
49 1
35
0 2
1 9
2 2
3 7
4 2
5 7
6 2
7 7
8 9
9 9
10 10
11 2
12 12
13 7
14 14
15 25
16 10
17 2
18 22
19 19
20 20
21 2
22 22
23 7
24 2
25 25
26 7
27 27
28 10
29 2
30 9
31 31
32 7
33 2
34 27
36 7
37 2
38 9
39 2
40 40
41 7
42 2
43 9
44 44
45 7
46 10
47 10
48 7
49 49
36
0 4
1 4
2 4
3 7
4 4
5 7
6 4
7 7
8 19
9 14
10 30
11 14
12 37
13 13
14 14
15 13
16 14
17 13
18 18
19 19
20 13
21 18
22 13
23 7
24 4
25 32
26 7
27 14
28 13
29 13
30 30
31 14
32 32
33 33
34 30
35 7
37 37
38 19
39 4
40 14
41 7
42 13
43 13
44 19
45 7
46 4
47 13
48 4
49 7
37
0 2
1 12
2 2
3 7
4 2
5 5
6 2
7 7
8 5
9 14
10 10
11 2
12 12
13 7
14 14
15 25
16 16
17 2
18 18
19 19
20 12
21 21
22 5
23 7
24 2
25 25
26 5
27 5
28 28
29 2
30 10
31 14
32 32
33 2
34 16
35 2
36 36
38 12
39 2
40 5
41 7
42 2
43 43
44 5
45 7
46 10
47 47
48 48
49 49
38
0 8
1 9
2 11
3 19
4 19
5 8
6 12
7 23
8 8
9 9
10 11
11 11
12 12
13 23
14 9
15 11
16 12
17 8
18 24
19 19
20 9
21 9
22 9
23 23
24 24
25 8
26 9
27 11
28 28
29 19
30 8
31 9
32 11
33 33
34 23
35 9
36 19
37 12
39 40
40 40
41 41
42 8
43 43
44 19
45 45
46 46
47 8
48 9
49 49
39
0 2
1 4
2 2
3 7
4 4
5 7
6 2
7 7
8 25
9 14
10 16
11 2
12 16
13 7
14 14
15 15
16 16
17 2
18 16
19 4
20 16
21 2
22 14
23 7
24 2
25 25
26 26
27 27
28 15
29 2
30 14
31 31
32 7
33 2
34 16
35 2
36 4
37 2
38 40
40 40
41 41
42 2
43 43
44 31
45 7
46 4
47 16
48 4
49 49
40
0 5
1 1
2 6
3 3
4 1
5 5
6 6
7 3
8 5
9 1
10 10
11 10
12 1
13 23
14 14
15 1
16 10
17 5
18 6
19 3
20 35
21 1
22 5
23 23
24 10
25 1
26 3
27 27
28 1
29 3
30 10
31 14
32 1
33 3
34 1
35 35
36 14
37 5
38 38
39 39
41 6
42 10
43 3
44 3
45 23
46 1
47 47
48 6
49 49
41
0 8
1 21
2 6
3 6
4 6
5 7
6 6
7 7
8 8
9 8
10 6
11 11
12 6
13 7
14 6
15 6
16 22
17 21
18 6
19 19
20 21
21 21
22 22
23 7
24 24
25 25
26 26
27 11
28 28
29 6
30 8
31 19
32 6
33 21
34 21
35 7
36 7
37 7
38 38
39 39
40 6
42 8
43 43
44 19
45 7
46 46
47 6
48 6
49 6
42
0 0
1 21
2 2
3 33
4 0
5 0
6 2
7 13
8 8
9 8
10 10
11 2
12 10
13 13
14 0
15 13
16 10
17 2
18 18
19 8
20 13
21 21
22 22
23 23
24 0
25 0
26 10
27 10
28 28
29 2
30 0
31 31
32 32
33 33
34 0
35 2
36 13
37 2
38 8
39 2
40 10
41 8
43 0
44 44
45 21
46 10
47 8
48 13
49 2
43
0 0
1 3
2 0
3 3
4 0
5 5
6 3
7 3
8 0
9 9
10 32
11 14
12 37
13 13
14 14
15 13
16 14
17 5
18 13
19 3
20 9
21 9
22 22
23 13
24 0
25 0
26 3
27 5
28 5
29 3
30 0
31 31
32 32
33 3
34 0
35 9
36 13
37 37
38 38
39 39
40 3
41 41
42 0
44 0
45 45
46 46
47 5
48 9
49 32
44
0 0
1 3
2 0
3 3
4 0
5 5
6 3
7 3
8 0
9 20
10 29
11 0
12 20
13 20
14 0
15 0
16 20
17 5
18 21
19 19
20 20
21 21
22 5
23 23
24 0
25 0
26 3
27 5
28 5
29 29
30 0
31 31
32 42
33 33
34 0
35 35
36 19
37 5
38 19
39 31
40 3
41 19
42 42
43 0
45 45
46 3
47 5
48 21
49 29
45
0 30
1 12
2 21
3 7
4 7
5 7
6 7
7 7
8 30
9 20
10 12
11 12
12 12
13 7
14 23
15 7
16 12
17 21
18 21
19 21
20 20
21 21
22 23
23 23
24 20
25 12
26 26
27 30
28 38
29 44
30 30
31 21
32 7
33 21
34 34
35 7
36 7
37 7
38 38
39 7
40 23
41 7
42 21
43 43
44 44
46 12
47 30
48 7
49 7
46
0 4
1 1
2 4
3 3
4 4
5 22
6 6
7 3
8 25
9 1
10 10
11 10
12 12
13 13
14 1
15 1
16 10
17 10
18 6
19 3
20 12
21 1
22 22
23 12
24 24
25 25
26 3
27 1
28 1
29 3
30 10
31 43
32 32
33 3
34 1
35 10
36 4
37 10
38 38
39 4
40 1
41 41
42 10
43 43
44 3
45 12
47 6
48 4
49 49
47
0 5
1 34
2 6
3 6
4 6
5 5
6 6
7 5
8 8
9 8
10 10
11 10
12 6
13 13
14 5
15 6
16 16
17 17
18 6
19 19
20 13
21 6
22 5
23 13
24 10
25 5
26 5
27 5
28 5
29 6
30 30
31 19
32 6
33 33
34 34
35 10
36 13
37 37
38 8
39 16
40 40
41 6
42 8
43 5
44 5
45 30
46 6
48 6
49 6
48
0 4
1 4
2 4
3 6
4 4
5 7
6 6
7 7
8 9
9 9
10 6
11 12
12 12
13 13
14 14
15 6
16 12
17 13
18 18
19 4
20 9
21 21
22 9
23 7
24 4
25 25
26 6
27 14
28 13
29 6
30 9
31 9
32 6
33 4
34 21
35 7
36 4
37 37
38 9
39 4
40 6
41 6
42 13
43 9
44 21
45 7
46 4
47 6
49 6
49
0 2
1 1
2 2
3 1
4 1
5 7
6 6
7 7
8 38
9 1
10 6
11 2
12 1
13 7
14 1
15 15
16 28
17 2
18 6
19 29
20 35
21 1
22 29
23 7
24 2
25 1
26 6
27 1
28 28
29 29
30 1
31 29
32 32
33 2
34 1
35 35
36 7
37 37
38 38
39 39
40 40
41 6
42 2
43 32
44 29
45 7
46 46
47 6
48 6
133
0
41 3
1
13 23
2
12 10
3
25 45
5
21 26
6
35 46
7
0 2
8
48 33
9
32 25
10
2 10
11
19 1
15
41 25
16
47 17
18
45 48
22
37 25
23
38 19
24
27 32
26
29 12
27
16 41
28
30 24
29
27 5
32
34 32
34
46 25
38
49 14
39
23 30
43
10 13
45
9 25
46
30 33
49
16 26
54
13 48
56
20 41
58
30 32
59
47 46
61
4 24
63
33 47
69
25 0
71
46 43
77
33 38
81
45 30
82
20 26
83
9 30
85
12 44
86
34 29
90
35 14
91
40 0
96
41 42
97
4 37
99
17 11
100
36 6
102
49 24
107
14 13
108
39 9
115
35 25
117
20 33
121
28 31
122
16 43
126
22 46
129
11 47
130
12 28
132
37 19
133
6 23
139
40 3
147
11 8
148
26 7
151
34 17
152
41 39
154
20 45
157
42 3
162
32 26
163
40 47
165
22 7
171
40 1
176
8 19
181
12 11
194
17 5
195
49 13
196
13 29
198
42 40
199
30 8
205
26 30
217
14 48
230
15 13
235
35 43
240
48 8
246
38 11
249
48 25
251
31 12
254
41 11
255
9 18
260
29 5
262
36 32
264
31 41
265
25 27
266
19 27
273
43 5
275
37 16
276
32 39
277
29 27
283
18 49
289
25 15
294
44 39
296
29 2
298
9 38
299
40 6
300
32 46
312
32 42
317
17 29
318
40 20
322
45 38
323
37 26
329
34 44
331
42 36
332
35 22
337
37 10
355
18 28
360
41 26
364
46 26
365
20 39
369
38 41
371
23 46
380
46 4
384
45 34
392
28 27
394
48 37
398
13 16
414
38 18
428
4 21
431
49 46
433
31 29
436
42 2
440
36 33
444
45 29
465
16 34
1562
