64 112 6400 3
0 0 8 20
1 0 1 18
2 1 9 19
3 1 2 16
4 2 10 20
5 2 3 17
6 3 11 16
7 3 4 16
8 4 12 18
9 4 5 20
10 5 13 16
11 5 6 19
12 6 14 19
13 6 7 18
14 7 15 19
15 8 16 16
16 8 9 17
17 9 17 17
18 9 10 19
19 10 18 20
20 10 11 16
21 11 19 18
22 11 12 20
23 12 20 19
24 12 13 16
25 13 21 16
26 13 14 17
27 14 22 20
28 14 15 19
29 15 23 20
30 16 24 18
31 16 17 17
32 17 25 20
33 17 18 19
34 18 26 20
35 18 19 20
36 19 27 17
37 19 20 19
38 20 28 19
39 20 21 20
40 21 29 19
41 21 22 16
42 22 30 18
43 22 23 16
44 23 31 20
45 24 32 18
46 24 25 17
47 25 33 16
48 25 26 18
49 26 34 16
50 26 27 20
51 27 35 19
52 27 28 16
53 28 36 18
54 28 29 19
55 29 37 16
56 29 30 19
57 30 38 20
58 30 31 17
59 31 39 17
60 32 40 19
61 32 33 18
62 33 41 20
63 33 34 20
64 34 42 17
65 34 35 18
66 35 43 19
67 35 36 18
68 36 44 16
69 36 37 19
70 37 45 20
71 37 38 19
72 38 46 17
73 38 39 18
74 39 47 16
75 40 48 20
76 40 41 19
77 41 49 18
78 41 42 20
79 42 50 19
80 42 43 19
81 43 51 20
82 43 44 17
83 44 52 18
84 44 45 20
85 45 53 19
86 45 46 16
87 46 54 18
88 46 47 19
89 47 55 20
90 48 56 18
91 48 49 17
92 49 57 16
93 49 50 19
94 50 58 16
95 50 51 17
96 51 59 20
97 51 52 18
98 52 60 16
99 52 53 19
100 53 61 17
101 53 54 17
102 54 62 18
103 54 55 20
104 55 63 17
105 56 57 19
106 57 58 18
107 58 59 20
108 59 60 20
109 60 61 17
110 61 62 16
111 62 63 20
0 28 34 14
1 51 29 15
2 5 55 8
3 33 50 13
4 19 56 15
5 8 54 6
6 8 11 10
7 9 27 7
8 31 45 16
9 20 26 17
10 52 13 9
11 27 60 17
12 52 0 11
13 23 31 6
14 32 41 14
15 12 51 11
16 2 21 11
17 35 38 13
18 18 33 7
19 12 54 11
20 4 24 17
21 37 35 6
22 53 51 7
23 60 61 17
24 8 16 17
25 33 5 14
26 0 51 13
27 18 12 10
28 10 56 10
29 52 13 18
30 28 41 15
31 23 50 16
32 48 33 14
33 54 31 17
34 50 56 10
35 48 39 17
36 11 41 11
37 33 40 18
38 6 14 7
39 17 23 6
40 61 46 9
41 48 5 11
42 14 9 13
43 10 54 16
44 7 29 15
45 50 26 12
46 40 31 12
47 16 12 14
48 33 41 11
49 7 48 13
50 0 6 6
51 38 17 10
52 32 22 6
53 37 48 12
54 35 55 12
55 63 52 6
56 41 55 10
57 20 1 18
58 39 40 12
59 46 62 18
60 56 43 14
61 3 57 18
62 39 40 9
63 24 3 12
64 16 31 18
65 47 33 18
66 51 48 18
67 16 23 18
68 53 43 17
69 37 6 7
70 50 42 15
71 44 29 6
72 1 54 8
73 23 15 8
74 19 37 8
75 57 54 13
76 60 39 12
77 17 40 15
78 8 49 6
79 13 10 8
80 35 12 7
81 47 32 14
82 49 7 6
83 1 13 13
84 50 61 17
85 63 16 9
86 10 22 15
87 45 56 18
88 1 34 13
89 17 52 18
90 33 21 16
91 54 9 8
92 14 21 6
93 26 32 9
94 61 43 9
95 55 44 17
96 49 6 13
97 44 21 11
98 33 22 10
99 16 15 16
100 29 41 10
101 46 34 6
102 4 54 10
103 39 47 10
104 59 43 17
105 18 25 7
106 14 17 9
107 19 57 10
108 62 10 13
109 56 50 18
110 26 31 16
111 37 21 13
112 21 3 9
113 48 21 7
114 60 45 17
115 1 7 18
116 8 49 9
117 5 32 11
118 24 4 12
119 29 41 17
120 18 34 15
121 29 42 9
122 39 1 6
123 13 8 17
124 50 56 13
125 36 8 12
126 44 22 10
127 32 46 10
128 33 54 6
129 26 46 17
130 8 60 15
131 27 57 17
132 13 1 16
133 41 30 16
134 15 18 14
135 58 32 14
136 49 54 15
137 19 7 10
138 40 61 15
139 17 61 7
140 35 57 16
141 17 32 12
142 29 4 18
143 11 48 17
144 32 22 10
145 16 26 14
146 28 57 8
147 30 13 8
148 14 63 6
149 50 20 15
150 26 22 14
151 6 27 8
152 18 15 6
153 14 1 8
154 29 22 6
155 2 8 17
156 49 59 12
157 48 14 6
158 3 61 17
159 49 15 6
160 10 37 9
161 47 49 18
162 11 36 6
163 30 37 11
164 31 10 15
165 6 61 10
166 53 17 9
167 40 39 12
168 40 12 6
169 0 25 17
170 2 58 18
171 51 23 6
172 47 35 11
173 48 56 7
174 42 2 17
175 5 55 12
176 49 54 10
177 11 9 6
178 50 47 10
179 11 28 10
180 0 57 14
181 41 12 12
182 34 60 6
183 1 47 18
184 24 55 12
185 25 37 14
186 18 48 14
187 51 20 12
188 58 1 14
189 29 55 14
190 15 60 14
191 62 9 11
192 3 47 18
193 54 23 11
194 58 9 15
195 58 48 6
196 30 16 6
197 11 16 12
198 45 58 16
199 23 48 6
200 38 10 14
201 0 47 8
202 9 59 11
203 42 40 7
204 58 62 13
205 37 11 16
206 17 62 10
207 49 23 18
208 9 12 14
209 18 35 7
210 51 17 12
211 34 22 8
212 18 61 11
213 9 57 6
214 33 46 10
215 16 13 14
216 44 37 11
217 62 5 11
218 55 16 6
219 18 16 11
220 63 0 17
221 2 6 7
222 51 28 17
223 43 52 10
224 6 58 8
225 27 17 10
226 60 22 14
227 20 41 17
228 35 0 6
229 11 62 14
230 23 20 17
231 33 57 9
232 11 17 12
233 9 49 14
234 47 0 13
235 8 7 18
236 44 7 7
237 14 47 6
238 22 59 18
239 13 11 11
240 23 54 7
241 5 46 9
242 56 6 15
243 17 25 6
244 4 59 7
245 55 40 16
246 1 0 13
247 32 11 14
248 39 41 17
249 37 29 18
250 18 59 12
251 27 52 11
252 16 32 10
253 60 14 12
254 11 18 13
255 25 39 18
256 10 27 18
257 9 4 10
258 42 5 8
259 45 51 9
260 23 8 13
261 37 27 18
262 46 56 10
263 30 43 8
264 53 7 12
265 34 55 6
266 54 57 9
267 28 32 10
268 24 38 8
269 40 29 12
270 38 51 8
271 6 42 11
272 6 57 13
273 35 6 12
274 46 57 15
275 42 45 7
276 46 50 8
277 26 23 17
278 1 4 14
279 42 41 7
280 5 63 16
281 39 3 16
282 13 29 7
283 10 12 13
284 49 12 15
285 2 18 11
286 37 56 16
287 49 6 16
288 22 21 16
289 3 51 17
290 47 29 11
291 34 10 16
292 22 0 7
293 17 23 13
294 40 45 6
295 1 20 12
296 6 10 11
297 14 43 9
298 23 44 18
299 33 56 16
300 43 4 13
301 36 5 13
302 12 56 17
303 24 16 13
304 6 45 17
305 46 3 9
306 8 6 6
307 50 36 16
308 27 38 18
309 1 26 17
310 15 0 10
311 44 16 6
312 27 54 6
313 36 8 7
314 38 12 9
315 43 22 14
316 45 44 18
317 31 47 16
318 43 18 6
319 46 49 7
320 4 7 12
321 62 1 16
322 2 50 15
323 54 7 7
324 49 56 13
325 33 5 18
326 30 61 14
327 34 16 17
328 27 24 15
329 36 39 15
330 47 28 6
331 0 50 13
332 58 48 18
333 20 42 11
334 1 27 8
335 44 1 7
336 63 27 12
337 40 32 8
338 50 23 10
339 13 58 14
340 32 23 15
341 7 23 16
342 19 28 18
343 28 39 11
344 12 8 6
345 4 5 16
346 53 5 11
347 31 0 16
348 52 32 9
349 1 19 7
350 11 49 12
351 56 28 18
352 17 0 10
353 42 58 11
354 57 41 15
355 23 11 8
356 54 39 8
357 50 5 9
358 30 53 16
359 22 1 17
360 18 58 11
361 45 23 7
362 32 59 13
363 3 16 6
364 56 14 7
365 44 20 9
366 0 23 9
367 55 21 7
368 21 8 11
369 15 62 17
370 0 46 15
371 12 55 7
372 14 55 9
373 47 42 14
374 10 40 15
375 59 60 8
376 12 48 14
377 5 6 18
378 43 30 13
379 27 8 14
380 48 19 14
381 61 22 18
382 35 42 10
383 6 12 14
384 17 21 17
385 61 20 6
386 6 22 14
387 27 37 14
388 16 29 8
389 19 7 10
390 11 35 10
391 62 35 16
392 27 16 17
393 14 8 12
394 46 25 17
395 1 16 17
396 1 16 6
397 26 6 10
398 19 28 8
399 16 56 13
400 45 16 17
401 13 31 11
402 24 5 18
403 16 11 12
404 42 6 12
405 32 50 9
406 0 7 11
407 29 56 13
408 58 45 12
409 12 28 8
410 9 2 16
411 20 11 12
412 9 60 10
413 48 5 8
414 27 15 18
415 3 33 9
416 35 8 15
417 49 50 8
418 19 10 18
419 25 15 12
420 62 1 14
421 7 46 12
422 47 53 12
423 58 5 12
424 29 50 8
425 10 50 11
426 46 7 10
427 36 32 10
428 4 56 12
429 50 25 16
430 39 24 17
431 28 53 11
432 1 38 16
433 48 21 13
434 24 16 8
435 49 17 12
436 15 11 10
437 18 32 9
438 52 17 17
439 43 41 10
440 19 12 16
441 5 63 15
442 12 52 8
443 30 39 17
444 10 48 10
445 28 25 14
446 43 30 8
447 36 58 8
448 46 7 11
449 30 28 9
450 33 25 6
451 30 9 7
452 46 63 12
453 3 47 17
454 34 47 13
455 49 34 13
456 42 58 12
457 34 42 9
458 46 30 12
459 47 60 10
460 50 49 17
461 48 8 12
462 26 35 8
463 10 22 11
464 36 47 6
465 1 42 15
466 39 11 11
467 23 51 15
468 18 41 18
469 47 48 12
470 38 57 8
471 14 30 6
472 58 35 8
473 30 47 18
474 15 34 8
475 49 15 10
476 6 33 16
477 25 31 18
478 20 53 7
479 38 40 10
480 27 7 13
481 52 28 16
482 58 28 7
483 2 3 14
484 15 63 14
485 45 21 8
486 15 10 11
487 57 11 14
488 35 40 8
489 26 46 16
490 35 22 12
491 58 33 10
492 63 6 7
493 63 24 16
494 20 3 17
495 52 43 17
496 18 28 13
497 59 57 8
498 55 51 16
499 41 52 9
500 24 59 6
501 14 35 6
502 5 45 8
503 56 8 6
504 47 41 16
505 5 4 6
506 19 61 16
507 22 16 7
508 39 23 11
509 59 24 7
510 54 3 15
511 38 29 15
512 15 27 18
513 50 11 13
514 21 4 9
515 15 25 12
516 44 19 14
517 50 22 17
518 3 23 15
519 62 31 11
520 16 47 15
521 45 27 9
522 18 21 8
523 56 29 17
524 24 22 6
525 36 46 13
526 28 45 9
527 16 29 12
528 54 11 14
529 44 4 13
530 50 11 6
531 58 5 14
532 23 49 15
533 63 15 18
534 20 25 12
535 4 12 6
536 62 15 8
537 50 12 11
538 28 23 17
539 11 63 16
540 55 33 14
541 33 51 13
542 25 41 13
543 33 16 8
544 26 27 17
545 19 18 8
546 2 13 18
547 37 32 8
548 44 19 17
549 23 22 17
550 45 51 6
551 48 23 15
552 43 27 11
553 6 49 9
554 61 31 7
555 14 7 10
556 50 62 10
557 13 30 6
558 62 40 9
559 39 15 16
560 41 19 6
561 9 28 18
562 49 22 12
563 7 36 16
564 51 29 15
565 60 46 12
566 8 40 17
567 35 60 6
568 46 40 10
569 9 22 16
570 8 47 7
571 54 34 7
572 9 43 11
573 54 34 6
574 11 48 15
575 27 41 13
576 63 45 18
577 23 7 13
578 0 17 6
579 32 21 12
580 20 1 7
581 63 12 8
582 11 19 10
583 9 25 15
584 31 55 15
585 51 59 14
586 58 51 6
587 60 27 7
588 21 54 13
589 61 29 7
590 23 16 13
591 49 3 13
592 43 60 16
593 53 45 9
594 26 39 9
595 14 11 16
596 48 42 10
597 24 3 14
598 42 23 9
599 15 18 6
600 20 15 15
601 8 45 6
602 44 62 18
603 48 34 10
604 58 36 13
605 0 6 6
606 17 53 14
607 59 50 10
608 39 55 13
609 51 38 15
610 57 39 7
611 53 25 12
612 44 54 17
613 4 32 11
614 4 2 12
615 31 45 11
616 28 60 9
617 4 49 10
618 54 23 13
619 56 10 7
620 45 17 15
621 48 28 11
622 26 6 17
623 47 59 17
624 1 22 11
625 44 14 8
626 20 59 12
627 26 54 10
628 30 10 11
629 37 42 15
630 50 44 10
631 52 55 9
632 38 42 18
633 33 37 17
634 28 39 17
635 32 9 18
636 39 15 12
637 31 33 10
638 57 36 9
639 34 52 10
640 2 21 8
641 28 6 15
642 42 53 8
643 61 27 15
644 34 12 9
645 20 13 6
646 57 16 6
647 22 14 13
648 5 61 11
649 38 44 9
650 36 52 11
651 43 60 18
652 16 4 9
653 1 5 10
654 35 55 10
655 48 8 8
656 28 6 6
657 18 45 7
658 17 14 9
659 59 42 12
660 45 50 9
661 42 43 16
662 60 0 14
663 55 10 15
664 27 8 10
665 46 38 9
666 33 41 12
667 49 28 7
668 9 28 14
669 47 6 9
670 37 23 9
671 52 20 16
672 17 4 9
673 24 39 13
674 37 23 10
675 52 26 16
676 13 2 10
677 29 57 17
678 53 50 18
679 3 4 14
680 40 18 15
681 35 48 18
682 6 19 18
683 11 62 13
684 36 8 13
685 33 24 6
686 38 26 11
687 7 19 9
688 46 6 8
689 20 35 12
690 50 43 8
691 57 43 17
692 20 25 9
693 17 19 15
694 29 1 8
695 2 17 11
696 51 13 9
697 26 1 9
698 2 28 9
699 32 52 13
700 56 8 17
701 15 54 18
702 58 46 6
703 56 54 8
704 61 44 18
705 40 31 17
706 7 22 10
707 47 26 6
708 10 22 9
709 33 62 8
710 30 3 9
711 34 16 6
712 16 37 13
713 8 2 7
714 58 20 8
715 16 37 6
716 47 7 13
717 52 33 16
718 59 13 13
719 63 41 10
720 52 13 15
721 23 33 6
722 49 46 16
723 29 56 8
724 60 18 11
725 8 23 8
726 40 5 18
727 43 49 12
728 36 32 14
729 18 31 13
730 31 24 13
731 9 23 7
732 16 10 7
733 6 15 14
734 58 5 9
735 44 53 18
736 6 9 13
737 6 62 10
738 4 28 15
739 19 45 7
740 32 45 8
741 40 14 13
742 13 22 8
743 18 63 12
744 32 31 9
745 58 23 8
746 2 46 10
747 19 18 7
748 48 22 12
749 41 33 15
750 48 24 9
751 0 25 9
752 37 38 13
753 2 39 14
754 63 42 6
755 34 59 6
756 21 1 11
757 48 44 7
758 40 24 18
759 57 63 10
760 23 50 12
761 26 20 15
762 40 53 9
763 34 23 13
764 63 60 11
765 21 20 11
766 19 2 12
767 10 51 11
768 10 18 18
769 17 3 16
770 47 20 8
771 36 14 7
772 41 52 9
773 5 19 15
774 40 51 9
775 55 31 13
776 19 52 8
777 37 23 6
778 55 48 7
779 42 33 15
780 3 43 7
781 24 26 17
782 13 28 16
783 5 34 15
784 28 20 7
785 10 22 8
786 12 22 18
787 9 47 17
788 37 14 17
789 47 19 12
790 53 63 12
791 38 1 7
792 14 41 10
793 7 49 10
794 39 17 16
795 0 5 18
796 49 22 15
797 63 56 16
798 61 31 11
799 41 49 16
800 51 36 12
801 39 15 15
802 55 16 9
803 37 23 7
804 18 55 18
805 18 22 7
806 24 23 6
807 39 8 6
808 36 20 15
809 32 27 18
810 14 36 17
811 62 14 7
812 60 57 8
813 52 35 15
814 12 20 14
815 25 14 17
816 2 7 9
817 55 54 12
818 2 21 17
819 0 7 6
820 44 25 17
821 20 43 9
822 50 24 7
823 0 41 16
824 5 41 18
825 22 34 9
826 30 0 11
827 20 53 18
828 21 7 6
829 57 50 14
830 55 20 13
831 55 31 9
832 22 26 14
833 49 26 9
834 61 52 17
835 10 43 16
836 14 51 8
837 50 58 7
838 31 55 14
839 39 13 6
840 9 24 8
841 20 25 9
842 19 12 16
843 28 44 8
844 59 8 14
845 61 41 17
846 2 51 13
847 63 49 7
848 5 54 18
849 47 21 6
850 12 34 9
851 9 16 13
852 56 52 7
853 58 14 11
854 53 31 14
855 38 44 16
856 63 22 17
857 2 19 17
858 50 48 11
859 51 49 18
860 21 45 15
861 12 17 11
862 57 26 10
863 20 43 11
864 28 34 16
865 55 1 18
866 56 38 8
867 2 56 10
868 60 18 18
869 52 54 15
870 38 8 18
871 56 50 13
872 2 0 14
873 58 39 16
874 63 32 14
875 45 36 12
876 35 9 14
877 24 38 7
878 52 59 9
879 36 58 14
880 43 26 12
881 13 48 10
882 3 33 10
883 40 1 18
884 21 50 6
885 41 21 7
886 4 20 12
887 17 58 6
888 50 51 10
889 7 2 14
890 22 34 14
891 32 45 14
892 13 28 6
893 24 5 11
894 61 39 16
895 30 60 10
896 13 44 12
897 30 1 8
898 57 47 6
899 6 0 9
900 5 44 17
901 49 51 7
902 45 26 6
903 45 49 10
904 12 33 18
905 24 56 14
906 37 55 13
907 6 61 17
908 2 15 14
909 60 20 12
910 4 3 7
911 26 54 11
912 15 6 9
913 34 37 10
914 32 16 15
915 5 50 13
916 35 43 12
917 51 47 8
918 38 4 12
919 18 16 7
920 41 44 15
921 55 61 8
922 40 54 18
923 22 23 8
924 15 1 11
925 30 27 16
926 37 56 18
927 3 33 13
928 39 61 12
929 38 36 16
930 41 47 15
931 28 55 11
932 21 12 9
933 28 40 6
934 62 10 8
935 36 42 17
936 44 27 7
937 21 7 6
938 31 50 8
939 23 11 7
940 60 30 18
941 18 59 13
942 20 54 18
943 34 31 15
944 44 41 17
945 41 21 8
946 39 21 16
947 44 17 17
948 40 12 12
949 14 41 13
950 47 10 13
951 8 7 11
952 6 46 10
953 11 33 13
954 58 39 10
955 60 29 18
956 46 27 11
957 18 38 13
958 37 14 18
959 59 15 11
960 38 58 9
961 33 37 15
962 26 4 11
963 29 62 14
964 3 28 9
965 15 27 12
966 10 8 17
967 25 30 16
968 23 54 6
969 60 22 18
970 8 45 18
971 22 61 14
972 60 25 6
973 36 55 8
974 40 8 11
975 23 15 13
976 39 52 11
977 27 41 17
978 28 61 18
979 6 12 14
980 13 45 12
981 61 24 10
982 35 48 13
983 11 61 13
984 48 20 15
985 50 8 10
986 28 26 12
987 17 32 12
988 55 33 11
989 6 3 17
990 4 14 6
991 43 61 9
992 2 29 16
993 43 20 7
994 10 52 16
995 37 36 8
996 37 49 10
997 38 58 15
998 47 56 8
999 47 62 11
1000 44 16 14
1001 14 6 8
1002 18 9 13
1003 59 9 8
1004 38 24 16
1005 57 10 13
1006 1 42 18
1007 38 33 11
1008 12 34 18
1009 26 54 13
1010 20 50 14
1011 13 10 8
1012 27 3 9
1013 43 55 14
1014 14 10 15
1015 31 62 14
1016 10 35 11
1017 1 2 17
1018 21 13 13
1019 59 6 11
1020 40 18 14
1021 54 26 9
1022 47 11 16
1023 40 2 18
1024 59 1 18
1025 40 24 8
1026 50 2 17
1027 15 30 18
1028 10 1 9
1029 16 60 10
1030 17 40 11
1031 15 31 17
1032 54 5 15
1033 7 41 14
1034 12 15 6
1035 36 41 6
1036 17 38 9
1037 59 26 12
1038 8 43 17
1039 63 26 12
1040 51 17 13
1041 10 27 17
1042 44 51 15
1043 31 26 11
1044 30 7 17
1045 0 42 14
1046 41 55 7
1047 46 37 13
1048 31 11 16
1049 42 49 12
1050 30 62 15
1051 23 45 11
1052 14 12 12
1053 37 31 12
1054 5 17 14
1055 30 60 13
1056 23 58 6
1057 20 53 18
1058 48 52 6
1059 43 31 10
1060 22 10 12
1061 32 8 17
1062 52 9 6
1063 13 59 11
1064 26 42 14
1065 38 52 10
1066 5 47 7
1067 4 24 16
1068 0 17 13
1069 27 1 10
1070 18 62 12
1071 26 54 8
1072 13 33 16
1073 33 34 13
1074 14 29 15
1075 40 27 6
1076 52 5 12
1077 63 51 10
1078 0 22 8
1079 35 58 18
1080 34 40 18
1081 44 14 17
1082 30 42 14
1083 58 17 13
1084 15 58 10
1085 25 2 16
1086 54 15 18
1087 13 49 10
1088 4 25 10
1089 26 8 14
1090 63 26 14
1091 60 56 16
1092 45 28 17
1093 29 27 12
1094 36 60 13
1095 1 32 7
1096 29 1 15
1097 1 14 11
1098 24 53 6
1099 23 16 12
1100 17 44 10
1101 21 5 10
1102 8 21 9
1103 10 4 17
1104 45 57 13
1105 17 0 10
1106 35 8 6
1107 7 63 17
1108 34 12 15
1109 27 20 10
1110 47 30 14
1111 9 7 15
1112 61 39 7
1113 18 35 14
1114 59 3 15
1115 60 19 17
1116 49 32 15
1117 52 26 8
1118 22 47 7
1119 63 38 18
1120 18 23 10
1121 1 33 17
1122 27 22 12
1123 12 13 14
1124 6 4 9
1125 39 48 14
1126 55 12 17
1127 48 27 6
1128 60 1 8
1129 51 57 17
1130 21 7 8
1131 4 42 18
1132 30 50 18
1133 53 17 7
1134 46 25 12
1135 3 1 11
1136 59 60 15
1137 40 3 6
1138 12 63 9
1139 17 42 18
1140 1 3 18
1141 59 27 15
1142 59 11 9
1143 4 57 8
1144 20 11 7
1145 26 48 15
1146 5 60 7
1147 49 63 8
1148 23 15 6
1149 32 40 17
1150 35 52 18
1151 14 63 7
1152 21 8 13
1153 0 58 10
1154 39 31 12
1155 6 18 9
1156 38 37 18
1157 16 23 11
1158 18 11 16
1159 50 1 8
1160 43 23 9
1161 34 10 8
1162 2 34 10
1163 57 60 8
1164 48 2 9
1165 23 53 16
1166 45 40 7
1167 28 16 13
1168 52 10 16
1169 59 38 17
1170 3 17 10
1171 44 45 15
1172 44 14 12
1173 4 16 7
1174 13 14 11
1175 11 21 18
1176 55 51 18
1177 36 52 10
1178 61 54 18
1179 53 16 9
1180 59 48 6
1181 1 34 10
1182 58 33 6
1183 29 56 16
1184 11 14 15
1185 4 62 10
1186 16 10 12
1187 38 5 6
1188 51 25 12
1189 16 25 18
1190 41 29 10
1191 34 55 10
1192 57 5 14
1193 20 15 9
1194 52 40 10
1195 55 23 8
1196 1 21 7
1197 21 25 17
1198 62 18 6
1199 45 42 6
1200 26 27 6
1201 7 2 6
1202 48 31 18
1203 37 51 13
1204 30 14 15
1205 0 11 7
1206 32 15 12
1207 0 2 15
1208 11 49 15
1209 19 30 8
1210 63 25 13
1211 58 5 12
1212 1 43 10
1213 10 54 13
1214 33 49 9
1215 5 6 6
1216 35 28 9
1217 55 15 7
1218 31 57 7
1219 12 10 11
1220 11 47 17
1221 33 42 14
1222 18 39 8
1223 2 24 16
1224 33 1 7
1225 46 26 11
1226 30 35 12
1227 52 3 13
1228 41 48 15
1229 32 36 15
1230 34 51 12
1231 56 18 17
1232 6 12 6
1233 17 34 16
1234 2 17 17
1235 11 19 8
1236 28 57 15
1237 36 0 8
1238 50 18 6
1239 44 8 13
1240 33 41 8
1241 59 29 18
1242 45 24 12
1243 39 20 9
1244 44 58 6
1245 1 37 7
1246 20 12 18
1247 17 42 7
1248 14 53 7
1249 22 41 11
1250 2 36 16
1251 50 14 6
1252 7 59 15
1253 22 28 6
1254 33 54 12
1255 3 6 7
1256 16 31 14
1257 18 58 7
1258 3 11 17
1259 22 25 8
1260 54 8 11
1261 11 16 6
1262 33 47 6
1263 63 54 12
1264 41 28 18
1265 33 39 12
1266 5 39 16
1267 22 18 13
1268 53 28 16
1269 38 49 6
1270 13 11 11
1271 30 0 11
1272 63 26 17
1273 39 62 8
1274 33 30 11
1275 53 10 13
1276 52 21 8
1277 40 12 17
1278 16 58 16
1279 23 50 13
1280 0 50 12
1281 49 44 17
1282 51 19 8
1283 35 9 15
1284 56 52 14
1285 56 34 18
1286 37 60 13
1287 10 20 15
1288 7 26 11
1289 1 4 12
1290 13 38 14
1291 61 38 8
1292 16 30 11
1293 34 26 10
1294 6 39 17
1295 53 48 14
1296 19 14 8
1297 11 43 18
1298 55 32 15
1299 45 20 11
1300 32 22 6
1301 51 35 18
1302 36 11 18
1303 15 12 16
1304 63 25 14
1305 10 18 13
1306 31 0 16
1307 54 29 10
1308 28 43 16
1309 36 22 17
1310 8 35 15
1311 53 2 12
1312 51 33 18
1313 2 44 7
1314 12 5 8
1315 11 20 11
1316 39 25 16
1317 35 10 18
1318 23 31 6
1319 15 51 6
1320 39 54 6
1321 30 63 8
1322 12 49 6
1323 7 25 8
1324 7 25 7
1325 57 6 7
1326 11 35 6
1327 1 26 10
1328 60 14 9
1329 13 63 17
1330 12 59 18
1331 53 5 18
1332 13 49 8
1333 45 6 17
1334 33 12 15
1335 36 59 14
1336 42 46 6
1337 15 9 9
1338 56 43 9
1339 43 21 17
1340 15 2 13
1341 21 56 14
1342 0 60 8
1343 59 7 17
1344 29 59 7
1345 53 13 12
1346 3 14 18
1347 60 19 8
1348 25 49 10
1349 61 62 18
1350 15 25 13
1351 43 29 6
1352 57 53 14
1353 13 0 8
1354 36 1 16
1355 46 45 13
1356 4 1 8
1357 32 37 9
1358 17 27 12
1359 23 20 7
1360 50 4 18
1361 49 48 14
1362 45 58 10
1363 50 60 6
1364 49 56 16
1365 45 8 12
1366 15 31 15
1367 46 18 7
1368 41 7 17
1369 14 52 10
1370 18 49 7
1371 0 61 6
1372 27 25 11
1373 5 33 18
1374 20 36 9
1375 14 28 15
1376 17 36 14
1377 37 8 9
1378 3 1 10
1379 13 54 15
1380 9 1 11
1381 29 5 8
1382 12 47 7
1383 48 60 17
1384 46 49 17
1385 37 51 17
1386 31 29 16
1387 42 29 10
1388 11 0 11
1389 2 15 18
1390 35 63 12
1391 33 19 13
1392 54 15 11
1393 60 31 14
1394 43 41 17
1395 14 17 14
1396 9 57 13
1397 42 12 8
1398 29 47 18
1399 63 12 11
1400 46 33 8
1401 48 5 18
1402 59 20 9
1403 49 2 8
1404 37 55 18
1405 47 35 12
1406 59 18 6
1407 45 8 13
1408 13 3 13
1409 26 7 14
1410 59 15 11
1411 49 33 18
1412 61 29 13
1413 7 27 7
1414 62 40 10
1415 29 2 18
1416 23 56 10
1417 9 38 14
1418 41 58 16
1419 23 49 6
1420 20 22 11
1421 33 50 16
1422 51 18 13
1423 23 38 6
1424 57 53 12
1425 32 17 6
1426 57 48 16
1427 26 18 13
1428 8 26 11
1429 26 51 13
1430 53 17 11
1431 16 27 14
1432 55 60 15
1433 6 52 16
1434 3 33 14
1435 50 29 8
1436 7 42 18
1437 47 30 10
1438 0 44 18
1439 3 18 13
1440 25 53 17
1441 10 41 15
1442 57 54 10
1443 1 40 9
1444 41 52 13
1445 7 60 14
1446 59 63 17
1447 43 44 10
1448 20 55 7
1449 3 30 18
1450 33 18 8
1451 61 26 12
1452 16 58 17
1453 26 23 6
1454 22 18 13
1455 13 9 13
1456 47 62 12
1457 15 62 7
1458 54 21 6
1459 37 20 15
1460 47 14 10
1461 34 51 15
1462 29 4 11
1463 22 13 12
1464 1 26 15
1465 22 23 6
1466 23 52 15
1467 1 12 10
1468 23 50 10
1469 63 9 6
1470 54 3 7
1471 57 59 18
1472 2 27 18
1473 10 51 9
1474 57 5 11
1475 1 4 10
1476 25 26 8
1477 52 58 8
1478 32 35 12
1479 28 14 18
1480 56 20 15
1481 35 56 12
1482 30 0 14
1483 28 4 17
1484 50 41 10
1485 7 20 11
1486 41 13 17
1487 28 16 13
1488 20 63 8
1489 11 20 15
1490 15 49 9
1491 44 6 10
1492 54 7 8
1493 55 53 13
1494 50 42 8
1495 58 21 14
1496 38 45 9
1497 62 33 15
1498 47 2 13
1499 0 55 10
1500 0 53 17
1501 63 46 18
1502 52 2 8
1503 5 1 16
1504 13 21 15
1505 5 21 8
1506 9 47 18
1507 38 30 15
1508 4 35 10
1509 4 28 8
1510 20 44 9
1511 31 26 8
1512 0 21 9
1513 45 8 6
1514 19 47 16
1515 42 44 6
1516 14 28 11
1517 36 42 18
1518 4 28 12
1519 36 26 15
1520 24 31 9
1521 20 37 9
1522 50 20 15
1523 54 16 6
1524 3 44 15
1525 29 15 8
1526 34 11 8
1527 7 56 18
1528 42 50 11
1529 17 7 7
1530 18 31 13
1531 51 25 7
1532 61 58 10
1533 47 35 8
1534 8 1 12
1535 23 34 16
1536 11 26 13
1537 43 12 15
1538 16 23 12
1539 57 9 17
1540 29 12 13
1541 47 29 17
1542 51 16 12
1543 35 60 11
1544 19 51 10
1545 49 13 8
1546 3 54 7
1547 57 29 6
1548 0 20 16
1549 34 40 8
1550 34 7 9
1551 21 13 7
1552 45 29 11
1553 45 1 11
1554 12 34 9
1555 17 12 15
1556 13 38 9
1557 6 56 13
1558 59 17 10
1559 59 16 11
1560 32 16 8
1561 11 30 17
1562 32 41 17
1563 14 23 17
1564 0 38 18
1565 61 63 6
1566 55 63 16
1567 48 25 9
1568 30 21 15
1569 55 45 7
1570 45 7 8
1571 43 59 17
1572 37 55 10
1573 7 42 16
1574 45 24 17
1575 21 41 17
1576 55 61 8
1577 51 22 6
1578 34 50 13
1579 16 21 11
1580 39 27 18
1581 40 47 7
1582 50 21 14
1583 20 22 8
1584 44 1 18
1585 13 23 11
1586 51 21 18
1587 38 57 8
1588 52 24 15
1589 32 23 16
1590 1 11 8
1591 20 31 10
1592 11 36 15
1593 22 1 18
1594 1 53 12
1595 21 56 6
1596 17 52 12
1597 0 33 11
1598 6 46 12
1599 24 23 7
1600 61 36 16
1601 5 2 17
1602 29 9 6
1603 10 28 9
1604 47 25 14
1605 22 17 8
1606 38 59 7
1607 11 28 12
1608 0 5 12
1609 2 18 13
1610 62 4 11
1611 51 35 12
1612 14 53 6
1613 60 55 8
1614 50 36 9
1615 45 1 6
1616 41 29 13
1617 22 25 10
1618 54 11 13
1619 54 18 9
1620 14 26 9
1621 52 14 6
1622 33 36 17
1623 11 55 10
1624 17 25 17
1625 12 49 11
1626 35 36 7
1627 25 58 8
1628 59 60 16
1629 49 46 13
1630 53 4 12
1631 26 32 15
1632 37 23 15
1633 5 35 12
1634 8 60 11
1635 43 12 14
1636 56 2 7
1637 63 24 8
1638 38 23 6
1639 21 36 14
1640 28 56 10
1641 34 9 18
1642 63 21 9
1643 34 44 12
1644 42 25 14
1645 49 32 13
1646 1 21 11
1647 37 47 17
1648 28 48 18
1649 17 53 14
1650 5 35 17
1651 59 22 9
1652 55 34 7
1653 1 0 15
1654 43 29 14
1655 43 40 13
1656 34 22 7
1657 50 35 9
1658 41 2 18
1659 4 28 13
1660 9 33 16
1661 54 6 10
1662 62 52 17
1663 12 37 9
1664 58 33 10
1665 27 58 6
1666 50 48 7
1667 57 44 12
1668 32 53 13
1669 16 49 18
1670 29 51 14
1671 8 47 16
1672 38 11 14
1673 47 4 6
1674 19 57 13
1675 21 14 6
1676 39 42 6
1677 58 49 6
1678 37 30 11
1679 52 54 6
1680 43 4 9
1681 31 56 10
1682 54 31 9
1683 3 50 13
1684 56 27 6
1685 51 60 17
1686 15 17 8
1687 23 53 12
1688 60 35 18
1689 10 2 18
1690 57 55 11
1691 27 42 16
1692 5 49 13
1693 26 53 9
1694 38 21 17
1695 61 51 6
1696 40 41 6
1697 38 17 8
1698 15 58 6
1699 33 54 18
1700 9 51 16
1701 56 3 12
1702 50 26 8
1703 7 8 12
1704 20 1 13
1705 24 22 18
1706 10 20 13
1707 15 19 12
1708 41 26 18
1709 29 59 7
1710 58 0 14
1711 54 39 15
1712 33 21 12
1713 37 20 6
1714 26 30 7
1715 30 41 10
1716 2 14 10
1717 45 53 13
1718 3 48 15
1719 22 8 15
1720 43 56 9
1721 0 47 10
1722 20 34 9
1723 35 31 18
1724 6 18 18
1725 9 59 17
1726 14 53 13
1727 0 49 16
1728 48 34 16
1729 28 14 11
1730 6 13 12
1731 32 18 16
1732 11 42 6
1733 25 57 18
1734 5 14 13
1735 6 19 12
1736 38 5 13
1737 6 26 6
1738 4 8 13
1739 20 51 8
1740 21 53 14
1741 22 37 10
1742 41 3 16
1743 2 58 8
1744 43 23 16
1745 59 35 7
1746 9 53 14
1747 0 54 15
1748 14 49 7
1749 21 60 12
1750 50 16 6
1751 4 17 6
1752 30 15 13
1753 7 22 12
1754 24 33 10
1755 34 27 11
1756 48 23 16
1757 32 42 14
1758 62 0 7
1759 22 1 17
1760 37 18 10
1761 20 47 9
1762 52 2 15
1763 11 19 9
1764 58 46 9
1765 1 23 14
1766 34 57 12
1767 7 31 15
1768 48 57 6
1769 16 37 9
1770 48 40 8
1771 39 5 11
1772 45 28 17
1773 54 32 14
1774 10 56 18
1775 47 35 16
1776 2 31 12
1777 34 18 7
1778 45 57 13
1779 31 47 10
1780 51 52 8
1781 25 16 9
1782 54 4 12
1783 51 59 15
1784 52 36 15
1785 9 16 11
1786 39 62 16
1787 22 17 17
1788 6 32 8
1789 49 23 8
1790 52 16 6
1791 49 53 12
1792 9 58 15
1793 52 22 9
1794 44 48 15
1795 19 31 9
1796 41 61 12
1797 59 63 13
1798 23 47 18
1799 55 1 10
1800 15 31 10
1801 22 6 14
1802 32 31 7
1803 41 25 15
1804 24 10 8
1805 16 51 6
1806 3 0 7
1807 37 38 6
1808 59 51 8
1809 8 39 17
1810 29 4 10
1811 9 27 10
1812 15 2 9
1813 63 41 8
1814 60 16 6
1815 55 41 16
1816 49 38 8
1817 17 37 6
1818 42 19 6
1819 23 29 11
1820 29 3 15
1821 62 54 12
1822 13 33 14
1823 51 16 15
1824 4 47 12
1825 16 0 7
1826 60 46 9
1827 0 57 15
1828 52 12 14
1829 55 42 13
1830 19 37 6
1831 39 31 18
1832 39 62 10
1833 15 20 11
1834 28 9 16
1835 24 61 16
1836 40 51 7
1837 1 6 13
1838 62 63 9
1839 21 9 13
1840 44 7 9
1841 53 11 18
1842 22 5 8
1843 42 9 15
1844 25 61 9
1845 26 58 6
1846 24 38 17
1847 23 37 10
1848 35 57 10
1849 0 34 13
1850 55 3 13
1851 53 16 18
1852 28 40 7
1853 0 60 12
1854 41 9 18
1855 9 60 16
1856 4 45 7
1857 61 30 16
1858 21 44 7
1859 34 45 12
1860 24 32 6
1861 9 45 14
1862 0 44 11
1863 10 12 11
1864 57 33 10
1865 50 46 9
1866 14 50 6
1867 62 60 6
1868 6 36 6
1869 31 1 17
1870 39 40 10
1871 15 35 6
1872 31 19 8
1873 10 3 16
1874 26 48 12
1875 20 5 9
1876 47 51 16
1877 35 2 16
1878 56 1 8
1879 50 41 8
1880 43 11 12
1881 36 55 17
1882 26 30 11
1883 53 16 9
1884 7 24 15
1885 59 38 10
1886 2 6 18
1887 55 62 6
1888 61 5 15
1889 21 5 16
1890 15 11 14
1891 36 28 7
1892 11 25 16
1893 18 49 12
1894 12 42 14
1895 35 43 14
1896 6 43 8
1897 51 30 8
1898 15 14 15
1899 51 4 10
1900 58 20 8
1901 2 40 9
1902 60 0 13
1903 61 34 11
1904 35 37 13
1905 7 17 16
1906 25 10 13
1907 8 37 12
1908 9 43 17
1909 31 34 12
1910 62 49 12
1911 16 52 8
1912 31 41 17
1913 48 0 11
1914 29 1 8
1915 49 9 17
1916 38 2 8
1917 47 62 14
1918 57 0 9
1919 49 51 6
1920 42 6 12
1921 30 5 12
1922 50 30 12
1923 1 47 6
1924 16 11 16
1925 54 34 6
1926 15 1 9
1927 5 15 8
1928 7 30 16
1929 3 18 11
1930 17 2 15
1931 33 43 8
1932 25 58 18
1933 47 59 17
1934 46 29 7
1935 23 50 6
1936 6 55 6
1937 17 59 11
1938 63 37 16
1939 41 32 18
1940 34 17 6
1941 40 36 17
1942 36 42 9
1943 11 15 14
1944 2 15 17
1945 49 44 16
1946 44 27 10
1947 36 42 12
1948 51 20 8
1949 47 19 7
1950 63 6 11
1951 52 48 6
1952 30 52 7
1953 53 17 10
1954 54 3 13
1955 1 37 13
1956 19 53 12
1957 2 16 9
1958 45 8 11
1959 46 3 7
1960 47 25 16
1961 0 8 13
1962 29 11 12
1963 63 12 11
1964 54 6 11
1965 56 7 11
1966 16 22 10
1967 38 9 9
1968 31 41 10
1969 56 33 6
1970 48 33 17
1971 46 27 7
1972 40 59 15
1973 6 40 17
1974 58 15 15
1975 10 50 12
1976 38 51 15
1977 27 54 11
1978 49 15 14
1979 30 24 11
1980 63 33 16
1981 58 50 14
1982 0 47 16
1983 59 6 18
1984 23 31 17
1985 61 60 18
1986 11 33 9
1987 0 12 15
1988 23 20 6
1989 46 55 13
1990 30 27 9
1991 18 61 9
1992 17 26 15
1993 51 37 10
1994 5 23 14
1995 17 41 9
1996 20 50 18
1997 58 48 15
1998 23 33 8
1999 56 60 9
2000 20 28 17
2001 43 18 6
2002 17 30 16
2003 23 2 15
2004 12 32 17
2005 0 8 12
2006 24 29 18
2007 22 35 10
2008 17 27 10
2009 63 9 15
2010 19 1 18
2011 61 42 11
2012 10 42 10
2013 43 16 12
2014 7 56 11
2015 55 8 9
2016 28 15 6
2017 0 50 18
2018 36 31 9
2019 19 23 18
2020 55 19 8
2021 63 57 13
2022 59 27 9
2023 9 53 17
2024 4 50 12
2025 38 61 6
2026 56 0 9
2027 46 6 9
2028 48 4 11
2029 40 21 15
2030 38 17 16
2031 36 10 17
2032 4 60 18
2033 38 6 8
2034 63 34 6
2035 55 60 18
2036 46 21 12
2037 58 53 8
2038 47 0 12
2039 20 1 6
2040 31 51 9
2041 45 51 18
2042 33 52 17
2043 9 36 15
2044 57 34 11
2045 62 26 7
2046 27 62 17
2047 35 9 10
2048 54 4 15
2049 40 1 10
2050 26 18 12
2051 55 37 9
2052 16 28 15
2053 32 48 7
2054 16 12 8
2055 9 13 11
2056 36 43 9
2057 32 2 6
2058 9 23 16
2059 57 55 17
2060 20 17 9
2061 38 63 10
2062 22 20 11
2063 50 59 17
2064 62 8 14
2065 18 16 9
2066 57 61 6
2067 42 37 7
2068 49 6 12
2069 9 25 17
2070 32 47 12
2071 39 59 17
2072 34 50 6
2073 41 54 16
2074 56 34 15
2075 49 24 16
2076 30 0 15
2077 56 19 9
2078 50 15 6
2079 7 18 12
2080 10 49 12
2081 16 0 7
2082 53 41 11
2083 40 57 16
2084 52 35 11
2085 63 51 11
2086 41 45 13
2087 45 12 8
2088 32 60 12
2089 35 0 6
2090 6 49 14
2091 57 43 14
2092 53 16 10
2093 7 45 7
2094 53 48 11
2095 32 41 7
2096 19 22 10
2097 38 33 7
2098 60 37 6
2099 18 25 9
2100 52 54 6
2101 29 40 13
2102 5 8 13
2103 2 31 12
2104 24 5 15
2105 38 34 8
2106 27 52 6
2107 22 5 18
2108 42 6 14
2109 28 3 15
2110 35 8 9
2111 34 1 15
2112 55 8 15
2113 60 62 15
2114 62 17 10
2115 43 19 14
2116 34 14 9
2117 46 49 15
2118 34 1 10
2119 40 5 13
2120 26 45 18
2121 48 62 10
2122 1 41 13
2123 28 32 16
2124 2 43 15
2125 5 17 16
2126 55 0 8
2127 32 34 8
2128 5 29 7
2129 45 17 11
2130 35 2 13
2131 24 39 8
2132 5 29 7
2133 56 58 13
2134 36 55 13
2135 46 14 16
2136 39 8 14
2137 54 34 16
2138 20 25 6
2139 16 40 18
2140 50 35 7
2141 53 20 9
2142 28 21 12
2143 3 46 17
2144 48 35 8
2145 58 53 13
2146 37 26 7
2147 56 24 17
2148 0 49 12
2149 23 27 16
2150 11 47 7
2151 11 59 14
2152 19 37 18
2153 18 48 11
2154 43 39 12
2155 2 53 8
2156 30 17 13
2157 18 28 16
2158 60 15 13
2159 3 19 8
2160 29 60 16
2161 7 4 17
2162 54 40 10
2163 57 7 16
2164 35 59 13
2165 41 33 7
2166 56 53 13
2167 40 25 15
2168 9 5 13
2169 26 59 14
2170 8 45 15
2171 8 41 13
2172 7 38 11
2173 49 21 12
2174 26 33 14
2175 56 52 9
2176 2 19 6
2177 61 51 7
2178 19 30 15
2179 51 13 8
2180 14 3 16
2181 42 11 14
2182 12 19 15
2183 49 12 14
2184 17 3 16
2185 62 0 12
2186 49 4 7
2187 6 58 15
2188 16 28 13
2189 18 49 14
2190 29 28 10
2191 55 38 15
2192 58 5 9
2193 40 5 12
2194 62 41 13
2195 52 28 9
2196 43 45 17
2197 57 1 18
2198 62 56 9
2199 12 21 18
2200 27 12 11
2201 42 43 16
2202 5 40 13
2203 4 45 8
2204 11 61 15
2205 28 35 17
2206 35 33 6
2207 39 47 14
2208 26 13 7
2209 39 8 10
2210 61 6 16
2211 13 19 9
2212 41 6 9
2213 51 56 7
2214 41 50 18
2215 9 4 15
2216 56 57 15
2217 57 6 8
2218 29 38 18
2219 34 45 12
2220 37 33 12
2221 60 37 6
2222 29 54 17
2223 54 38 6
2224 8 55 9
2225 17 40 13
2226 27 63 14
2227 26 15 11
2228 63 46 13
2229 20 18 16
2230 56 29 7
2231 50 26 17
2232 4 17 15
2233 11 42 14
2234 47 38 16
2235 20 29 9
2236 22 38 7
2237 48 47 7
2238 44 32 14
2239 31 55 18
2240 49 3 13
2241 26 38 10
2242 49 60 17
2243 32 49 8
2244 15 44 17
2245 45 36 16
2246 10 62 10
2247 14 54 7
2248 56 0 11
2249 1 20 8
2250 9 12 12
2251 9 36 7
2252 29 38 10
2253 61 49 17
2254 7 32 14
2255 26 62 18
2256 57 36 6
2257 16 51 10
2258 30 25 18
2259 3 19 12
2260 44 3 15
2261 49 23 7
2262 24 53 12
2263 57 58 7
2264 48 53 12
2265 55 9 6
2266 17 40 17
2267 50 30 10
2268 22 4 8
2269 16 17 16
2270 28 34 15
2271 5 9 9
2272 56 54 14
2273 28 53 13
2274 45 2 7
2275 60 57 15
2276 9 41 8
2277 38 35 12
2278 15 35 10
2279 3 21 9
2280 31 44 7
2281 58 38 12
2282 46 55 10
2283 17 48 6
2284 14 49 9
2285 62 16 12
2286 27 8 15
2287 45 48 15
2288 42 45 15
2289 20 23 13
2290 56 48 10
2291 11 38 15
2292 5 3 9
2293 41 0 8
2294 42 43 7
2295 26 34 18
2296 36 32 14
2297 51 61 8
2298 23 29 15
2299 0 38 13
2300 30 29 7
2301 32 46 10
2302 48 10 11
2303 61 37 15
2304 25 19 11
2305 11 14 10
2306 58 59 15
2307 40 27 7
2308 17 1 10
2309 1 41 10
2310 31 56 13
2311 55 54 7
2312 24 6 17
2313 47 6 6
2314 12 61 9
2315 10 39 9
2316 10 41 7
2317 8 32 9
2318 55 61 14
2319 52 21 16
2320 13 1 13
2321 9 58 7
2322 5 51 16
2323 40 54 10
2324 16 42 18
2325 58 6 12
2326 0 18 12
2327 25 31 18
2328 9 47 10
2329 22 25 6
2330 51 4 6
2331 23 24 6
2332 23 55 11
2333 42 2 16
2334 41 17 8
2335 36 12 7
2336 37 19 6
2337 51 52 13
2338 4 13 11
2339 9 32 11
2340 18 2 7
2341 51 54 9
2342 26 18 8
2343 17 35 6
2344 4 40 9
2345 16 23 16
2346 22 6 11
2347 48 17 16
2348 3 12 16
2349 5 9 7
2350 26 32 14
2351 39 26 9
2352 12 24 9
2353 22 46 8
2354 48 14 18
2355 27 20 9
2356 32 42 12
2357 36 42 8
2358 27 38 8
2359 51 38 18
2360 38 56 12
2361 0 22 10
2362 55 54 9
2363 34 22 17
2364 6 45 9
2365 55 58 16
2366 60 31 10
2367 46 22 15
2368 60 29 11
2369 51 11 11
2370 22 49 12
2371 47 42 15
2372 8 34 13
2373 49 20 11
2374 31 7 15
2375 53 38 7
2376 34 60 18
2377 47 28 9
2378 51 47 8
2379 36 56 18
2380 34 50 12
2381 40 29 11
2382 26 52 8
2383 43 31 8
2384 37 25 17
2385 49 63 15
2386 19 38 7
2387 43 60 7
2388 20 58 16
2389 53 25 17
2390 28 41 10
2391 27 36 12
2392 42 54 9
2393 3 52 18
2394 12 50 17
2395 18 37 15
2396 60 30 15
2397 9 53 7
2398 45 28 16
2399 10 12 12
2400 25 59 7
2401 3 31 6
2402 63 26 13
2403 16 48 6
2404 60 21 18
2405 0 12 10
2406 54 61 14
2407 2 17 12
2408 35 26 7
2409 16 15 10
2410 50 25 15
2411 38 56 12
2412 23 41 16
2413 35 18 17
2414 21 49 17
2415 37 44 18
2416 51 26 9
2417 13 58 8
2418 38 1 9
2419 50 33 14
2420 10 14 8
2421 52 49 17
2422 37 58 7
2423 52 57 16
2424 3 52 16
2425 28 27 11
2426 28 14 6
2427 13 49 7
2428 21 44 18
2429 3 14 12
2430 31 34 17
2431 4 10 9
2432 28 29 10
2433 34 27 13
2434 53 61 16
2435 26 35 14
2436 12 36 6
2437 33 11 17
2438 7 9 12
2439 63 27 6
2440 9 32 14
2441 11 13 12
2442 1 36 15
2443 10 3 6
2444 39 20 6
2445 19 53 12
2446 15 51 14
2447 4 9 15
2448 5 31 10
2449 18 15 18
2450 25 33 14
2451 42 38 14
2452 33 19 6
2453 26 40 9
2454 9 54 6
2455 61 12 13
2456 12 26 14
2457 48 7 7
2458 41 61 7
2459 11 63 7
2460 26 17 18
2461 12 39 6
2462 17 38 13
2463 0 20 14
2464 11 37 7
2465 15 16 14
2466 58 38 11
2467 17 62 17
2468 9 27 12
2469 60 47 13
2470 48 37 12
2471 24 9 9
2472 10 4 16
2473 63 38 15
2474 14 48 7
2475 36 21 9
2476 19 15 11
2477 36 6 7
2478 30 10 11
2479 27 42 6
2480 52 55 16
2481 23 49 7
2482 52 32 11
2483 43 21 11
2484 22 63 17
2485 39 9 6
2486 17 46 10
2487 62 8 17
2488 59 35 14
2489 45 54 12
2490 36 28 6
2491 3 47 7
2492 43 55 13
2493 44 51 9
2494 46 37 8
2495 23 57 16
2496 11 58 8
2497 49 51 8
2498 46 51 11
2499 3 33 12
2500 1 60 6
2501 5 10 10
2502 35 14 9
2503 0 48 14
2504 53 23 10
2505 5 56 18
2506 13 0 6
2507 52 7 16
2508 34 12 13
2509 17 18 6
2510 60 52 8
2511 24 14 7
2512 44 20 8
2513 29 18 14
2514 18 23 8
2515 19 36 6
2516 35 60 11
2517 19 24 11
2518 38 4 6
2519 34 11 6
2520 34 57 15
2521 14 29 11
2522 13 14 9
2523 44 3 18
2524 40 24 11
2525 56 18 8
2526 16 0 18
2527 55 37 7
2528 46 62 14
2529 5 59 14
2530 30 3 8
2531 2 9 6
2532 38 13 15
2533 36 42 9
2534 38 9 15
2535 42 16 18
2536 12 33 10
2537 60 52 18
2538 58 36 17
2539 16 4 8
2540 10 28 6
2541 49 28 18
2542 44 63 14
2543 3 29 13
2544 14 18 7
2545 28 56 10
2546 30 51 15
2547 1 40 11
2548 41 44 13
2549 47 39 17
2550 2 35 8
2551 0 53 15
2552 55 6 17
2553 38 45 8
2554 54 1 12
2555 8 6 12
2556 42 53 13
2557 30 29 13
2558 34 47 13
2559 5 10 12
2560 40 18 13
2561 53 11 9
2562 53 8 10
2563 7 17 11
2564 28 2 14
2565 35 24 13
2566 51 20 16
2567 50 37 10
2568 38 58 18
2569 63 23 11
2570 1 36 16
2571 23 30 17
2572 18 32 8
2573 27 38 14
2574 0 4 10
2575 10 58 17
2576 16 39 7
2577 42 43 9
2578 50 13 11
2579 43 40 13
2580 36 3 12
2581 22 63 15
2582 48 1 8
2583 35 21 11
2584 57 7 9
2585 27 28 16
2586 18 43 16
2587 37 45 8
2588 28 10 11
2589 17 49 9
2590 5 35 6
2591 17 55 12
2592 23 11 13
2593 20 12 13
2594 37 20 15
2595 17 16 6
2596 38 11 12
2597 59 22 7
2598 45 30 15
2599 22 51 12
2600 26 60 6
2601 50 28 8
2602 45 4 9
2603 15 29 15
2604 20 5 10
2605 45 0 8
2606 19 5 12
2607 12 6 7
2608 30 31 9
2609 47 28 13
2610 62 10 15
2611 7 0 6
2612 2 23 17
2613 43 55 7
2614 48 18 8
2615 43 48 17
2616 35 63 7
2617 47 45 15
2618 39 0 17
2619 57 18 9
2620 0 36 18
2621 44 27 8
2622 29 10 12
2623 59 9 10
2624 42 48 10
2625 56 36 9
2626 56 1 18
2627 15 37 18
2628 45 25 16
2629 13 10 16
2630 57 63 12
2631 53 54 11
2632 7 44 8
2633 60 53 7
2634 16 3 18
2635 20 11 17
2636 41 61 14
2637 7 52 16
2638 9 7 8
2639 16 31 7
2640 14 50 13
2641 56 3 12
2642 61 54 9
2643 42 31 8
2644 19 25 16
2645 62 15 14
2646 45 19 7
2647 17 48 16
2648 36 47 12
2649 28 63 7
2650 10 36 8
2651 39 24 6
2652 5 3 17
2653 31 58 11
2654 31 19 9
2655 9 26 8
2656 33 55 11
2657 48 26 8
2658 61 33 7
2659 62 25 18
2660 63 52 11
2661 9 43 9
2662 17 5 7
2663 12 35 16
2664 3 49 18
2665 45 20 17
2666 54 50 10
2667 23 55 13
2668 28 47 7
2669 18 62 8
2670 35 40 11
2671 28 31 13
2672 46 50 11
2673 49 60 12
2674 33 56 14
2675 37 54 8
2676 21 35 18
2677 36 47 7
2678 2 39 12
2679 17 40 6
2680 52 16 15
2681 53 41 12
2682 42 14 8
2683 6 53 18
2684 16 57 12
2685 63 22 15
2686 29 40 17
2687 2 56 15
2688 27 32 16
2689 34 17 7
2690 16 14 10
2691 55 47 6
2692 23 18 18
2693 25 37 13
2694 59 0 10
2695 44 63 17
2696 59 17 11
2697 14 37 17
2698 6 58 6
2699 26 29 16
2700 17 11 10
2701 57 18 18
2702 31 24 13
2703 19 7 15
2704 34 40 7
2705 50 62 12
2706 56 1 12
2707 25 52 16
2708 28 17 18
2709 54 25 6
2710 14 8 8
2711 19 3 6
2712 37 34 8
2713 49 32 18
2714 26 27 12
2715 57 48 6
2716 21 51 13
2717 10 26 12
2718 1 42 16
2719 32 36 12
2720 17 3 14
2721 47 53 10
2722 6 14 9
2723 18 33 15
2724 47 11 15
2725 27 47 6
2726 0 9 7
2727 42 37 12
2728 14 60 11
2729 7 6 9
2730 4 36 10
2731 8 7 10
2732 7 34 9
2733 8 44 12
2734 49 43 7
2735 27 42 9
2736 13 35 14
2737 27 61 10
2738 58 40 11
2739 6 25 6
2740 1 13 12
2741 40 48 10
2742 57 14 13
2743 57 33 6
2744 11 4 8
2745 59 13 12
2746 26 61 17
2747 13 55 7
2748 13 46 14
2749 49 54 18
2750 54 14 7
2751 60 49 13
2752 45 25 16
2753 25 20 12
2754 8 60 6
2755 41 3 11
2756 26 47 9
2757 32 45 16
2758 8 44 12
2759 41 56 17
2760 19 47 9
2761 46 30 9
2762 20 36 8
2763 49 51 16
2764 18 12 13
2765 61 42 14
2766 5 8 16
2767 42 34 12
2768 54 62 15
2769 26 0 18
2770 25 0 8
2771 43 26 8
2772 59 22 13
2773 49 55 15
2774 28 32 11
2775 8 47 18
2776 7 21 11
2777 16 47 10
2778 54 13 9
2779 0 59 9
2780 0 60 8
2781 1 58 18
2782 28 21 13
2783 60 58 17
2784 14 15 18
2785 37 17 11
2786 16 61 16
2787 49 25 6
2788 7 1 13
2789 10 18 7
2790 6 18 17
2791 35 18 9
2792 37 62 9
2793 6 44 17
2794 61 57 13
2795 12 54 7
2796 60 13 12
2797 46 55 11
2798 51 58 12
2799 37 5 15
2800 48 30 9
2801 36 34 6
2802 2 46 8
2803 20 36 8
2804 48 46 9
2805 58 25 17
2806 23 16 7
2807 9 33 9
2808 1 58 6
2809 46 36 13
2810 31 53 6
2811 14 42 13
2812 14 10 11
2813 4 12 6
2814 8 50 17
2815 19 53 6
2816 3 4 8
2817 51 44 14
2818 26 33 13
2819 43 58 14
2820 26 28 11
2821 36 26 11
2822 62 11 15
2823 23 13 10
2824 51 60 15
2825 11 32 12
2826 31 52 16
2827 49 36 16
2828 30 19 6
2829 26 11 13
2830 17 52 12
2831 46 18 18
2832 18 39 12
2833 42 33 15
2834 21 63 16
2835 16 37 6
2836 5 4 17
2837 18 2 14
2838 50 6 7
2839 38 48 18
2840 2 40 7
2841 3 43 10
2842 26 18 13
2843 14 51 16
2844 25 7 16
2845 25 30 11
2846 53 27 12
2847 25 1 7
2848 7 4 15
2849 6 30 7
2850 56 14 17
2851 0 39 14
2852 5 22 14
2853 29 42 17
2854 35 8 11
2855 23 6 15
2856 29 6 10
2857 28 56 12
2858 54 11 9
2859 53 50 8
2860 3 10 8
2861 17 54 14
2862 8 44 18
2863 38 58 17
2864 32 58 6
2865 44 28 7
2866 11 4 11
2867 27 31 6
2868 55 63 9
2869 57 37 8
2870 12 15 17
2871 39 17 16
2872 54 29 13
2873 52 45 16
2874 3 13 12
2875 62 54 13
2876 12 63 13
2877 50 16 16
2878 27 52 9
2879 55 45 6
2880 11 50 18
2881 20 58 12
2882 22 20 8
2883 54 55 12
2884 56 1 15
2885 24 57 16
2886 50 10 12
2887 41 21 8
2888 0 59 10
2889 30 40 15
2890 13 17 11
2891 43 61 13
2892 59 19 12
2893 41 63 12
2894 37 3 14
2895 24 47 17
2896 3 40 6
2897 9 37 7
2898 56 13 18
2899 49 42 13
2900 24 8 8
2901 45 50 11
2902 11 56 7
2903 14 39 14
2904 54 5 6
2905 46 5 6
2906 23 33 10
2907 23 57 14
2908 62 44 16
2909 59 6 16
2910 29 2 18
2911 18 25 6
2912 15 13 17
2913 19 43 16
2914 1 8 16
2915 50 4 13
2916 35 21 15
2917 2 51 16
2918 44 19 8
2919 20 29 9
2920 52 26 7
2921 2 49 8
2922 5 1 18
2923 63 25 6
2924 17 33 18
2925 22 49 16
2926 54 17 10
2927 57 46 9
2928 60 36 6
2929 41 63 18
2930 11 35 10
2931 50 47 12
2932 63 32 6
2933 48 63 18
2934 26 46 16
2935 38 32 11
2936 28 32 11
2937 8 35 12
2938 54 53 11
2939 25 34 14
2940 25 37 14
2941 29 45 16
2942 54 20 12
2943 63 27 12
2944 50 38 14
2945 40 30 8
2946 3 58 13
2947 46 60 6
2948 37 31 8
2949 52 27 16
2950 32 38 9
2951 55 43 14
2952 4 45 6
2953 39 40 18
2954 7 46 17
2955 4 22 14
2956 34 51 13
2957 21 1 6
2958 58 25 10
2959 22 25 15
2960 5 59 13
2961 29 62 8
2962 40 34 16
2963 44 0 9
2964 3 8 12
2965 17 42 14
2966 44 14 11
2967 4 16 17
2968 0 38 11
2969 2 23 14
2970 12 39 9
2971 43 29 7
2972 17 59 15
2973 33 29 9
2974 62 42 9
2975 10 12 7
2976 18 30 16
2977 45 3 10
2978 21 51 11
2979 23 58 10
2980 19 55 16
2981 48 23 18
2982 44 14 17
2983 6 46 13
2984 28 24 14
2985 44 37 11
2986 10 33 16
2987 55 5 18
2988 10 29 11
2989 12 10 13
2990 38 44 11
2991 40 28 17
2992 58 4 18
2993 53 17 13
2994 23 13 12
2995 58 25 9
2996 56 32 12
2997 12 17 7
2998 40 60 11
2999 54 21 18
3000 54 32 7
3001 22 54 6
3002 32 15 14
3003 56 50 8
3004 1 7 12
3005 29 10 15
3006 55 30 6
3007 30 43 7
3008 55 63 6
3009 39 42 6
3010 42 18 8
3011 53 56 9
3012 12 22 18
3013 27 35 18
3014 29 4 10
3015 44 11 16
3016 37 19 6
3017 18 47 15
3018 31 51 10
3019 46 5 16
3020 18 22 18
3021 30 13 9
3022 32 16 13
3023 46 47 13
3024 48 59 8
3025 8 14 17
3026 42 37 15
3027 3 36 16
3028 33 24 7
3029 25 38 9
3030 55 47 9
3031 10 4 16
3032 20 61 13
3033 15 13 11
3034 2 52 8
3035 14 59 15
3036 16 49 18
3037 43 8 13
3038 27 20 14
3039 14 54 8
3040 10 6 17
3041 62 29 15
3042 19 20 7
3043 31 50 15
3044 9 41 13
3045 27 58 12
3046 61 14 18
3047 3 45 8
3048 57 62 6
3049 56 37 11
3050 10 47 9
3051 7 32 10
3052 40 6 6
3053 22 0 8
3054 48 31 14
3055 63 4 9
3056 39 44 6
3057 21 40 14
3058 51 57 18
3059 50 6 9
3060 6 34 6
3061 26 34 12
3062 58 44 10
3063 8 18 9
3064 54 12 6
3065 9 31 14
3066 16 57 8
3067 9 6 18
3068 40 12 9
3069 31 35 12
3070 7 12 14
3071 39 20 8
3072 0 12 9
3073 21 46 18
3074 30 22 6
3075 25 9 18
3076 49 15 17
3077 52 28 12
3078 1 30 14
3079 11 61 9
3080 48 1 13
3081 39 62 12
3082 61 23 6
3083 5 2 11
3084 16 10 10
3085 12 6 13
3086 1 58 7
3087 55 30 10
3088 46 3 18
3089 41 13 8
3090 27 58 6
3091 47 10 18
3092 14 10 15
3093 33 38 11
3094 33 46 12
3095 60 18 15
3096 50 44 11
3097 49 14 15
3098 23 58 12
3099 63 10 9
3100 56 57 17
3101 14 53 18
3102 18 54 9
3103 45 51 7
3104 17 51 18
3105 48 56 14
3106 28 3 11
3107 46 63 9
3108 58 12 9
3109 61 36 6
3110 21 17 9
3111 36 48 7
3112 38 50 12
3113 22 63 12
3114 26 27 6
3115 37 14 7
3116 58 53 18
3117 12 38 8
3118 13 47 8
3119 37 29 7
3120 50 53 9
3121 53 33 13
3122 3 32 12
3123 40 48 14
3124 49 61 6
3125 27 48 14
3126 29 0 6
3127 35 28 13
3128 29 51 17
3129 29 10 18
3130 44 23 17
3131 18 14 16
3132 21 61 6
3133 49 42 15
3134 28 35 7
3135 5 33 6
3136 48 18 15
3137 12 10 14
3138 57 21 8
3139 20 35 13
3140 15 24 6
3141 11 14 13
3142 51 6 13
3143 42 57 14
3144 32 61 10
3145 57 7 11
3146 20 17 7
3147 62 15 7
3148 35 52 18
3149 42 53 11
3150 12 13 6
3151 55 9 13
3152 27 40 12
3153 31 12 12
3154 25 12 8
3155 59 46 11
3156 57 22 17
3157 53 13 12
3158 39 52 9
3159 62 9 7
3160 27 6 12
3161 21 6 7
3162 26 1 13
3163 9 54 13
3164 44 24 18
3165 21 14 12
3166 28 24 12
3167 15 30 7
3168 60 42 10
3169 4 5 10
3170 7 31 13
3171 20 45 17
3172 37 47 14
3173 42 28 11
3174 53 30 16
3175 15 19 13
3176 35 27 15
3177 19 18 11
3178 43 13 13
3179 34 8 15
3180 23 41 14
3181 8 32 13
3182 53 22 7
3183 23 24 12
3184 4 15 17
3185 50 29 15
3186 33 45 10
3187 12 26 17
3188 32 40 9
3189 12 40 12
3190 27 6 15
3191 31 1 18
3192 60 51 14
3193 43 5 16
3194 54 39 11
3195 59 17 16
3196 35 4 14
3197 22 13 13
3198 61 24 11
3199 11 53 12
3200 8 26 9
3201 60 24 12
3202 57 3 13
3203 17 15 13
3204 28 37 6
3205 23 39 8
3206 21 34 7
3207 29 7 12
3208 31 23 17
3209 30 55 11
3210 39 1 7
3211 12 39 10
3212 34 21 10
3213 34 19 16
3214 3 20 17
3215 35 31 18
3216 47 0 17
3217 39 56 12
3218 44 11 7
3219 54 8 11
3220 53 35 6
3221 36 13 10
3222 63 44 9
3223 8 24 13
3224 4 40 10
3225 17 38 11
3226 11 7 14
3227 22 49 7
3228 9 3 16
3229 25 40 12
3230 40 34 8
3231 22 4 16
3232 22 30 13
3233 48 55 15
3234 54 22 18
3235 21 44 9
3236 29 49 7
3237 32 11 7
3238 24 2 15
3239 29 39 8
3240 35 19 10
3241 0 48 12
3242 22 24 10
3243 52 24 9
3244 38 29 9
3245 32 26 13
3246 47 13 17
3247 48 55 15
3248 32 4 14
3249 55 46 18
3250 36 22 10
3251 31 22 12
3252 17 42 11
3253 2 57 10
3254 26 43 6
3255 44 20 18
3256 47 34 13
3257 1 31 15
3258 54 36 11
3259 26 41 15
3260 12 60 12
3261 42 5 10
3262 58 15 18
3263 25 0 6
3264 43 35 8
3265 58 27 10
3266 36 51 16
3267 48 55 12
3268 57 33 13
3269 2 52 17
3270 13 58 17
3271 2 55 15
3272 6 10 10
3273 56 10 7
3274 3 27 18
3275 33 57 7
3276 43 50 13
3277 45 53 12
3278 41 0 16
3279 43 9 14
3280 54 2 16
3281 12 49 13
3282 37 33 15
3283 23 26 10
3284 26 47 15
3285 55 41 6
3286 35 41 18
3287 2 42 18
3288 52 29 13
3289 43 39 6
3290 17 33 8
3291 55 9 13
3292 21 42 18
3293 57 15 10
3294 4 16 11
3295 7 30 14
3296 41 62 12
3297 22 48 10
3298 9 52 18
3299 31 36 15
3300 31 52 14
3301 6 49 9
3302 41 44 9
3303 2 10 6
3304 10 18 13
3305 48 42 7
3306 26 0 18
3307 37 47 8
3308 62 58 11
3309 48 60 6
3310 27 49 11
3311 53 18 6
3312 24 54 9
3313 32 38 16
3314 36 27 16
3315 33 51 14
3316 48 31 9
3317 13 9 16
3318 19 25 9
3319 47 56 16
3320 53 11 13
3321 6 57 9
3322 15 57 10
3323 35 45 13
3324 59 54 8
3325 52 17 12
3326 31 50 13
3327 40 5 14
3328 62 63 10
3329 63 47 15
3330 34 36 16
3331 30 36 14
3332 42 17 15
3333 45 24 13
3334 58 32 6
3335 30 60 12
3336 59 53 14
3337 60 36 6
3338 33 19 6
3339 61 53 13
3340 45 10 10
3341 56 44 9
3342 38 11 7
3343 40 60 18
3344 26 7 15
3345 7 4 16
3346 5 35 17
3347 4 52 11
3348 50 45 17
3349 19 30 17
3350 37 33 11
3351 31 42 16
3352 54 46 9
3353 43 23 9
3354 16 52 12
3355 4 1 6
3356 33 59 6
3357 10 8 6
3358 31 39 15
3359 46 53 7
3360 10 51 11
3361 10 11 14
3362 13 40 14
3363 27 57 18
3364 35 51 12
3365 9 39 17
3366 39 60 13
3367 54 11 14
3368 52 62 16
3369 0 35 17
3370 59 52 12
3371 49 18 17
3372 2 47 17
3373 17 47 12
3374 43 47 6
3375 8 35 17
3376 21 29 17
3377 29 0 17
3378 23 63 12
3379 36 2 11
3380 35 61 16
3381 30 54 8
3382 19 8 10
3383 7 45 7
3384 27 11 14
3385 49 48 6
3386 39 62 10
3387 57 31 9
3388 11 32 13
3389 43 21 10
3390 58 38 10
3391 16 0 9
3392 41 33 10
3393 13 2 17
3394 21 28 18
3395 61 28 11
3396 10 52 12
3397 39 63 13
3398 38 12 9
3399 11 26 11
3400 9 24 6
3401 18 45 14
3402 47 25 10
3403 53 40 14
3404 10 44 9
3405 46 21 17
3406 15 62 14
3407 41 43 15
3408 7 38 17
3409 9 21 14
3410 48 42 11
3411 14 48 13
3412 44 22 9
3413 26 12 15
3414 28 39 14
3415 11 5 17
3416 7 25 14
3417 8 33 12
3418 24 33 8
3419 22 39 8
3420 13 47 15
3421 59 30 18
3422 6 13 8
3423 8 40 8
3424 60 24 10
3425 11 37 17
3426 51 11 9
3427 31 10 11
3428 45 46 9
3429 6 8 11
3430 28 4 9
3431 7 39 10
3432 1 57 13
3433 11 12 6
3434 52 46 15
3435 38 40 11
3436 58 52 17
3437 55 30 17
3438 39 41 10
3439 15 23 15
3440 12 18 12
3441 34 43 8
3442 7 53 10
3443 10 13 6
3444 53 13 17
3445 48 11 6
3446 7 16 8
3447 32 17 18
3448 15 51 14
3449 18 53 14
3450 16 19 16
3451 10 63 11
3452 51 21 16
3453 48 18 6
3454 24 34 13
3455 11 0 6
3456 44 29 8
3457 45 63 8
3458 16 58 6
3459 25 20 8
3460 3 5 16
3461 59 34 14
3462 43 63 17
3463 16 32 18
3464 24 59 7
3465 18 44 7
3466 37 42 8
3467 5 42 16
3468 2 18 16
3469 51 2 18
3470 48 5 10
3471 3 22 18
3472 23 33 6
3473 53 45 10
3474 61 33 13
3475 51 43 6
3476 2 32 7
3477 42 55 12
3478 33 26 6
3479 12 49 11
3480 45 55 18
3481 17 28 14
3482 62 56 17
3483 48 44 12
3484 30 9 9
3485 49 6 12
3486 16 17 15
3487 2 11 7
3488 24 48 6
3489 35 61 15
3490 35 57 7
3491 1 27 14
3492 2 26 11
3493 15 32 14
3494 41 31 14
3495 21 37 10
3496 9 15 10
3497 58 6 11
3498 29 39 13
3499 16 30 15
3500 45 11 17
3501 52 60 9
3502 7 42 17
3503 28 16 16
3504 50 63 6
3505 32 51 16
3506 52 42 12
3507 19 21 11
3508 23 20 14
3509 21 0 18
3510 14 27 8
3511 31 47 9
3512 5 55 14
3513 43 54 14
3514 38 54 13
3515 52 63 14
3516 2 51 10
3517 41 28 13
3518 34 35 15
3519 41 60 11
3520 18 10 9
3521 45 25 7
3522 61 41 11
3523 42 20 14
3524 62 35 14
3525 58 35 7
3526 8 37 14
3527 49 20 12
3528 56 41 18
3529 15 63 12
3530 32 42 9
3531 34 52 11
3532 40 9 18
3533 45 55 10
3534 14 51 13
3535 54 30 17
3536 1 6 15
3537 26 44 17
3538 23 7 7
3539 50 24 6
3540 10 41 15
3541 60 19 8
3542 35 18 8
3543 35 27 10
3544 21 61 12
3545 52 6 15
3546 32 55 16
3547 6 10 18
3548 4 35 6
3549 26 25 10
3550 0 9 11
3551 28 56 17
3552 30 47 18
3553 51 62 7
3554 44 41 10
3555 34 53 6
3556 44 31 15
3557 19 50 6
3558 55 62 10
3559 51 17 13
3560 17 6 16
3561 42 26 12
3562 38 8 7
3563 19 44 12
3564 56 19 18
3565 46 5 8
3566 10 45 11
3567 27 31 6
3568 63 58 11
3569 40 17 7
3570 20 49 8
3571 53 33 9
3572 47 50 13
3573 34 36 17
3574 50 0 13
3575 2 61 11
3576 10 12 15
3577 8 58 13
3578 47 8 8
3579 35 38 7
3580 39 21 11
3581 26 12 12
3582 35 22 14
3583 31 43 16
3584 60 34 13
3585 56 55 11
3586 48 40 15
3587 4 61 6
3588 46 41 10
3589 33 26 16
3590 39 28 18
3591 55 60 16
3592 63 13 11
3593 52 22 8
3594 0 34 18
3595 6 62 12
3596 30 38 7
3597 44 26 11
3598 59 15 6
3599 6 14 7
3600 42 32 13
3601 58 29 18
3602 36 33 9
3603 9 33 17
3604 61 17 8
3605 45 46 13
3606 43 51 10
3607 13 28 11
3608 34 62 10
3609 12 50 14
3610 42 47 13
3611 27 40 8
3612 30 18 14
3613 46 47 11
3614 2 44 13
3615 38 62 11
3616 12 52 12
3617 5 19 18
3618 33 15 18
3619 24 52 8
3620 30 27 17
3621 38 56 6
3622 38 2 13
3623 13 32 12
3624 56 12 10
3625 63 62 17
3626 31 37 7
3627 44 40 15
3628 43 5 14
3629 27 63 10
3630 47 51 6
3631 15 59 6
3632 24 49 7
3633 2 9 13
3634 44 3 16
3635 5 13 13
3636 4 49 13
3637 34 4 13
3638 55 22 14
3639 40 12 12
3640 19 14 17
3641 46 30 16
3642 54 56 12
3643 31 45 9
3644 54 62 9
3645 47 45 17
3646 52 5 13
3647 7 58 8
3648 17 27 10
3649 10 27 9
3650 44 13 18
3651 24 0 7
3652 34 24 6
3653 59 39 8
3654 63 39 15
3655 29 55 12
3656 28 40 13
3657 52 56 18
3658 8 34 14
3659 2 25 17
3660 1 6 13
3661 29 46 18
3662 55 46 14
3663 19 49 6
3664 22 43 8
3665 53 30 17
3666 60 33 17
3667 8 18 14
3668 49 54 15
3669 13 11 18
3670 16 25 18
3671 21 9 10
3672 21 41 8
3673 48 10 7
3674 62 18 11
3675 39 50 18
3676 40 57 10
3677 34 48 11
3678 27 23 11
3679 40 35 10
3680 9 14 14
3681 12 43 7
3682 27 48 13
3683 24 2 16
3684 43 18 6
3685 26 12 17
3686 27 56 17
3687 54 38 18
3688 12 35 13
3689 10 33 12
3690 17 21 6
3691 9 33 16
3692 31 25 9
3693 41 34 6
3694 12 14 8
3695 56 21 14
3696 26 49 6
3697 25 0 14
3698 61 50 10
3699 59 61 6
3700 1 53 16
3701 61 55 7
3702 30 59 12
3703 18 47 6
3704 61 53 16
3705 61 8 16
3706 53 23 7
3707 63 18 6
3708 36 50 14
3709 6 38 7
3710 49 28 6
3711 28 20 12
3712 38 42 18
3713 51 32 15
3714 54 59 10
3715 13 10 12
3716 4 41 17
3717 29 2 12
3718 32 4 15
3719 62 1 9
3720 38 16 11
3721 14 57 16
3722 6 15 14
3723 8 47 14
3724 12 24 12
3725 18 50 13
3726 1 59 10
3727 22 15 11
3728 31 8 15
3729 31 50 17
3730 17 43 8
3731 51 0 8
3732 22 14 12
3733 3 58 11
3734 35 1 8
3735 29 25 18
3736 47 29 18
3737 38 24 16
3738 10 0 12
3739 46 57 9
3740 41 10 13
3741 39 43 10
3742 48 27 18
3743 44 15 6
3744 20 10 10
3745 6 11 8
3746 31 24 7
3747 42 47 14
3748 61 1 9
3749 43 58 7
3750 63 10 13
3751 3 24 6
3752 44 52 14
3753 57 7 15
3754 38 9 8
3755 32 48 6
3756 42 11 12
3757 32 29 18
3758 41 26 9
3759 57 49 14
3760 33 14 18
3761 58 51 13
3762 59 55 6
3763 1 49 10
3764 28 39 11
3765 58 29 7
3766 60 30 6
3767 29 28 8
3768 33 53 17
3769 57 42 18
3770 63 33 11
3771 14 0 10
3772 35 5 15
3773 38 56 17
3774 27 14 14
3775 11 44 12
3776 2 43 10
3777 20 61 6
3778 58 46 15
3779 38 61 12
3780 15 13 7
3781 6 61 15
3782 60 50 10
3783 57 46 10
3784 44 53 11
3785 59 19 14
3786 58 19 8
3787 49 26 10
3788 43 34 16
3789 3 26 15
3790 1 33 16
3791 48 44 17
3792 53 1 12
3793 48 23 16
3794 52 8 9
3795 16 52 18
3796 60 4 15
3797 56 58 13
3798 47 59 6
3799 26 52 8
3800 48 28 13
3801 59 23 17
3802 56 8 16
3803 10 7 13
3804 30 45 7
3805 16 53 8
3806 23 4 12
3807 21 36 9
3808 20 29 9
3809 30 6 18
3810 18 27 15
3811 29 32 10
3812 48 2 18
3813 51 3 12
3814 33 29 16
3815 0 51 15
3816 44 16 9
3817 43 56 14
3818 50 41 18
3819 17 39 7
3820 17 43 9
3821 61 6 6
3822 48 33 10
3823 43 36 14
3824 61 43 9
3825 13 14 15
3826 1 32 8
3827 46 44 10
3828 18 0 11
3829 31 56 12
3830 38 16 11
3831 42 3 13
3832 54 57 14
3833 50 3 16
3834 23 5 9
3835 16 21 7
3836 31 9 13
3837 4 11 15
3838 41 51 12
3839 26 16 14
3840 60 61 8
3841 63 25 18
3842 9 32 18
3843 20 39 15
3844 46 52 8
3845 14 60 16
3846 50 39 10
3847 14 54 6
3848 30 24 18
3849 23 0 13
3850 0 2 11
3851 10 5 8
3852 62 39 11
3853 10 19 6
3854 18 20 17
3855 0 10 17
3856 62 46 10
3857 46 34 7
3858 50 35 14
3859 63 17 16
3860 8 7 10
3861 51 53 8
3862 59 40 16
3863 2 12 11
3864 21 51 16
3865 57 32 10
3866 21 6 9
3867 50 7 13
3868 43 37 17
3869 24 25 6
3870 47 63 8
3871 30 27 12
3872 1 54 6
3873 11 33 11
3874 57 19 9
3875 17 51 13
3876 9 34 17
3877 43 12 15
3878 58 0 7
3879 46 5 17
3880 13 55 13
3881 61 16 6
3882 16 44 7
3883 16 5 7
3884 19 45 8
3885 30 29 17
3886 19 57 6
3887 34 25 18
3888 61 43 14
3889 20 13 11
3890 47 41 18
3891 15 9 12
3892 27 56 7
3893 36 21 6
3894 59 42 13
3895 38 14 18
3896 39 23 10
3897 59 30 15
3898 52 20 12
3899 16 44 15
3900 10 30 17
3901 8 22 10
3902 60 57 9
3903 55 59 13
3904 21 33 10
3905 24 39 9
3906 43 38 15
3907 59 63 8
3908 48 46 13
3909 14 43 12
3910 39 28 14
3911 5 20 15
3912 6 28 10
3913 2 37 8
3914 37 60 15
3915 53 6 16
3916 3 6 15
3917 36 1 15
3918 8 53 17
3919 45 61 9
3920 61 53 8
3921 36 21 12
3922 48 17 8
3923 46 33 15
3924 19 4 9
3925 52 29 6
3926 10 34 16
3927 7 12 16
3928 42 18 13
3929 30 13 17
3930 14 58 8
3931 23 50 10
3932 8 33 13
3933 42 53 15
3934 1 8 14
3935 34 16 15
3936 28 27 11
3937 34 57 18
3938 39 20 8
3939 31 41 15
3940 53 61 18
3941 61 10 11
3942 31 2 18
3943 21 55 18
3944 20 38 13
3945 30 51 11
3946 1 5 17
3947 25 18 15
3948 2 4 17
3949 7 55 10
3950 58 52 7
3951 39 38 8
3952 57 62 9
3953 41 40 10
3954 6 36 8
3955 31 15 12
3956 63 18 17
3957 7 55 13
3958 46 34 15
3959 28 25 10
3960 29 51 15
3961 2 35 11
3962 27 23 18
3963 44 22 14
3964 60 28 11
3965 58 25 9
3966 12 28 9
3967 2 61 9
3968 35 43 9
3969 26 6 8
3970 29 54 10
3971 12 22 8
3972 37 60 10
3973 2 47 9
3974 58 20 6
3975 30 29 11
3976 5 41 7
3977 51 6 8
3978 31 16 11
3979 12 3 13
3980 11 46 11
3981 41 63 6
3982 34 6 10
3983 19 38 11
3984 50 39 7
3985 10 20 11
3986 47 11 8
3987 41 29 14
3988 4 62 18
3989 9 11 9
3990 44 2 11
3991 28 39 15
3992 32 8 15
3993 60 14 11
3994 63 40 11
3995 63 15 12
3996 55 29 8
3997 16 35 12
3998 31 2 18
3999 55 15 17
4000 52 17 7
4001 46 55 9
4002 40 16 6
4003 0 58 12
4004 9 40 6
4005 37 19 6
4006 40 49 14
4007 45 53 15
4008 57 58 7
4009 39 24 16
4010 27 54 6
4011 5 4 7
4012 5 10 10
4013 53 12 6
4014 27 19 13
4015 12 26 6
4016 35 50 16
4017 14 49 9
4018 14 52 14
4019 60 45 7
4020 45 53 15
4021 5 44 16
4022 4 48 11
4023 51 20 12
4024 61 22 14
4025 4 1 13
4026 19 62 8
4027 0 14 16
4028 37 57 8
4029 24 58 9
4030 45 53 10
4031 2 59 14
4032 28 3 14
4033 28 6 18
4034 51 56 14
4035 47 13 16
4036 32 44 10
4037 26 52 13
4038 10 33 12
4039 61 33 15
4040 4 55 12
4041 53 57 11
4042 8 43 18
4043 62 12 7
4044 54 38 11
4045 55 5 11
4046 46 51 9
4047 38 31 18
4048 11 6 16
4049 56 26 15
4050 18 2 17
4051 4 17 11
4052 44 54 11
4053 27 30 18
4054 60 61 13
4055 30 2 16
4056 25 12 12
4057 63 61 7
4058 20 53 7
4059 47 36 14
4060 61 19 6
4061 13 18 10
4062 7 17 11
4063 37 43 11
4064 3 7 11
4065 37 4 14
4066 4 26 15
4067 63 51 16
4068 58 30 14
4069 61 17 10
4070 48 12 12
4071 27 1 9
4072 36 31 14
4073 28 7 6
4074 3 10 10
4075 28 40 8
4076 39 28 6
4077 62 35 7
4078 56 52 11
4079 34 52 18
4080 49 19 14
4081 63 24 11
4082 12 48 8
4083 18 43 8
4084 57 41 16
4085 51 7 6
4086 21 16 9
4087 4 16 9
4088 36 4 11
4089 48 59 13
4090 13 23 11
4091 10 47 14
4092 5 33 7
4093 21 1 11
4094 8 52 12
4095 55 5 17
4096 14 23 9
4097 16 62 14
4098 37 35 13
4099 4 48 18
4100 24 53 7
4101 41 17 13
4102 50 41 14
4103 36 38 10
4104 19 1 8
4105 20 33 17
4106 19 32 14
4107 50 24 17
4108 9 31 13
4109 30 59 7
4110 38 46 6
4111 28 9 7
4112 4 19 12
4113 48 15 10
4114 15 31 16
4115 52 0 12
4116 10 3 10
4117 58 11 14
4118 15 13 15
4119 16 40 12
4120 18 38 17
4121 62 52 14
4122 27 37 7
4123 5 28 10
4124 10 35 7
4125 25 8 14
4126 13 14 14
4127 13 39 6
4128 43 10 17
4129 29 20 11
4130 14 56 15
4131 0 39 10
4132 57 4 14
4133 46 53 6
4134 35 6 18
4135 49 58 7
4136 37 58 14
4137 27 8 6
4138 25 13 10
4139 45 49 10
4140 40 60 8
4141 19 58 11
4142 60 34 18
4143 6 58 17
4144 34 3 9
4145 27 57 10
4146 33 57 6
4147 29 31 15
4148 13 29 12
4149 36 11 8
4150 51 38 7
4151 0 49 6
4152 28 21 12
4153 57 44 9
4154 8 5 11
4155 62 50 9
4156 11 4 7
4157 3 51 16
4158 42 37 12
4159 12 21 11
4160 28 50 6
4161 49 36 6
4162 7 35 13
4163 37 51 13
4164 38 48 18
4165 34 32 14
4166 8 59 6
4167 31 51 18
4168 13 3 6
4169 58 59 6
4170 9 56 13
4171 28 61 11
4172 39 25 18
4173 25 4 13
4174 13 14 7
4175 56 13 15
4176 54 6 6
4177 35 3 8
4178 11 34 10
4179 37 11 18
4180 45 42 15
4181 54 57 10
4182 29 38 16
4183 52 43 11
4184 20 29 15
4185 13 61 18
4186 3 27 17
4187 29 46 9
4188 0 7 10
4189 23 49 16
4190 51 44 9
4191 49 14 17
4192 61 58 9
4193 13 58 9
4194 38 54 17
4195 19 34 14
4196 63 19 9
4197 44 48 11
4198 31 19 13
4199 49 58 16
4200 11 33 17
4201 10 30 10
4202 25 15 18
4203 61 49 13
4204 4 55 6
4205 46 12 13
4206 29 40 13
4207 16 15 17
4208 15 49 8
4209 43 3 12
4210 24 47 18
4211 33 50 10
4212 51 26 15
4213 57 1 7
4214 37 41 11
4215 62 0 9
4216 30 32 16
4217 16 60 17
4218 12 50 12
4219 19 46 11
4220 16 7 11
4221 3 22 12
4222 6 0 6
4223 10 14 16
4224 7 10 11
4225 54 9 12
4226 9 58 9
4227 33 32 18
4228 10 17 7
4229 29 0 6
4230 17 24 14
4231 38 48 15
4232 6 51 13
4233 16 25 16
4234 27 9 6
4235 33 15 13
4236 59 31 16
4237 52 46 11
4238 53 8 15
4239 17 16 7
4240 17 2 12
4241 27 10 14
4242 50 36 7
4243 61 49 7
4244 28 3 8
4245 24 52 10
4246 14 55 15
4247 30 54 14
4248 24 40 16
4249 8 52 13
4250 55 35 6
4251 31 18 9
4252 8 29 16
4253 22 43 8
4254 19 51 18
4255 58 13 8
4256 48 30 13
4257 33 41 8
4258 23 40 8
4259 53 32 10
4260 38 35 18
4261 31 54 18
4262 55 14 7
4263 9 39 18
4264 28 5 12
4265 32 3 15
4266 3 41 14
4267 63 61 7
4268 42 40 17
4269 44 7 18
4270 49 21 18
4271 61 6 8
4272 45 12 17
4273 19 2 17
4274 34 49 9
4275 59 21 7
4276 52 22 17
4277 50 2 9
4278 18 24 11
4279 38 9 14
4280 0 22 15
4281 40 44 16
4282 62 59 18
4283 29 58 18
4284 25 45 13
4285 40 44 7
4286 18 32 17
4287 57 34 16
4288 10 9 7
4289 61 27 12
4290 58 1 9
4291 54 18 11
4292 50 59 12
4293 13 20 11
4294 37 20 9
4295 26 3 18
4296 1 5 11
4297 50 31 6
4298 18 21 16
4299 32 17 14
4300 59 28 8
4301 14 5 13
4302 25 10 8
4303 56 29 17
4304 54 45 18
4305 37 44 8
4306 23 0 13
4307 17 0 7
4308 57 2 14
4309 37 17 14
4310 60 32 16
4311 8 55 16
4312 20 62 15
4313 55 26 16
4314 50 41 7
4315 20 41 11
4316 42 11 16
4317 2 46 7
4318 4 14 15
4319 38 32 17
4320 16 54 8
4321 26 6 6
4322 26 53 6
4323 57 17 8
4324 30 41 6
4325 19 29 6
4326 24 34 16
4327 18 35 9
4328 58 42 18
4329 26 14 12
4330 18 3 15
4331 14 53 17
4332 50 28 7
4333 54 49 14
4334 60 39 6
4335 31 26 6
4336 32 47 10
4337 32 8 6
4338 49 12 12
4339 50 33 15
4340 59 0 6
4341 36 37 18
4342 42 3 7
4343 42 12 13
4344 52 38 8
4345 52 21 14
4346 0 16 10
4347 12 15 11
4348 0 40 6
4349 52 53 7
4350 24 15 11
4351 20 42 11
4352 20 31 17
4353 20 17 16
4354 6 41 14
4355 24 58 16
4356 56 38 9
4357 44 34 17
4358 7 39 13
4359 51 22 11
4360 25 46 6
4361 13 11 7
4362 42 20 11
4363 40 55 8
4364 59 57 17
4365 22 51 6
4366 28 10 13
4367 35 2 9
4368 2 32 11
4369 0 60 7
4370 55 8 18
4371 39 16 8
4372 28 47 17
4373 42 37 16
4374 46 23 6
4375 41 45 15
4376 52 56 11
4377 56 63 15
4378 11 13 16
4379 24 57 15
4380 28 2 17
4381 39 42 13
4382 52 18 13
4383 32 41 18
4384 13 11 12
4385 0 45 14
4386 59 4 18
4387 13 44 16
4388 21 23 7
4389 26 25 12
4390 48 7 6
4391 25 34 13
4392 55 9 8
4393 29 0 16
4394 63 35 12
4395 13 14 17
4396 31 61 15
4397 16 59 7
4398 42 50 6
4399 28 27 14
4400 62 45 8
4401 46 50 14
4402 13 33 18
4403 30 59 12
4404 31 6 17
4405 1 0 13
4406 30 63 15
4407 36 38 18
4408 35 40 13
4409 32 39 10
4410 14 5 13
4411 51 21 17
4412 54 17 12
4413 43 36 16
4414 29 38 18
4415 57 45 15
4416 13 50 6
4417 33 31 11
4418 26 42 16
4419 6 59 18
4420 54 46 14
4421 40 57 14
4422 28 63 11
4423 53 9 12
4424 61 39 9
4425 39 4 13
4426 26 7 13
4427 12 59 13
4428 49 12 16
4429 24 40 16
4430 3 0 13
4431 27 49 15
4432 20 19 9
4433 25 41 10
4434 1 30 9
4435 52 43 8
4436 42 5 17
4437 23 28 7
4438 17 50 11
4439 25 20 13
4440 30 40 17
4441 42 15 10
4442 57 19 10
4443 6 24 8
4444 16 31 10
4445 61 62 7
4446 37 54 18
4447 42 4 15
4448 31 45 11
4449 47 44 17
4450 57 5 8
4451 4 5 12
4452 14 60 10
4453 9 24 12
4454 39 33 18
4455 46 35 18
4456 60 50 7
4457 20 13 14
4458 31 11 16
4459 18 61 16
4460 1 53 11
4461 3 56 17
4462 51 13 8
4463 21 19 14
4464 30 3 11
4465 49 37 10
4466 53 45 9
4467 0 32 11
4468 47 41 18
4469 43 42 6
4470 16 52 9
4471 42 54 6
4472 63 62 18
4473 39 27 9
4474 17 62 12
4475 24 7 10
4476 52 4 6
4477 22 31 12
4478 48 18 12
4479 2 23 16
4480 23 19 6
4481 56 47 11
4482 2 51 7
4483 58 4 12
4484 59 3 17
4485 8 43 16
4486 13 22 6
4487 7 26 15
4488 26 32 10
4489 4 58 12
4490 60 20 7
4491 48 23 17
4492 9 24 16
4493 30 29 15
4494 9 20 15
4495 48 18 7
4496 0 43 9
4497 3 61 7
4498 20 22 12
4499 5 7 14
4500 16 18 14
4501 29 59 13
4502 35 23 13
4503 6 40 10
4504 41 62 17
4505 56 21 14
4506 18 7 12
4507 24 19 8
4508 3 10 8
4509 53 6 10
4510 33 53 17
4511 53 46 14
4512 41 17 17
4513 34 62 12
4514 1 53 17
4515 2 54 10
4516 56 19 17
4517 32 43 8
4518 46 59 9
4519 57 59 17
4520 32 60 13
4521 33 1 13
4522 0 34 12
4523 40 61 13
4524 58 6 12
4525 11 18 15
4526 58 19 14
4527 39 19 12
4528 7 17 14
4529 18 51 16
4530 9 48 10
4531 15 56 6
4532 0 43 9
4533 63 9 16
4534 54 4 11
4535 49 50 14
4536 1 25 7
4537 51 48 10
4538 60 47 16
4539 8 18 13
4540 24 15 8
4541 33 17 14
4542 46 30 11
4543 34 10 12
4544 2 10 15
4545 10 33 14
4546 2 56 6
4547 15 60 6
4548 51 62 7
4549 46 21 6
4550 61 59 16
4551 13 7 13
4552 36 7 10
4553 28 54 14
4554 47 56 15
4555 48 57 17
4556 19 37 12
4557 10 6 11
4558 8 11 6
4559 0 6 16
4560 60 6 7
4561 63 46 6
4562 22 1 11
4563 6 19 11
4564 36 60 8
4565 29 22 6
4566 10 1 16
4567 22 60 11
4568 60 34 16
4569 58 42 16
4570 29 54 11
4571 57 39 10
4572 21 44 8
4573 49 33 16
4574 21 7 10
4575 10 51 10
4576 14 44 18
4577 27 56 10
4578 5 46 7
4579 24 30 13
4580 29 56 18
4581 54 50 17
4582 57 48 14
4583 14 48 18
4584 0 40 11
4585 63 11 18
4586 58 38 15
4587 5 46 14
4588 38 50 14
4589 10 35 10
4590 4 7 9
4591 43 51 8
4592 36 5 16
4593 45 56 10
4594 33 42 6
4595 55 26 8
4596 33 47 18
4597 31 40 8
4598 56 13 7
4599 14 11 17
4600 7 47 18
4601 9 32 12
4602 54 41 15
4603 28 21 7
4604 31 45 15
4605 52 15 14
4606 26 6 16
4607 58 25 16
4608 35 1 18
4609 5 19 8
4610 53 33 8
4611 44 63 16
4612 17 1 11
4613 42 37 14
4614 20 61 18
4615 13 18 7
4616 36 60 16
4617 32 35 13
4618 39 49 6
4619 37 22 15
4620 31 58 7
4621 61 32 16
4622 60 23 7
4623 33 55 7
4624 58 23 13
4625 43 6 18
4626 34 44 18
4627 18 23 12
4628 57 54 15
4629 58 59 13
4630 42 37 10
4631 42 33 13
4632 37 8 9
4633 35 0 7
4634 17 27 12
4635 0 42 15
4636 55 23 17
4637 58 42 16
4638 8 26 10
4639 48 31 14
4640 3 14 8
4641 35 36 18
4642 37 61 15
4643 31 54 17
4644 44 52 7
4645 8 46 12
4646 51 17 17
4647 16 30 6
4648 59 3 16
4649 53 42 15
4650 32 3 11
4651 29 13 12
4652 4 16 17
4653 16 57 16
4654 38 30 9
4655 6 27 13
4656 22 62 7
4657 52 20 10
4658 38 58 11
4659 53 24 7
4660 13 16 16
4661 9 26 14
4662 1 62 14
4663 23 62 14
4664 6 50 12
4665 9 40 17
4666 38 44 15
4667 42 51 12
4668 29 45 12
4669 41 37 7
4670 3 21 16
4671 22 43 8
4672 9 21 16
4673 48 55 15
4674 5 40 15
4675 34 49 15
4676 39 22 14
4677 20 36 13
4678 4 42 8
4679 5 31 7
4680 28 21 15
4681 58 11 18
4682 21 26 17
4683 20 2 9
4684 55 48 14
4685 55 37 8
4686 56 61 14
4687 49 17 12
4688 43 23 13
4689 18 59 17
4690 48 3 17
4691 31 19 6
4692 61 57 14
4693 28 34 13
4694 10 0 12
4695 23 29 9
4696 34 44 18
4697 47 61 9
4698 43 54 8
4699 24 16 18
4700 57 63 16
4701 4 7 10
4702 42 27 11
4703 45 60 9
4704 7 16 18
4705 59 28 17
4706 16 21 14
4707 44 57 6
4708 39 20 18
4709 32 5 18
4710 19 42 11
4711 43 37 12
4712 28 57 13
4713 4 37 7
4714 13 53 13
4715 8 46 18
4716 53 36 12
4717 58 29 14
4718 50 43 12
4719 1 38 10
4720 33 55 13
4721 29 26 8
4722 22 9 17
4723 20 36 14
4724 42 45 14
4725 59 56 6
4726 1 54 8
4727 30 33 11
4728 35 20 12
4729 35 4 13
4730 52 3 16
4731 41 26 6
4732 10 16 17
4733 6 28 9
4734 3 15 9
4735 63 11 18
4736 48 18 14
4737 28 31 11
4738 54 6 11
4739 9 4 14
4740 2 14 11
4741 27 26 13
4742 35 25 11
4743 51 58 6
4744 16 57 13
4745 21 58 7
4746 40 48 11
4747 55 47 13
4748 37 45 13
4749 43 47 11
4750 3 43 11
4751 30 49 8
4752 10 56 7
4753 38 46 10
4754 9 28 15
4755 44 20 17
4756 40 16 17
4757 46 18 18
4758 7 58 16
4759 20 9 12
4760 40 12 7
4761 23 11 10
4762 47 62 10
4763 37 40 8
4764 7 26 6
4765 17 60 16
4766 49 33 13
4767 25 3 14
4768 18 38 6
4769 24 46 16
4770 30 22 17
4771 11 21 17
4772 36 1 17
4773 22 25 18
4774 55 29 10
4775 2 32 7
4776 22 11 14
4777 4 46 17
4778 21 45 13
4779 40 7 17
4780 3 36 13
4781 32 11 8
4782 30 19 11
4783 38 52 6
4784 11 14 9
4785 38 29 10
4786 46 60 7
4787 25 27 15
4788 55 22 13
4789 54 53 7
4790 23 63 9
4791 37 16 7
4792 14 19 6
4793 21 11 17
4794 26 10 9
4795 5 11 10
4796 39 4 8
4797 6 8 15
4798 48 52 10
4799 46 20 9
4800 14 13 16
4801 4 19 7
4802 27 24 11
4803 50 26 7
4804 56 19 9
4805 55 51 13
4806 6 38 17
4807 8 61 7
4808 1 27 17
4809 11 14 14
4810 61 37 6
4811 41 3 7
4812 30 26 18
4813 20 2 18
4814 31 34 18
4815 33 47 12
4816 3 63 7
4817 32 60 18
4818 50 44 6
4819 63 58 11
4820 19 45 17
4821 58 19 9
4822 9 48 18
4823 26 15 12
4824 3 25 16
4825 63 9 7
4826 7 40 18
4827 56 3 9
4828 48 26 6
4829 54 51 13
4830 2 1 11
4831 35 51 15
4832 50 31 17
4833 17 31 9
4834 59 7 6
4835 63 13 17
4836 40 1 18
4837 3 63 7
4838 35 6 14
4839 53 25 9
4840 23 27 10
4841 27 3 18
4842 51 43 14
4843 62 37 10
4844 24 21 9
4845 59 42 15
4846 0 63 8
4847 18 41 14
4848 18 47 14
4849 43 35 11
4850 40 14 9
4851 14 53 18
4852 3 27 10
4853 21 30 12
4854 63 26 14
4855 62 25 12
4856 24 18 9
4857 2 4 10
4858 30 52 10
4859 56 46 14
4860 39 52 12
4861 35 55 17
4862 61 34 7
4863 50 29 13
4864 11 16 6
4865 51 29 7
4866 58 42 11
4867 21 56 13
4868 51 4 7
4869 33 45 14
4870 38 0 14
4871 13 14 17
4872 34 32 18
4873 10 47 13
4874 22 14 17
4875 39 27 17
4876 48 8 7
4877 53 48 7
4878 13 39 12
4879 3 25 12
4880 9 11 14
4881 21 51 17
4882 2 42 11
4883 43 34 12
4884 44 33 8
4885 50 31 12
4886 32 29 13
4887 57 11 10
4888 3 25 10
4889 34 40 10
4890 43 45 16
4891 52 54 6
4892 1 29 6
4893 11 52 16
4894 17 19 13
4895 19 28 14
4896 48 60 10
4897 16 12 16
4898 56 26 12
4899 29 47 16
4900 7 41 16
4901 57 2 18
4902 24 33 6
4903 10 52 16
4904 46 4 14
4905 14 8 9
4906 52 33 18
4907 2 30 10
4908 32 34 9
4909 60 59 6
4910 1 53 8
4911 62 42 17
4912 42 15 10
4913 23 45 10
4914 36 49 12
4915 42 37 8
4916 10 60 17
4917 45 55 8
4918 60 43 8
4919 0 1 7
4920 53 8 16
4921 57 26 10
4922 39 59 15
4923 36 40 15
4924 23 29 11
4925 15 52 17
4926 27 29 8
4927 54 35 17
4928 62 11 16
4929 5 6 7
4930 56 1 13
4931 13 16 16
4932 36 43 13
4933 51 9 17
4934 30 5 10
4935 38 36 7
4936 36 22 16
4937 31 40 17
4938 44 19 18
4939 25 27 13
4940 21 60 17
4941 45 51 16
4942 62 15 16
4943 26 6 8
4944 53 41 12
4945 35 58 17
4946 60 12 7
4947 43 16 17
4948 8 59 6
4949 35 9 17
4950 0 62 17
4951 15 14 12
4952 15 9 10
4953 51 32 10
4954 48 10 7
4955 30 7 18
4956 58 46 18
4957 38 22 17
4958 38 62 9
4959 43 23 9
4960 63 61 10
4961 63 58 6
4962 7 60 14
4963 15 18 11
4964 31 22 11
4965 12 20 7
4966 3 20 18
4967 21 51 13
4968 7 52 16
4969 51 52 17
4970 2 18 14
4971 55 46 17
4972 26 27 15
4973 46 58 7
4974 52 39 12
4975 17 13 18
4976 0 1 9
4977 60 1 18
4978 2 57 6
4979 31 62 14
4980 7 53 17
4981 55 28 8
4982 4 63 18
4983 4 30 10
4984 34 19 16
4985 55 62 17
4986 38 56 12
4987 22 52 11
4988 7 60 18
4989 36 34 18
4990 43 50 11
4991 56 17 12
4992 60 50 11
4993 35 11 18
4994 20 13 13
4995 34 63 13
4996 44 0 18
4997 5 24 10
4998 42 16 18
4999 19 7 8
5000 55 22 12
5001 28 7 9
5002 16 49 16
5003 32 44 8
5004 47 56 9
5005 30 1 15
5006 4 59 18
5007 33 5 17
5008 48 29 11
5009 11 55 14
5010 43 18 16
5011 19 34 13
5012 51 61 11
5013 15 16 11
5014 25 61 18
5015 3 7 17
5016 45 26 12
5017 52 26 9
5018 17 63 12
5019 29 27 10
5020 16 19 14
5021 45 51 8
5022 29 59 8
5023 28 63 16
5024 22 23 11
5025 26 13 6
5026 29 60 18
5027 6 0 14
5028 39 18 16
5029 26 32 6
5030 26 57 6
5031 34 25 9
5032 29 25 16
5033 15 26 14
5034 35 46 12
5035 10 16 11
5036 62 1 10
5037 59 28 13
5038 12 47 18
5039 14 61 12
5040 49 2 16
5041 49 37 11
5042 45 39 10
5043 18 12 11
5044 62 28 13
5045 20 55 10
5046 3 41 9
5047 18 57 9
5048 54 46 15
5049 26 33 17
5050 16 27 16
5051 4 28 15
5052 58 59 16
5053 27 10 17
5054 47 2 9
5055 21 12 15
5056 47 53 11
5057 46 10 16
5058 3 16 11
5059 1 50 12
5060 55 51 16
5061 4 51 16
5062 58 28 10
5063 63 53 13
5064 11 38 15
5065 54 31 8
5066 45 11 17
5067 0 29 14
5068 42 23 10
5069 18 60 12
5070 21 19 7
5071 41 45 15
5072 51 30 16
5073 56 37 9
5074 53 29 15
5075 32 43 15
5076 36 0 9
5077 44 41 18
5078 36 53 11
5079 55 47 9
5080 9 60 6
5081 62 27 6
5082 6 19 17
5083 11 2 16
5084 18 59 9
5085 48 28 16
5086 21 44 17
5087 49 59 9
5088 23 21 17
5089 26 36 14
5090 57 34 15
5091 27 8 12
5092 50 0 18
5093 12 15 6
5094 1 38 14
5095 55 50 17
5096 2 56 9
5097 19 52 10
5098 38 57 18
5099 25 60 14
5100 45 46 16
5101 35 11 13
5102 55 7 18
5103 2 25 13
5104 12 53 10
5105 46 13 6
5106 36 44 18
5107 62 31 17
5108 34 53 12
5109 38 32 13
5110 27 29 14
5111 56 7 17
5112 41 16 14
5113 3 42 12
5114 55 44 7
5115 24 56 14
5116 38 57 13
5117 11 30 13
5118 35 31 10
5119 45 5 15
5120 51 40 15
5121 27 5 12
5122 20 41 6
5123 19 30 6
5124 49 35 12
5125 21 33 9
5126 38 29 11
5127 32 51 15
5128 42 22 7
5129 23 13 16
5130 45 49 6
5131 30 57 7
5132 0 5 9
5133 42 39 12
5134 37 48 12
5135 0 38 15
5136 7 27 13
5137 51 33 13
5138 35 58 12
5139 15 10 12
5140 10 23 8
5141 14 43 6
5142 30 51 17
5143 40 44 14
5144 52 8 16
5145 5 38 7
5146 40 28 9
5147 27 47 8
5148 53 51 6
5149 12 28 14
5150 40 0 18
5151 3 21 15
5152 43 61 9
5153 1 13 6
5154 8 23 10
5155 45 59 7
5156 11 47 14
5157 7 49 17
5158 11 37 15
5159 14 24 12
5160 47 4 11
5161 43 15 15
5162 12 28 15
5163 52 56 7
5164 55 63 7
5165 61 0 14
5166 1 39 15
5167 18 26 17
5168 20 46 6
5169 62 12 15
5170 54 10 8
5171 28 26 8
5172 9 24 10
5173 45 20 8
5174 5 33 6
5175 6 27 13
5176 9 60 13
5177 46 44 12
5178 19 57 10
5179 0 49 12
5180 13 8 17
5181 23 53 18
5182 16 4 16
5183 29 7 12
5184 47 9 12
5185 40 62 16
5186 11 21 7
5187 15 55 6
5188 8 10 7
5189 16 29 16
5190 28 25 6
5191 23 41 11
5192 63 17 6
5193 54 19 9
5194 14 36 16
5195 43 55 14
5196 13 2 15
5197 49 13 15
5198 51 6 10
5199 45 3 11
5200 20 11 7
5201 18 6 9
5202 54 0 14
5203 15 51 18
5204 35 13 17
5205 1 32 10
5206 52 5 14
5207 9 63 7
5208 32 4 18
5209 30 34 12
5210 41 33 10
5211 45 3 12
5212 1 42 14
5213 4 52 8
5214 58 33 11
5215 50 55 15
5216 28 44 15
5217 5 62 10
5218 18 35 7
5219 39 18 16
5220 2 37 15
5221 45 58 16
5222 56 55 8
5223 40 24 16
5224 36 58 12
5225 49 10 15
5226 44 24 6
5227 12 50 10
5228 63 17 14
5229 51 15 13
5230 37 48 14
5231 40 1 8
5232 49 16 15
5233 57 49 7
5234 15 49 12
5235 17 51 12
5236 1 24 10
5237 16 34 18
5238 51 52 13
5239 5 15 12
5240 47 48 8
5241 63 62 16
5242 37 5 8
5243 8 46 13
5244 16 26 7
5245 18 41 8
5246 35 22 9
5247 43 19 11
5248 49 4 6
5249 41 39 15
5250 49 8 13
5251 23 13 11
5252 7 43 18
5253 19 1 16
5254 46 29 11
5255 25 11 9
5256 15 34 11
5257 52 2 11
5258 29 36 16
5259 19 31 8
5260 16 15 6
5261 10 18 15
5262 34 33 17
5263 28 13 18
5264 35 9 10
5265 3 62 14
5266 28 33 17
5267 25 59 13
5268 19 38 6
5269 19 12 7
5270 54 18 9
5271 11 27 13
5272 10 13 16
5273 1 5 18
5274 49 19 10
5275 20 52 11
5276 59 55 18
5277 27 42 11
5278 60 57 10
5279 44 16 12
5280 27 38 14
5281 18 25 17
5282 63 19 11
5283 39 37 17
5284 23 16 16
5285 41 25 11
5286 14 8 13
5287 23 3 11
5288 5 31 10
5289 43 46 9
5290 23 60 8
5291 0 33 13
5292 50 60 12
5293 48 5 14
5294 16 63 10
5295 41 57 7
5296 16 7 16
5297 60 40 9
5298 9 27 17
5299 49 46 15
5300 24 13 11
5301 17 50 8
5302 12 4 13
5303 37 10 10
5304 33 28 6
5305 15 1 18
5306 49 10 10
5307 36 45 8
5308 48 39 11
5309 59 39 10
5310 26 27 7
5311 61 12 18
5312 15 46 9
5313 29 31 10
5314 57 21 15
5315 55 59 6
5316 11 3 18
5317 5 26 18
5318 38 28 10
5319 38 63 11
5320 45 52 16
5321 8 11 13
5322 51 6 17
5323 16 14 11
5324 19 63 15
5325 32 27 13
5326 55 28 14
5327 16 62 10
5328 5 26 9
5329 15 20 8
5330 23 29 15
5331 41 33 14
5332 5 56 6
5333 37 57 9
5334 15 39 17
5335 27 50 14
5336 59 39 13
5337 60 63 10
5338 0 58 6
5339 28 51 12
5340 52 45 12
5341 1 0 16
5342 57 48 17
5343 17 20 14
5344 19 15 8
5345 16 15 15
5346 27 53 14
5347 21 61 14
5348 33 56 8
5349 54 33 17
5350 27 26 9
5351 1 38 17
5352 46 55 15
5353 21 4 12
5354 51 50 6
5355 34 45 9
5356 12 23 9
5357 32 33 9
5358 43 35 15
5359 11 14 14
5360 39 55 11
5361 12 19 10
5362 23 15 6
5363 49 30 13
5364 11 60 18
5365 2 39 14
5366 28 48 10
5367 12 10 17
5368 52 43 15
5369 44 46 17
5370 47 33 8
5371 9 31 13
5372 25 13 9
5373 52 24 17
5374 50 43 15
5375 63 22 13
5376 51 59 12
5377 63 60 13
5378 46 26 11
5379 54 9 9
5380 39 11 13
5381 32 9 15
5382 44 28 18
5383 3 38 8
5384 55 62 8
5385 24 25 15
5386 1 62 12
5387 14 46 6
5388 4 12 7
5389 10 28 15
5390 13 42 10
5391 0 39 10
5392 23 25 12
5393 32 63 15
5394 20 9 10
5395 1 11 6
5396 50 12 18
5397 49 32 13
5398 2 39 16
5399 11 43 13
5400 28 3 12
5401 58 48 13
5402 29 49 13
5403 23 4 15
5404 50 15 6
5405 23 24 13
5406 23 55 10
5407 28 22 6
5408 46 49 15
5409 56 20 10
5410 46 60 7
5411 46 56 15
5412 25 20 18
5413 62 59 6
5414 15 14 16
5415 42 39 16
5416 12 59 16
5417 63 26 16
5418 23 52 6
5419 54 43 12
5420 53 8 6
5421 43 60 9
5422 44 48 13
5423 37 27 17
5424 24 52 10
5425 34 63 6
5426 21 48 9
5427 19 62 12
5428 63 54 18
5429 44 50 18
5430 33 42 14
5431 56 49 12
5432 33 56 17
5433 10 44 11
5434 30 35 13
5435 32 40 16
5436 4 16 10
5437 3 46 9
5438 56 63 8
5439 0 34 16
5440 50 40 9
5441 33 42 6
5442 30 56 18
5443 44 35 14
5444 4 61 14
5445 0 47 9
5446 27 25 17
5447 47 51 15
5448 24 23 17
5449 15 31 12
5450 48 38 17
5451 5 35 18
5452 3 60 9
5453 58 26 6
5454 35 11 11
5455 0 49 9
5456 22 32 6
5457 40 13 6
5458 18 52 11
5459 29 57 16
5460 55 26 9
5461 37 50 13
5462 35 54 10
5463 50 55 17
5464 4 31 9
5465 17 62 9
5466 60 33 7
5467 42 18 18
5468 6 36 7
5469 6 11 6
5470 22 62 12
5471 5 61 18
5472 14 41 7
5473 50 38 14
5474 33 59 13
5475 60 25 14
5476 25 30 6
5477 54 11 10
5478 32 27 11
5479 57 47 10
5480 60 26 11
5481 2 44 16
5482 23 52 6
5483 23 59 6
5484 51 60 11
5485 55 60 6
5486 61 10 16
5487 15 20 15
5488 23 30 17
5489 51 12 9
5490 14 16 9
5491 62 59 10
5492 46 38 16
5493 13 26 9
5494 63 52 14
5495 57 1 11
5496 1 62 15
5497 8 5 16
5498 51 46 7
5499 3 54 10
5500 5 63 6
5501 58 26 18
5502 38 56 14
5503 34 25 18
5504 1 29 10
5505 44 59 9
5506 55 42 16
5507 36 0 10
5508 33 16 13
5509 23 7 15
5510 1 24 7
5511 57 31 18
5512 49 32 9
5513 10 54 13
5514 41 34 10
5515 34 5 14
5516 40 27 6
5517 25 23 16
5518 4 59 16
5519 47 55 6
5520 43 19 12
5521 6 15 17
5522 46 20 9
5523 4 16 15
5524 51 48 9
5525 28 2 15
5526 21 31 11
5527 51 45 10
5528 0 31 6
5529 56 15 18
5530 45 35 18
5531 7 23 16
5532 59 26 8
5533 3 15 8
5534 45 27 7
5535 41 0 6
5536 37 16 9
5537 10 17 17
5538 4 49 14
5539 16 7 10
5540 15 4 15
5541 30 7 11
5542 38 36 17
5543 57 27 14
5544 45 56 18
5545 62 57 9
5546 19 34 17
5547 42 41 9
5548 13 47 7
5549 20 62 8
5550 24 17 12
5551 35 16 15
5552 45 12 14
5553 43 23 11
5554 46 59 16
5555 53 10 11
5556 43 5 9
5557 6 15 15
5558 54 42 10
5559 33 58 12
5560 13 43 6
5561 37 36 15
5562 14 41 17
5563 3 17 16
5564 32 36 12
5565 37 5 9
5566 42 3 13
5567 52 46 11
5568 45 26 11
5569 42 9 6
5570 17 19 13
5571 56 42 10
5572 57 63 13
5573 34 47 15
5574 23 47 10
5575 15 16 9
5576 57 18 10
5577 31 61 15
5578 60 4 6
5579 63 7 17
5580 36 42 11
5581 36 39 15
5582 53 59 10
5583 13 55 12
5584 16 25 16
5585 43 53 16
5586 62 15 8
5587 42 46 15
5588 28 43 6
5589 21 57 12
5590 57 33 15
5591 2 48 10
5592 15 19 18
5593 19 62 8
5594 61 50 11
5595 25 8 10
5596 47 14 17
5597 25 35 7
5598 63 6 6
5599 43 36 11
5600 43 30 18
5601 37 45 11
5602 43 46 12
5603 23 15 12
5604 27 26 11
5605 61 53 12
5606 6 45 18
5607 0 38 18
5608 11 3 14
5609 53 6 10
5610 25 10 13
5611 11 47 11
5612 60 41 18
5613 20 11 16
5614 58 29 9
5615 50 49 6
5616 31 8 16
5617 53 4 14
5618 44 3 7
5619 4 47 11
5620 25 10 7
5621 13 47 9
5622 22 5 8
5623 51 36 6
5624 4 24 16
5625 30 27 15
5626 55 31 13
5627 5 23 6
5628 30 57 14
5629 21 8 14
5630 27 38 10
5631 57 12 18
5632 52 57 12
5633 51 31 17
5634 34 17 17
5635 1 29 10
5636 11 23 10
5637 23 51 12
5638 37 61 10
5639 19 52 10
5640 35 3 10
5641 59 24 18
5642 21 63 15
5643 55 52 9
5644 56 41 14
5645 11 60 13
5646 38 34 15
5647 21 39 12
5648 57 11 10
5649 32 49 15
5650 27 42 9
5651 11 41 11
5652 55 51 10
5653 18 25 15
5654 35 1 8
5655 48 1 14
5656 48 34 18
5657 49 53 16
5658 8 15 16
5659 23 17 15
5660 18 31 16
5661 17 34 12
5662 62 17 8
5663 6 28 13
5664 26 29 13
5665 34 6 12
5666 8 26 14
5667 52 62 10
5668 41 63 14
5669 31 6 10
5670 42 41 15
5671 49 41 16
5672 57 51 16
5673 47 58 14
5674 49 0 6
5675 45 43 7
5676 16 50 16
5677 61 54 10
5678 32 33 9
5679 53 28 8
5680 59 4 11
5681 52 13 10
5682 55 45 9
5683 32 22 6
5684 7 37 8
5685 11 55 13
5686 32 58 17
5687 12 47 8
5688 6 31 11
5689 10 11 15
5690 44 2 18
5691 43 52 11
5692 12 30 9
5693 40 6 14
5694 11 33 9
5695 23 60 12
5696 52 26 8
5697 62 6 18
5698 35 16 9
5699 26 12 6
5700 51 5 17
5701 9 62 6
5702 4 46 8
5703 16 10 14
5704 34 44 13
5705 37 52 11
5706 2 42 8
5707 60 2 17
5708 23 44 15
5709 54 12 7
5710 37 27 11
5711 24 5 10
5712 0 61 13
5713 46 15 9
5714 5 54 7
5715 1 19 8
5716 13 51 14
5717 58 36 11
5718 25 58 7
5719 36 57 9
5720 19 5 10
5721 31 10 15
5722 16 56 10
5723 31 11 8
5724 52 54 12
5725 44 50 6
5726 22 28 9
5727 51 11 12
5728 45 43 14
5729 2 53 18
5730 18 32 13
5731 41 42 11
5732 19 53 13
5733 17 6 16
5734 30 51 16
5735 60 7 8
5736 58 40 7
5737 0 45 17
5738 55 62 6
5739 54 0 11
5740 59 9 18
5741 9 22 7
5742 11 49 13
5743 25 23 9
5744 46 24 15
5745 29 2 16
5746 47 34 14
5747 36 40 7
5748 53 42 13
5749 7 56 15
5750 37 24 8
5751 13 29 6
5752 18 34 8
5753 50 33 12
5754 42 14 15
5755 3 18 17
5756 4 38 7
5757 8 41 17
5758 39 4 18
5759 40 12 6
5760 28 24 10
5761 50 46 17
5762 31 28 12
5763 25 30 6
5764 40 61 17
5765 47 38 9
5766 59 6 6
5767 36 15 12
5768 33 29 13
5769 57 4 16
5770 18 12 18
5771 59 1 17
5772 34 56 6
5773 14 23 11
5774 21 28 9
5775 60 11 13
5776 47 48 14
5777 13 58 12
5778 56 47 6
5779 45 12 13
5780 30 3 18
5781 8 7 16
5782 44 46 15
5783 10 48 15
5784 24 31 17
5785 9 62 15
5786 27 48 10
5787 63 3 14
5788 32 38 6
5789 49 44 17
5790 37 45 8
5791 42 25 11
5792 59 2 16
5793 63 48 11
5794 0 33 12
5795 23 1 13
5796 41 54 8
5797 23 57 7
5798 20 52 6
5799 16 49 18
5800 8 15 14
5801 55 2 17
5802 15 3 15
5803 28 55 6
5804 8 35 15
5805 0 8 16
5806 59 6 6
5807 25 17 13
5808 51 21 14
5809 3 44 18
5810 59 62 13
5811 6 10 10
5812 59 17 17
5813 49 16 7
5814 13 42 12
5815 51 39 12
5816 3 62 13
5817 25 40 15
5818 46 49 17
5819 14 21 8
5820 4 45 7
5821 26 47 12
5822 30 58 18
5823 36 22 11
5824 5 6 13
5825 45 13 12
5826 59 34 18
5827 53 60 9
5828 46 15 14
5829 16 14 13
5830 63 33 14
5831 57 36 13
5832 57 30 11
5833 42 39 9
5834 30 47 12
5835 60 15 8
5836 44 18 18
5837 4 10 15
5838 25 7 17
5839 48 32 12
5840 15 19 12
5841 62 14 15
5842 11 53 15
5843 24 26 11
5844 30 4 9
5845 9 31 18
5846 61 27 6
5847 41 50 14
5848 16 61 11
5849 29 30 11
5850 42 22 12
5851 21 6 8
5852 35 62 10
5853 61 15 7
5854 23 20 12
5855 25 37 17
5856 47 15 13
5857 29 21 18
5858 16 17 15
5859 28 10 13
5860 58 55 11
5861 1 31 15
5862 35 56 11
5863 7 40 11
5864 61 63 17
5865 61 10 13
5866 38 26 7
5867 16 38 9
5868 38 40 9
5869 44 31 14
5870 9 8 17
5871 42 63 11
5872 4 18 13
5873 20 6 15
5874 34 4 17
5875 24 48 15
5876 47 57 16
5877 45 53 8
5878 32 25 9
5879 12 52 14
5880 48 58 6
5881 40 41 6
5882 51 34 9
5883 34 13 6
5884 8 2 10
5885 18 62 18
5886 60 33 15
5887 24 44 10
5888 19 14 6
5889 13 9 14
5890 53 14 9
5891 19 31 11
5892 57 41 9
5893 39 9 7
5894 11 41 17
5895 63 4 9
5896 38 58 11
5897 50 6 16
5898 11 52 10
5899 20 49 8
5900 38 42 11
5901 36 53 8
5902 0 22 7
5903 29 43 17
5904 32 49 15
5905 21 18 16
5906 31 36 6
5907 62 10 18
5908 56 31 16
5909 37 29 10
5910 49 7 18
5911 43 33 13
5912 6 53 6
5913 31 9 6
5914 56 45 7
5915 50 24 11
5916 17 9 10
5917 10 22 6
5918 21 37 16
5919 13 62 11
5920 51 8 12
5921 5 43 12
5922 32 10 14
5923 42 34 7
5924 24 27 16
5925 25 55 12
5926 46 1 8
5927 43 8 11
5928 55 40 14
5929 14 56 16
5930 12 47 17
5931 60 21 15
5932 7 42 8
5933 38 22 8
5934 10 14 16
5935 13 36 8
5936 34 14 10
5937 14 36 6
5938 10 27 14
5939 46 50 15
5940 24 15 10
5941 21 52 11
5942 19 0 7
5943 20 3 7
5944 57 38 6
5945 19 6 15
5946 38 39 12
5947 50 51 11
5948 38 9 17
5949 18 59 8
5950 15 31 16
5951 49 58 16
5952 41 13 12
5953 39 34 17
5954 15 40 9
5955 19 14 14
5956 3 12 7
5957 24 7 14
5958 40 17 9
5959 13 45 12
5960 21 30 10
5961 23 32 17
5962 1 16 8
5963 32 50 8
5964 50 61 7
5965 31 20 6
5966 17 40 9
5967 32 20 9
5968 54 56 18
5969 5 57 13
5970 49 3 10
5971 17 25 16
5972 63 54 17
5973 50 60 10
5974 6 63 13
5975 17 9 6
5976 57 43 8
5977 37 6 6
5978 30 27 17
5979 4 47 7
5980 2 63 8
5981 36 59 18
5982 17 44 10
5983 23 55 11
5984 37 8 12
5985 26 22 13
5986 55 29 15
5987 40 23 9
5988 13 21 18
5989 24 48 16
5990 24 21 18
5991 58 54 14
5992 2 61 17
5993 5 35 8
5994 29 45 13
5995 29 10 14
5996 47 30 7
5997 10 54 16
5998 23 10 16
5999 24 40 9
6000 39 59 17
6001 7 44 6
6002 60 0 13
6003 61 47 6
6004 38 36 16
6005 51 25 18
6006 44 58 12
6007 53 16 18
6008 9 30 14
6009 1 41 15
6010 45 9 15
6011 32 35 17
6012 45 35 17
6013 21 20 11
6014 42 43 7
6015 25 24 17
6016 4 41 15
6017 8 44 10
6018 12 52 9
6019 45 14 17
6020 12 3 15
6021 52 63 10
6022 43 13 16
6023 29 54 9
6024 51 45 17
6025 1 42 17
6026 3 32 7
6027 62 30 13
6028 18 30 10
6029 17 53 17
6030 62 59 6
6031 25 22 9
6032 14 17 14
6033 10 56 7
6034 29 45 10
6035 56 40 8
6036 15 9 8
6037 56 40 15
6038 54 31 18
6039 63 27 7
6040 11 39 15
6041 26 30 7
6042 2 51 8
6043 30 6 12
6044 42 33 16
6045 3 30 14
6046 12 2 9
6047 53 38 14
6048 47 11 16
6049 4 5 8
6050 8 19 10
6051 9 32 6
6052 11 57 6
6053 17 33 12
6054 8 54 16
6055 60 57 16
6056 24 23 18
6057 8 36 15
6058 61 1 9
6059 16 2 10
6060 24 39 16
6061 63 32 9
6062 26 39 10
6063 16 13 6
6064 52 46 7
6065 5 2 10
6066 50 0 7
6067 1 37 7
6068 25 15 9
6069 43 46 11
6070 58 38 8
6071 6 60 18
6072 18 16 16
6073 29 45 12
6074 59 16 16
6075 10 62 12
6076 9 63 17
6077 58 62 12
6078 60 56 11
6079 8 27 14
6080 61 59 16
6081 9 16 18
6082 27 10 14
6083 28 58 16
6084 20 5 10
6085 60 28 6
6086 35 46 7
6087 32 40 11
6088 52 10 16
6089 58 28 10
6090 14 3 13
6091 51 39 17
6092 5 31 16
6093 13 44 13
6094 40 42 15
6095 24 13 18
6096 41 30 16
6097 50 17 6
6098 46 35 10
6099 24 30 15
6100 23 57 7
6101 40 32 6
6102 52 29 14
6103 40 53 13
6104 1 17 6
6105 59 9 18
6106 45 25 13
6107 35 23 6
6108 44 45 16
6109 44 43 18
6110 28 40 10
6111 36 4 13
6112 52 58 13
6113 21 17 18
6114 13 4 17
6115 4 58 18
6116 17 1 10
6117 2 39 13
6118 8 15 18
6119 22 37 12
6120 13 56 11
6121 62 1 10
6122 12 2 17
6123 39 54 12
6124 61 10 14
6125 53 32 10
6126 19 55 8
6127 37 38 13
6128 7 33 15
6129 53 60 7
6130 14 2 7
6131 59 1 9
6132 31 20 11
6133 59 6 17
6134 36 37 9
6135 3 59 9
6136 17 39 12
6137 54 61 16
6138 32 7 18
6139 27 7 10
6140 29 12 18
6141 59 56 15
6142 18 33 12
6143 20 36 13
6144 2 36 14
6145 15 13 16
6146 24 7 7
6147 54 36 9
6148 17 31 7
6149 33 45 17
6150 48 47 7
6151 15 21 13
6152 47 10 13
6153 7 2 9
6154 34 30 18
6155 58 34 9
6156 19 45 12
6157 60 37 6
6158 42 26 12
6159 17 40 7
6160 19 26 7
6161 9 43 10
6162 13 8 7
6163 3 17 6
6164 48 1 13
6165 13 31 17
6166 51 26 6
6167 4 46 8
6168 22 9 16
6169 39 33 8
6170 54 56 16
6171 31 46 9
6172 33 17 11
6173 54 15 7
6174 52 13 16
6175 40 39 10
6176 18 52 18
6177 10 35 11
6178 40 26 13
6179 40 19 12
6180 16 47 6
6181 13 34 15
6182 39 4 8
6183 24 17 9
6184 44 47 15
6185 29 44 14
6186 7 26 16
6187 42 21 14
6188 3 43 6
6189 63 40 6
6190 63 11 15
6191 57 27 11
6192 33 37 8
6193 45 23 10
6194 60 63 13
6195 61 32 10
6196 35 49 10
6197 31 4 10
6198 54 36 18
6199 6 55 6
6200 49 17 12
6201 38 55 8
6202 58 46 18
6203 46 26 13
6204 59 29 18
6205 45 37 16
6206 48 2 15
6207 12 17 7
6208 2 32 6
6209 59 20 11
6210 32 45 17
6211 25 55 6
6212 11 55 6
6213 28 18 16
6214 32 59 6
6215 56 18 12
6216 17 46 16
6217 13 61 10
6218 25 15 16
6219 50 7 9
6220 16 47 6
6221 29 38 9
6222 33 34 8
6223 58 45 8
6224 31 54 7
6225 63 33 15
6226 53 33 11
6227 39 45 17
6228 45 58 17
6229 14 22 13
6230 24 13 13
6231 36 18 13
6232 13 29 8
6233 18 35 6
6234 20 27 15
6235 26 50 16
6236 16 60 12
6237 13 59 12
6238 34 3 18
6239 35 5 10
6240 49 43 16
6241 46 12 7
6242 20 48 9
6243 10 15 6
6244 44 0 8
6245 16 20 6
6246 61 37 16
6247 43 45 8
6248 17 56 18
6249 53 62 13
6250 34 23 9
6251 26 40 17
6252 33 27 18
6253 29 58 9
6254 17 56 14
6255 27 53 18
6256 23 10 11
6257 15 5 6
6258 17 48 6
6259 62 56 18
6260 21 8 10
6261 24 32 17
6262 49 48 18
6263 43 27 13
6264 8 46 11
6265 60 31 7
6266 3 45 8
6267 0 24 7
6268 58 28 6
6269 46 6 13
6270 26 29 13
6271 57 29 7
6272 16 60 9
6273 35 10 17
6274 39 43 6
6275 20 58 16
6276 47 3 14
6277 19 52 14
6278 2 0 15
6279 7 60 8
6280 22 3 14
6281 61 10 8
6282 15 35 11
6283 23 31 15
6284 41 52 18
6285 4 16 9
6286 26 9 11
6287 59 44 7
6288 58 46 13
6289 3 25 8
6290 25 1 14
6291 7 55 6
6292 36 8 13
6293 43 1 8
6294 35 15 9
6295 3 6 13
6296 54 63 16
6297 44 62 11
6298 43 0 15
6299 43 12 10
6300 42 5 10
6301 56 22 9
6302 50 52 15
6303 37 50 8
6304 57 22 14
6305 54 43 7
6306 15 36 18
6307 17 5 10
6308 28 34 18
6309 41 5 16
6310 33 51 8
6311 13 62 12
6312 33 24 10
6313 25 36 7
6314 54 48 13
6315 32 4 13
6316 53 46 14
6317 40 57 10
6318 9 11 6
6319 50 55 13
6320 19 54 10
6321 11 57 15
6322 30 57 14
6323 40 27 13
6324 60 6 7
6325 20 35 15
6326 27 14 12
6327 34 45 16
6328 18 33 9
6329 56 1 10
6330 56 0 10
6331 5 61 16
6332 25 49 11
6333 8 57 11
6334 50 22 12
6335 17 6 18
6336 28 20 13
6337 26 43 18
6338 63 15 8
6339 46 49 13
6340 23 9 8
6341 31 0 6
6342 43 58 16
6343 44 14 11
6344 29 18 17
6345 39 23 11
6346 49 48 6
6347 0 42 13
6348 27 52 16
6349 5 26 6
6350 25 34 7
6351 31 51 11
6352 24 16 15
6353 41 55 17
6354 34 56 17
6355 56 3 17
6356 63 5 12
6357 5 3 13
6358 34 48 7
6359 35 30 9
6360 56 4 6
6361 35 10 17
6362 62 39 10
6363 25 49 14
6364 56 10 16
6365 48 30 14
6366 58 55 8
6367 10 45 13
6368 62 38 6
6369 41 32 11
6370 55 54 7
6371 19 37 18
6372 63 39 7
6373 35 21 13
6374 46 29 16
6375 8 32 7
6376 60 22 12
6377 26 33 16
6378 22 10 16
6379 20 17 9
6380 28 20 7
6381 40 3 6
6382 59 15 9
6383 17 0 10
6384 34 33 18
6385 44 53 13
6386 61 9 11
6387 34 14 17
6388 59 48 12
6389 0 37 11
6390 53 29 15
6391 10 12 12
6392 39 47 13
6393 51 62 18
6394 57 51 11
6395 60 55 12
6396 51 32 13
6397 50 5 14
6398 45 16 6
6399 43 17 15
