64 112 320 3
0 0 8 16
1 0 1 19
2 1 9 19
3 1 2 17
4 2 10 18
5 2 3 20
6 3 11 20
7 3 4 19
8 4 12 16
9 4 5 16
10 5 13 16
11 5 6 18
12 6 14 18
13 6 7 20
14 7 15 18
15 8 16 19
16 8 9 18
17 9 17 16
18 9 10 19
19 10 18 17
20 10 11 16
21 11 19 18
22 11 12 19
23 12 20 17
24 12 13 17
25 13 21 20
26 13 14 18
27 14 22 20
28 14 15 17
29 15 23 20
30 16 24 16
31 16 17 19
32 17 25 17
33 17 18 18
34 18 26 20
35 18 19 20
36 19 27 18
37 19 20 20
38 20 28 20
39 20 21 18
40 21 29 16
41 21 22 17
42 22 30 16
43 22 23 18
44 23 31 18
45 24 32 19
46 24 25 17
47 25 33 17
48 25 26 18
49 26 34 19
50 26 27 17
51 27 35 19
52 27 28 18
53 28 36 18
54 28 29 17
55 29 37 18
56 29 30 18
57 30 38 20
58 30 31 16
59 31 39 17
60 32 40 16
61 32 33 19
62 33 41 19
63 33 34 19
64 34 42 19
65 34 35 16
66 35 43 20
67 35 36 16
68 36 44 20
69 36 37 18
70 37 45 16
71 37 38 20
72 38 46 19
73 38 39 16
74 39 47 20
75 40 48 18
76 40 41 20
77 41 49 19
78 41 42 18
79 42 50 20
80 42 43 18
81 43 51 16
82 43 44 16
83 44 52 20
84 44 45 16
85 45 53 20
86 45 46 16
87 46 54 20
88 46 47 17
89 47 55 20
90 48 56 16
91 48 49 20
92 49 57 19
93 49 50 20
94 50 58 17
95 50 51 16
96 51 59 19
97 51 52 18
98 52 60 19
99 52 53 19
100 53 61 17
101 53 54 18
102 54 62 16
103 54 55 17
104 55 63 20
105 56 57 18
106 57 58 19
107 58 59 20
108 59 60 19
109 60 61 16
110 61 62 19
111 62 63 20
0 37 0 15
1 49 2 6
2 28 41 12
3 19 33 9
4 41 58 16
5 25 45 17
6 19 24 18
7 18 26 10
8 23 12 6
9 5 16 14
10 44 8 11
11 40 29 16
12 26 25 10
13 20 54 10
14 29 27 18
15 45 3 8
16 56 15 12
17 3 56 17
18 26 48 6
19 57 56 12
20 25 26 18
21 48 15 7
22 22 15 8
23 26 15 13
24 45 40 12
25 24 26 7
26 46 61 10
27 14 58 6
28 0 48 18
29 53 51 7
30 45 46 10
31 8 55 16
32 38 29 17
33 10 49 13
34 2 35 17
35 41 5 8
36 31 22 15
37 1 16 14
38 19 17 17
39 60 4 6
40 26 37 11
41 53 20 12
42 22 19 17
43 23 46 7
44 20 3 13
45 26 39 12
46 47 33 15
47 41 3 18
48 3 42 6
49 18 52 6
50 48 21 8
51 12 1 11
52 28 11 12
53 8 14 13
54 59 53 14
55 56 17 15
56 0 39 13
57 60 32 8
58 41 46 15
59 12 61 13
60 25 16 9
61 16 18 9
62 10 12 17
63 51 36 15
64 13 31 9
65 32 23 17
66 38 42 17
67 59 34 18
68 16 41 12
69 47 18 15
70 4 49 16
71 6 25 8
72 1 18 16
73 4 30 8
74 50 41 6
75 61 44 9
76 51 57 9
77 58 33 14
78 35 43 11
79 23 32 11
80 62 58 16
81 12 43 18
82 33 8 18
83 46 54 16
84 3 16 7
85 29 58 7
86 15 37 8
87 44 39 13
88 55 10 14
89 23 50 14
90 24 18 16
91 28 2 9
92 45 19 15
93 6 46 14
94 29 21 11
95 20 12 16
96 21 28 18
97 19 54 9
98 35 6 12
99 37 49 14
100 53 60 13
101 41 17 17
102 38 0 7
103 32 39 9
104 8 7 18
105 52 17 8
106 61 20 18
107 31 50 18
108 20 53 12
109 24 31 11
110 9 28 10
111 17 51 7
112 19 26 13
113 18 35 18
114 41 1 16
115 15 39 14
116 13 60 9
117 56 38 7
118 58 19 7
119 43 34 6
120 48 32 7
121 59 54 15
122 21 62 18
123 37 28 14
124 13 11 17
125 46 30 16
126 63 55 12
127 7 13 18
128 35 32 16
129 42 53 16
130 32 45 7
131 1 12 17
132 62 31 15
133 63 28 15
134 55 34 7
135 62 48 15
136 48 5 15
137 13 12 15
138 12 15 18
139 30 46 15
140 53 50 17
141 5 44 16
142 56 58 15
143 4 51 18
144 55 3 9
145 23 3 16
146 42 12 10
147 52 3 17
148 58 32 11
149 44 45 9
150 35 57 18
151 6 41 13
152 33 20 9
153 41 51 18
154 44 22 13
155 11 42 11
156 29 40 10
157 12 11 16
158 51 40 15
159 63 23 18
160 48 25 10
161 62 44 11
162 56 46 18
163 20 21 11
164 2 14 9
165 39 37 18
166 22 50 15
167 9 25 7
168 11 51 10
169 18 43 14
170 45 50 8
171 49 13 17
172 37 10 11
173 28 56 6
174 31 19 16
175 35 3 13
176 28 31 9
177 56 27 8
178 1 37 9
179 2 61 13
180 53 24 12
181 23 51 16
182 49 33 17
183 46 33 12
184 47 46 9
185 40 45 7
186 17 41 17
187 31 16 7
188 60 40 7
189 29 44 17
190 28 59 10
191 6 58 15
192 56 63 15
193 55 8 8
194 2 57 14
195 7 44 13
196 18 8 16
197 45 8 17
198 3 62 12
199 17 50 9
200 57 39 14
201 29 52 8
202 40 0 15
203 6 45 15
204 15 9 15
205 8 52 17
206 20 24 9
207 22 23 6
208 63 15 11
209 11 12 12
210 49 52 12
211 60 17 11
212 39 45 8
213 55 32 13
214 11 23 10
215 51 25 9
216 44 10 11
217 57 12 14
218 32 2 15
219 7 47 7
220 21 0 14
221 1 0 11
222 49 39 6
223 47 8 8
224 24 63 8
225 27 44 7
226 19 47 15
227 22 56 17
228 56 3 15
229 4 15 18
230 13 44 16
231 23 21 7
232 63 24 15
233 19 43 13
234 49 57 7
235 8 43 9
236 46 18 9
237 62 24 18
238 51 5 11
239 7 61 18
240 41 50 18
241 25 36 11
242 17 57 18
243 25 37 16
244 54 51 12
245 48 10 13
246 13 41 14
247 61 49 10
248 63 36 18
249 7 5 9
250 11 39 15
251 22 40 17
252 6 3 6
253 38 49 9
254 45 6 16
255 55 22 14
256 47 5 9
257 12 58 8
258 28 40 7
259 26 63 9
260 1 5 12
261 26 14 10
262 0 30 16
263 42 22 12
264 29 47 12
265 5 19 8
266 31 33 12
267 39 26 16
268 34 52 17
269 1 53 12
270 48 35 9
271 62 32 15
272 1 50 6
273 57 16 16
274 28 9 16
275 14 20 18
276 62 8 8
277 41 21 17
278 32 50 10
279 36 33 7
280 15 50 9
281 11 63 9
282 16 4 13
283 61 13 7
284 29 4 12
285 23 10 18
286 8 30 12
287 47 56 17
288 18 56 15
289 5 24 18
290 26 40 6
291 1 19 11
292 32 22 11
293 59 25 16
294 7 50 12
295 19 37 14
296 8 28 8
297 24 42 16
298 56 8 9
299 36 20 8
300 40 7 7
301 2 21 17
302 41 47 6
303 18 13 16
304 29 0 12
305 0 7 12
306 15 28 18
307 4 9 6
308 60 49 10
309 30 62 15
310 32 44 16
311 58 61 8
312 58 46 9
313 18 36 16
314 22 49 10
315 20 47 17
316 2 55 18
317 38 18 6
318 58 52 17
319 29 51 8
