otherCase
0
1 42
2 2
3 9
4 87
5 42
6 2
7 27
8 8
9 9
10 87
11 2
12 87
13 2
14 2
15 70
16 2
17 44
18 42
19 2
20 2
21 2
22 2
23 71
24 42
25 2
26 79
27 27
28 8
29 79
30 2
31 42
32 27
33 71
34 2
35 79
36 8
37 42
38 71
39 70
40 87
41 9
42 42
43 2
44 44
45 87
46 42
47 44
48 42
49 2
50 42
51 27
52 42
53 79
54 42
55 44
56 2
57 42
58 9
59 2
60 8
61 42
62 70
63 79
64 79
65 2
66 44
67 44
68 42
69 2
70 70
71 71
72 2
73 42
74 42
75 87
76 87
77 2
78 87
79 79
80 2
81 70
82 87
83 27
84 87
85 2
86 87
87 87
88 2
89 9
1
0 24
2 24
3 40
4 30
5 30
6 30
7 24
8 24
9 24
10 30
11 24
12 24
13 62
14 24
15 30
16 24
17 30
18 24
19 62
20 62
21 24
22 62
23 30
24 24
25 24
26 62
27 24
28 24
29 30
30 30
31 40
32 24
33 24
34 30
35 30
36 24
37 24
38 24
39 24
40 40
41 24
42 24
43 30
44 24
45 40
46 24
47 30
48 30
49 62
50 62
51 62
52 30
53 24
54 24
55 24
56 62
57 24
58 24
59 24
60 40
61 24
62 62
63 24
64 30
65 24
66 40
67 40
68 62
69 24
70 24
71 24
72 24
73 30
74 24
75 40
76 24
77 30
78 40
79 24
80 30
81 24
82 30
83 24
84 40
85 30
86 40
87 40
88 62
89 24
2
0 0
1 16
3 56
4 14
5 16
6 16
7 0
8 0
9 0
10 14
11 16
12 0
13 19
14 14
15 19
16 16
17 59
18 0
19 19
20 19
21 19
22 19
23 0
24 16
25 19
26 0
27 0
28 16
29 59
30 16
31 0
32 19
33 16
34 19
35 16
36 0
37 16
38 0
39 70
40 0
41 14
42 0
43 16
44 0
45 59
46 70
47 14
48 16
49 56
50 0
51 56
52 16
53 0
54 0
55 59
56 56
57 14
58 0
59 59
60 0
61 19
62 19
63 59
64 19
65 16
66 19
67 0
68 0
69 14
70 70
71 0
72 59
73 16
74 16
75 59
76 14
77 14
78 0
79 0
80 19
81 70
82 14
83 14
84 0
85 14
86 14
87 0
88 19
89 0
3
0 9
1 50
2 56
4 4
5 12
6 50
7 41
8 60
9 9
10 12
11 4
12 12
13 41
14 4
15 38
16 87
17 12
18 12
19 38
20 50
21 38
22 4
23 38
24 12
25 4
26 50
27 9
28 4
29 12
30 4
31 50
32 38
33 38
34 9
35 4
36 9
37 12
38 38
39 4
40 87
41 41
42 50
43 4
44 9
45 87
46 50
47 4
48 12
49 56
50 50
51 56
52 12
53 41
54 12
55 41
56 56
57 38
58 9
59 12
60 60
61 12
62 50
63 38
64 4
65 12
66 4
67 4
68 50
69 4
70 56
71 38
72 12
73 12
74 38
75 87
76 4
77 4
78 4
79 9
80 38
81 81
82 12
83 4
84 87
85 4
86 81
87 87
88 4
89 9
4
0 87
1 43
2 14
3 3
5 3
6 83
7 41
8 3
9 3
10 14
11 76
12 3
13 41
14 14
15 38
16 43
17 47
18 3
19 14
20 3
21 38
22 83
23 38
24 38
25 83
26 3
27 41
28 83
29 3
30 43
31 47
32 38
33 38
34 14
35 43
36 83
37 14
38 38
39 43
40 87
41 41
42 3
43 43
44 47
45 87
46 3
47 47
48 3
49 3
50 3
51 3
52 83
53 41
54 3
55 41
56 3
57 14
58 3
59 14
60 3
61 47
62 3
63 38
64 43
65 14
66 78
67 47
68 3
69 14
70 3
71 38
72 3
73 3
74 38
75 87
76 76
77 14
78 78
79 41
80 38
81 3
82 14
83 83
84 87
85 14
86 14
87 87
88 78
89 3
5
0 48
1 48
2 48
3 48
4 48
6 48
7 48
8 48
9 48
10 48
11 48
12 48
13 48
14 48
15 48
16 48
17 48
18 48
19 48
20 48
21 48
22 48
23 48
24 48
25 48
26 48
27 48
28 48
29 48
30 48
31 48
32 48
33 48
34 48
35 48
36 48
37 48
38 48
39 48
40 48
41 48
42 48
43 48
44 48
45 48
46 48
47 48
48 48
49 48
50 48
51 48
52 48
53 48
54 48
55 48
56 48
57 48
58 48
59 48
60 48
61 48
62 48
63 48
64 48
65 48
66 48
67 48
68 48
69 48
70 48
71 48
72 48
73 48
74 48
75 48
76 48
77 48
78 48
79 48
80 48
81 48
82 48
83 48
84 48
85 48
86 48
87 48
88 48
89 48
6
0 16
1 30
2 16
3 50
4 83
5 48
7 83
8 16
9 34
10 48
11 16
12 48
13 34
14 77
15 30
16 16
17 48
18 52
19 34
20 52
21 48
22 52
23 30
24 16
25 83
26 50
27 83
28 83
29 48
30 30
31 31
32 48
33 16
34 34
35 16
36 52
37 16
38 30
39 16
40 31
41 50
42 31
43 16
44 31
45 16
46 52
47 31
48 48
49 48
50 50
51 34
52 52
53 16
54 34
55 31
56 16
57 16
58 34
59 16
60 50
61 48
62 50
63 52
64 52
65 16
66 31
67 31
68 50
69 77
70 16
71 16
72 16
73 48
74 16
75 16
76 83
77 77
78 16
79 48
80 48
81 50
82 48
83 83
84 77
85 77
86 16
87 16
88 34
89 83
7
0 27
1 13
2 13
3 41
4 41
5 49
6 83
8 13
9 89
10 49
11 41
12 41
13 13
14 41
15 32
16 83
17 49
18 27
19 13
20 13
21 32
22 83
23 32
24 41
25 83
26 32
27 27
28 83
29 49
30 83
31 83
32 32
33 13
34 13
35 32
36 84
37 32
38 32
39 27
40 84
41 41
42 27
43 32
44 27
45 13
46 32
47 41
48 49
49 49
50 83
51 27
52 32
53 41
54 27
55 41
56 49
57 32
58 89
59 13
60 41
61 13
62 13
63 13
64 13
65 32
66 49
67 41
68 32
69 32
70 27
71 27
72 13
73 49
74 13
75 13
76 83
77 84
78 41
79 89
80 32
81 41
82 49
83 83
84 84
85 32
86 84
87 84
88 13
89 89
8
0 0
1 0
2 0
3 60
4 0
5 0
6 0
7 0
9 0
10 0
11 59
12 0
13 59
14 0
15 0
16 0
17 59
18 0
19 0
20 0
21 59
22 0
23 0
24 0
25 0
26 0
27 0
28 36
29 59
30 0
31 0
32 0
33 59
34 0
35 59
36 36
37 0
38 0
39 0
40 0
41 60
42 0
43 0
44 0
45 59
46 36
47 0
48 0
49 0
50 0
51 36
52 36
53 0
54 0
55 59
56 0
57 36
58 0
59 59
60 60
61 0
62 0
63 59
64 59
65 0
66 0
67 0
68 0
69 0
70 0
71 0
72 59
73 59
74 59
75 59
76 0
77 36
78 0
79 0
80 59
81 0
82 0
83 36
84 36
85 36
86 0
87 0
88 0
89 36
9
0 0
1 0
2 0
3 3
4 3
5 3
6 3
7 89
8 0
10 0
11 0
12 3
13 89
14 0
15 3
16 0
17 58
18 0
19 0
20 0
21 3
22 0
23 3
24 0
25 89
26 0
27 0
28 89
29 0
30 3
31 0
32 89
33 3
34 58
35 0
36 89
37 0
38 3
39 0
40 0
41 3
42 0
43 3
44 0
45 0
46 0
47 3
48 3
49 3
50 3
51 89
52 0
53 89
54 0
55 3
56 3
57 0
58 58
59 0
60 3
61 0
62 0
63 0
64 0
65 0
66 58
67 58
68 3
69 0
70 0
71 0
72 3
73 3
74 3
75 0
76 3
77 58
78 0
79 0
80 3
81 3
82 0
83 3
84 0
85 58
86 0
87 0
88 0
89 89
10
0 82
1 82
2 82
3 82
4 82
5 82
6 82
7 82
8 82
9 82
11 82
12 82
13 82
14 82
15 82
16 82
17 82
18 82
19 82
20 82
21 82
22 82
23 82
24 82
25 82
26 82
27 82
28 82
29 82
30 82
31 82
32 82
33 82
34 82
35 82
36 82
37 82
38 82
39 82
40 82
41 82
42 82
43 82
44 82
45 82
46 82
47 82
48 82
49 82
50 82
51 82
52 82
53 82
54 82
55 82
56 82
57 82
58 82
59 82
60 82
61 82
62 82
63 82
64 82
65 82
66 82
67 82
68 82
69 82
70 82
71 82
72 82
73 82
74 82
75 82
76 82
77 82
78 82
79 82
80 82
81 82
82 82
83 82
84 82
85 82
86 82
87 82
88 82
89 82
11
0 16
1 16
2 16
3 16
4 76
5 48
6 16
7 48
8 72
9 16
10 48
12 48
13 72
14 16
15 33
16 16
17 48
18 48
19 16
20 16
21 33
22 76
23 33
24 16
25 72
26 16
27 16
28 16
29 48
30 16
31 16
32 48
33 33
34 16
35 16
36 16
37 16
38 33
39 16
40 16
41 78
42 16
43 16
44 48
45 16
46 16
47 76
48 48
49 48
50 16
51 16
52 16
53 72
54 16
55 33
56 16
57 16
58 48
59 72
60 16
61 48
62 16
63 33
64 33
65 16
66 78
67 48
68 16
69 16
70 16
71 16
72 72
73 48
74 72
75 16
76 76
77 16
78 78
79 33
80 48
81 16
82 48
83 76
84 16
85 16
86 16
87 16
88 78
89 72
12
0 87
1 72
2 3
3 3
4 3
5 48
6 48
7 3
8 3
9 3
10 48
11 48
13 72
14 3
15 3
16 87
17 48
18 18
19 48
20 18
21 18
22 18
23 3
24 72
25 72
26 3
27 87
28 72
29 48
30 48
31 18
32 48
33 3
34 58
35 87
36 87
37 72
38 3
39 3
40 87
41 3
42 18
43 3
44 48
45 87
46 18
47 3
48 48
49 48
50 3
51 3
52 18
53 72
54 18
55 3
56 3
57 48
58 58
59 72
60 3
61 48
62 3
63 18
64 18
65 48
66 48
67 58
68 3
69 3
70 3
71 3
72 72
73 48
74 18
75 87
76 3
77 48
78 87
79 48
80 48
81 3
82 48
83 3
84 87
85 48
86 87
87 87
88 48
89 3
13
0 7
1 19
2 19
3 7
4 7
5 7
6 7
7 7
8 59
9 7
10 7
11 59
12 45
14 19
15 19
16 19
17 59
18 19
19 19
20 19
21 19
22 19
23 7
24 59
25 19
26 7
27 7
28 7
29 59
30 7
31 7
32 7
33 59
34 19
35 64
36 7
37 7
38 19
39 7
40 45
41 7
42 19
43 64
44 19
45 45
46 7
47 7
48 7
49 7
50 7
51 7
52 19
53 7
54 19
55 7
56 7
57 7
58 19
59 59
60 59
61 19
62 19
63 59
64 64
65 19
66 7
67 19
68 7
69 7
70 19
71 7
72 59
73 7
74 59
75 45
76 7
77 7
78 7
79 7
80 19
81 7
82 7
83 7
84 7
85 64
86 45
87 45
88 19
89 7
14
0 2
1 2
2 2
3 4
4 4
5 77
6 77
7 4
8 2
9 2
10 86
11 2
12 4
13 2
15 4
16 2
17 86
18 86
19 2
20 2
21 2
22 2
23 4
24 2
25 2
26 2
27 2
28 4
29 2
30 4
31 77
32 69
33 4
34 77
35 4
36 77
37 69
38 4
39 2
40 4
41 4
42 2
43 4
44 2
45 2
46 2
47 4
48 77
49 2
50 4
51 2
52 77
53 4
54 77
55 4
56 2
57 69
58 77
59 2
60 4
61 2
62 2
63 2
64 2
65 77
66 4
67 4
68 4
69 69
70 2
71 2
72 2
73 77
74 4
75 2
76 4
77 77
78 4
79 2
80 2
81 86
82 86
83 4
84 77
85 77
86 86
87 4
88 2
89 2
15
0 38
1 30
2 62
3 38
4 38
5 80
6 30
7 80
8 38
9 38
10 80
11 38
12 38
13 62
14 38
16 30
17 80
18 38
19 62
20 62
21 80
22 62
23 30
24 30
25 62
26 62
27 38
28 80
29 80
30 30
31 30
32 80
33 38
34 30
35 30
36 62
37 30
38 38
39 30
40 30
41 38
42 62
43 30
44 38
45 80
46 62
47 38
48 80
49 62
50 62
51 62
52 30
53 30
54 30
55 38
56 62
57 30
58 30
59 80
60 38
61 62
62 62
63 38
64 30
65 80
66 38
67 30
68 62
69 30
70 62
71 38
72 38
73 80
74 38
75 80
76 80
77 30
78 38
79 30
80 80
81 38
82 80
83 80
84 30
85 30
86 38
87 38
88 62
89 38
16
0 2
1 24
2 2
3 87
4 43
5 6
6 6
7 6
8 2
9 2
10 6
11 11
12 87
13 2
14 2
15 6
17 6
18 6
19 2
20 65
21 11
22 2
23 6
24 24
25 2
26 6
27 2
28 24
29 6
30 6
31 6
32 43
33 11
34 6
35 43
36 24
37 24
38 11
39 43
40 87
41 11
42 24
43 43
44 2
45 87
46 2
47 43
48 6
49 2
50 6
51 2
52 6
53 24
54 6
55 2
56 2
57 65
58 6
59 2
60 87
61 2
62 2
63 2
64 43
65 65
66 11
67 6
68 6
69 2
70 2
71 24
72 11
73 6
74 24
75 87
76 11
77 6
78 11
79 2
80 2
81 2
82 6
83 6
84 87
85 6
86 87
87 87
88 2
89 24
17
0 63
1 48
2 63
3 48
4 67
5 48
6 48
7 48
8 63
9 67
10 82
11 48
12 48
13 63
14 82
15 48
16 48
18 48
19 48
20 48
21 48
22 63
23 48
24 48
25 48
26 63
27 48
28 48
29 48
30 48
31 67
32 48
33 63
34 48
35 63
36 63
37 48
38 48
39 63
40 67
41 63
42 48
43 48
44 67
45 48
46 63
47 67
48 48
49 48
50 48
51 48
52 63
53 63
54 48
55 63
56 48
57 48
58 67
59 63
60 48
61 48
62 48
63 63
64 63
65 48
66 67
67 67
68 63
69 48
70 48
71 48
72 48
73 73
74 48
75 63
76 48
77 48
78 48
79 63
80 48
81 82
82 82
83 48
84 48
85 48
86 82
87 48
88 67
89 63
18
0 42
1 42
2 42
3 12
4 12
5 12
6 52
7 12
8 42
9 12
10 12
11 12
12 12
13 12
14 81
15 74
16 12
17 12
19 42
20 52
21 74
22 52
23 74
24 42
25 12
26 42
27 42
28 42
29 12
30 52
31 42
32 52
33 52
34 54
35 12
36 42
37 42
38 74
39 54
40 12
41 12
42 42
43 12
44 42
45 12
46 42
47 12
48 12
49 12
50 42
51 54
52 52
53 12
54 54
55 52
56 12
57 42
58 12
59 12
60 12
61 42
62 42
63 52
64 52
65 12
66 12
67 12
68 52
69 42
70 81
71 42
72 12
73 12
74 74
75 12
76 12
77 52
78 12
79 42
80 12
81 81
82 12
83 42
84 12
85 52
86 81
87 12
88 42
89 54
19
0 2
1 62
2 2
3 2
4 2
5 61
6 34
7 13
8 2
9 2
10 61
11 2
12 34
13 13
14 2
15 62
16 2
17 61
18 20
20 20
21 80
22 22
23 80
24 2
25 25
26 20
27 2
28 22
29 61
30 34
31 34
32 80
33 80
34 34
35 13
36 2
37 2
38 80
39 2
40 62
41 13
42 61
43 2
44 61
45 13
46 2
47 61
48 61
49 2
50 62
51 2
52 20
53 25
54 34
55 61
56 2
57 20
58 34
59 2
60 2
61 61
62 62
63 2
64 13
65 20
66 88
67 61
68 20
69 2
70 2
71 2
72 2
73 61
74 80
75 2
76 80
77 34
78 88
79 61
80 80
81 2
82 61
83 22
84 13
85 34
86 2
87 2
88 88
89 13
20
0 19
1 19
2 19
3 26
4 19
5 65
6 52
7 19
8 19
9 19
10 65
11 65
12 52
13 19
14 19
15 19
16 65
17 52
18 52
19 19
21 19
22 19
23 65
24 65
25 19
26 26
27 19
28 65
29 52
30 52
31 52
32 26
33 52
34 19
35 26
36 52
37 65
38 19
39 26
40 19
41 19
42 19
43 26
44 19
45 19
46 52
47 19
48 65
49 65
50 26
51 19
52 52
53 19
54 19
55 52
56 19
57 65
58 19
59 19
60 26
61 19
62 19
63 52
64 64
65 65
66 19
67 19
68 52
69 65
70 19
71 19
72 19
73 65
74 52
75 26
76 19
77 65
78 19
79 26
80 19
81 52
82 65
83 19
84 65
85 26
86 19
87 65
88 19
89 26
21
0 33
1 74
2 80
3 33
4 33
5 80
6 80
7 80
8 33
9 33
10 80
11 33
12 74
13 80
14 33
15 80
16 33
17 33
18 74
19 80
20 80
22 80
23 33
24 74
25 80
26 80
27 80
28 74
29 33
30 80
31 74
32 80
33 33
34 80
35 80
36 74
37 74
38 33
39 33
40 74
41 33
42 74
43 33
44 80
45 80
46 33
47 33
48 80
49 80
50 80
51 74
52 33
53 74
54 74
55 33
56 33
57 80
58 74
59 33
60 33
61 80
62 80
63 33
64 33
65 80
66 33
67 33
68 80
69 80
70 74
71 33
72 74
73 80
74 74
75 80
76 80
77 80
78 33
79 33
80 80
81 74
82 80
83 80
84 80
85 80
86 74
87 80
88 80
89 33
22
0 19
1 19
2 19
3 83
4 83
5 19
6 52
7 83
8 19
9 19
10 19
11 83
12 52
13 19
14 19
15 19
16 19
17 52
18 52
19 19
20 19
21 19
23 19
24 83
25 19
26 19
27 83
28 83
29 52
30 52
31 52
32 19
33 52
34 19
35 19
36 52
37 52
38 19
39 19
40 19
41 83
42 19
43 83
44 19
45 19
46 52
47 83
48 19
49 83
50 83
51 19
52 52
53 19
54 19
55 52
56 19
57 52
58 19
59 19
60 83
61 19
62 19
63 52
64 19
65 19
66 19
67 19
68 52
69 19
70 19
71 19
72 19
73 19
74 52
75 19
76 83
77 19
78 83
79 19
80 19
81 52
82 19
83 83
84 83
85 19
86 19
87 83
88 19
89 83
23
0 38
1 30
2 30
3 38
4 38
5 30
6 30
7 57
8 38
9 38
10 30
11 38
12 38
13 38
14 38
15 30
16 30
17 30
18 38
19 38
20 57
21 38
22 30
24 30
25 30
26 57
27 38
28 57
29 30
30 30
31 30
32 57
33 38
34 30
35 30
36 57
37 57
38 38
39 30
40 30
41 38
42 57
43 30
44 38
45 38
46 57
47 38
48 30
49 30
50 30
51 30
52 30
53 30
54 30
55 38
56 38
57 57
58 30
59 38
60 38
61 30
62 30
63 38
64 30
65 57
66 38
67 30
68 57
69 57
70 57
71 38
72 38
73 30
74 38
75 30
76 38
77 30
78 38
79 30
80 38
81 38
82 30
83 30
84 30
85 30
86 38
87 38
88 38
89 38
24
0 42
1 1
2 16
3 16
4 16
5 16
6 16
7 28
8 28
9 42
10 16
11 16
12 72
13 72
14 16
15 1
16 16
17 16
18 42
19 1
20 16
21 74
22 28
23 1
25 53
26 42
27 42
28 28
29 16
30 1
31 42
32 28
33 16
34 16
35 16
36 28
37 37
38 71
39 70
40 1
41 53
42 42
43 16
44 42
45 16
46 42
47 16
48 16
49 70
50 42
51 28
52 16
53 53
54 42
55 53
56 70
57 28
58 72
59 72
60 16
61 42
62 1
63 53
64 16
65 16
66 16
67 42
68 42
69 28
70 70
71 71
72 72
73 16
74 74
75 16
76 16
77 16
78 16
79 53
80 28
81 70
82 16
83 28
84 16
85 16
86 16
87 16
88 1
89 53
25
0 19
1 19
2 19
3 53
4 83
5 19
6 83
7 83
8 19
9 53
10 19
11 53
12 53
13 19
14 19
15 19
16 19
17 19
18 19
19 19
20 19
21 19
22 19
23 19
24 53
26 19
27 83
28 83
29 19
30 83
31 83
32 19
33 19
34 19
35 19
36 53
37 53
38 19
39 53
40 19
41 53
42 19
43 83
44 19
45 19
46 19
47 83
48 19
49 83
50 83
51 53
52 19
53 53
54 19
55 53
56 19
57 83
58 19
59 19
60 53
61 19
62 19
63 53
64 19
65 19
66 19
67 19
68 83
69 19
70 19
71 53
72 53
73 19
74 53
75 19
76 83
77 19
78 53
79 53
80 19
81 19
82 19
83 83
84 83
85 19
86 19
87 83
88 19
89 53
26
0 79
1 50
2 20
3 50
4 35
5 20
6 50
7 32
8 79
9 50
10 20
11 20
12 50
13 20
14 20
15 32
16 20
17 79
18 20
19 20
20 20
21 32
22 20
23 32
24 50
25 20
27 32
28 32
29 79
30 35
31 50
32 32
33 79
34 20
35 35
36 79
37 32
38 32
39 79
40 35
41 32
42 50
43 35
44 79
45 32
46 20
47 35
48 20
49 32
50 50
51 35
52 20
53 79
54 50
55 79
56 50
57 32
58 20
59 35
60 50
61 79
62 50
63 79
64 20
65 20
66 20
67 79
68 32
69 32
70 50
71 79
72 79
73 20
74 20
75 35
76 32
77 20
78 32
79 79
80 32
81 50
82 20
83 50
84 32
85 35
86 35
87 35
88 20
89 79
27
0 0
1 0
2 0
3 0
4 0
5 7
6 7
7 7
8 0
9 0
10 0
11 0
12 0
13 7
14 0
15 0
16 0
17 0
18 0
19 0
20 0
21 7
22 7
23 0
24 0
25 7
26 0
28 7
29 0
30 7
31 0
32 7
33 0
34 51
35 7
36 51
37 0
38 0
39 51
40 0
41 7
42 0
43 51
44 0
45 0
46 0
47 0
48 7
49 7
50 0
51 51
52 0
53 0
54 51
55 7
56 51
57 7
58 0
59 0
60 0
61 0
62 0
63 0
64 7
65 0
66 7
67 0
68 7
69 0
70 0
71 0
72 0
73 7
74 0
75 51
76 7
77 7
78 0
79 0
80 7
81 0
82 0
83 7
84 7
85 7
86 0
87 0
88 0
89 7
28
0 24
1 24
2 24
3 83
4 83
5 57
6 83
7 83
8 36
9 36
10 57
11 24
12 24
13 83
14 57
15 83
16 24
17 57
18 24
19 83
20 57
21 24
22 83
23 57
24 24
25 83
26 57
27 36
29 57
30 24
31 24
32 57
33 24
34 83
35 57
36 36
37 24
38 24
39 24
40 24
41 24
42 24
43 24
44 24
45 83
46 36
47 83
48 57
49 83
50 83
51 36
52 36
53 24
54 24
55 24
56 24
57 57
58 24
59 24
60 36
61 24
62 24
63 24
64 57
65 57
66 83
67 24
68 57
69 57
70 24
71 24
72 24
73 57
74 24
75 36
76 83
77 36
78 83
79 24
80 83
81 24
82 57
83 83
84 36
85 36
86 24
87 24
88 83
89 36
29
0 63
1 48
2 63
3 48
4 48
5 48
6 48
7 48
8 63
9 48
10 48
11 48
12 48
13 63
14 48
15 48
16 48
17 48
18 48
19 48
20 48
21 48
22 63
23 48
24 48
25 48
26 63
27 48
28 48
30 48
31 48
32 48
33 63
34 48
35 63
36 63
37 48
38 48
39 63
40 48
41 63
42 48
43 48
44 48
45 48
46 63
47 48
48 48
49 48
50 48
51 48
52 63
53 63
54 48
55 63
56 48
57 48
58 48
59 63
60 48
61 48
62 48
63 63
64 63
65 48
66 48
67 48
68 63
69 48
70 48
71 48
72 48
73 48
74 48
75 63
76 48
77 48
78 48
79 63
80 48
81 48
82 48
83 48
84 48
85 48
86 48
87 48
88 48
89 63
30
0 1
1 1
2 6
3 6
4 43
5 6
6 6
7 6
8 1
9 6
10 6
11 6
12 6
13 1
14 6
15 15
16 6
17 6
18 6
19 1
20 6
21 15
22 6
23 23
24 1
25 6
26 6
27 6
28 1
29 6
31 6
32 15
33 15
34 6
35 43
36 1
37 1
38 15
39 43
40 1
41 43
42 1
43 43
44 6
45 15
46 6
47 43
48 6
49 6
50 6
51 43
52 6
53 1
54 6
55 6
56 1
57 23
58 6
59 1
60 6
61 6
62 1
63 6
64 43
65 6
66 6
67 6
68 6
69 23
70 1
71 1
72 1
73 6
74 1
75 43
76 6
77 6
78 43
79 43
80 15
81 1
82 6
83 6
84 6
85 6
86 1
87 1
88 1
89 1
31
0 42
1 40
2 6
3 6
4 6
5 6
6 6
7 6
8 42
9 42
10 6
11 6
12 6
13 6
14 6
15 6
16 6
17 67
18 42
19 6
20 6
21 6
22 6
23 6
24 42
25 6
26 6
27 42
28 6
29 6
30 6
32 6
33 6
34 6
35 6
36 42
37 42
38 6
39 6
40 40
41 67
42 42
43 6
44 67
45 40
46 42
47 67
48 6
49 6
50 6
51 42
52 6
53 42
54 42
55 67
56 6
57 42
58 67
59 6
60 6
61 42
62 6
63 6
64 6
65 6
66 67
67 67
68 6
69 6
70 42
71 42
72 42
73 6
74 42
75 40
76 6
77 6
78 40
79 42
80 6
81 42
82 6
83 6
84 6
85 6
86 40
87 40
88 67
89 6
32
0 7
1 26
2 80
3 7
4 7
5 80
6 7
7 7
8 7
9 7
10 80
11 80
12 80
13 7
14 57
15 80
16 35
17 80
18 68
19 80
20 26
21 80
22 7
23 57
24 57
25 7
26 26
27 7
28 57
29 80
30 35
31 7
33 80
34 80
35 35
36 7
37 57
38 80
39 26
40 7
41 7
42 26
43 35
44 7
45 80
46 57
47 7
48 80
49 7
50 26
51 7
52 68
53 7
54 7
55 7
56 7
57 57
58 7
59 7
60 7
61 26
62 26
63 26
64 35
65 57
66 7
67 7
68 68
69 57
70 57
71 80
72 7
73 80
74 80
75 35
76 80
77 7
78 7
79 26
80 80
81 7
82 80
83 7
84 7
85 35
86 7
87 7
88 80
89 7
33
0 38
1 11
2 11
3 38
4 38
5 11
6 11
7 11
8 63
9 38
10 11
11 11
12 11
13 63
14 38
15 38
16 11
17 63
18 21
19 21
20 63
21 21
22 63
23 38
24 11
25 11
26 63
27 38
28 11
29 63
30 38
31 11
32 21
34 11
35 63
36 63
37 11
38 38
39 63
40 11
41 11
42 11
43 11
44 11
45 21
46 63
47 38
48 11
49 11
50 38
51 38
52 63
53 11
54 21
55 63
56 38
57 38
58 11
59 63
60 38
61 11
62 38
63 63
64 63
65 11
66 11
67 63
68 63
69 38
70 11
71 38
72 11
73 11
74 21
75 63
76 11
77 11
78 11
79 63
80 21
81 38
82 11
83 11
84 11
85 63
86 11
87 11
88 11
89 63
34
0 19
1 6
2 19
3 6
4 6
5 6
6 6
7 6
8 19
9 58
10 6
11 6
12 58
13 19
14 77
15 6
16 6
17 6
18 54
19 19
20 19
21 19
22 19
23 6
24 6
25 19
26 6
27 54
28 6
29 6
30 6
31 6
32 19
33 6
35 77
36 54
37 6
38 19
39 54
40 6
41 6
42 54
43 6
44 19
45 19
46 6
47 58
48 6
49 6
50 6
51 54
52 6
53 19
54 54
55 58
56 19
57 77
58 58
59 19
60 6
61 19
62 19
63 6
64 19
65 77
66 19
67 58
68 6
69 77
70 19
71 6
72 58
73 6
74 54
75 54
76 6
77 77
78 6
79 19
80 19
81 54
82 6
83 6
84 77
85 77
86 77
87 6
88 19
89 54
35
0 26
1 43
2 43
3 26
4 43
5 32
6 26
7 32
8 75
9 26
10 32
11 43
12 75
13 64
14 43
15 32
16 43
17 64
18 26
19 26
20 26
21 32
22 26
23 32
24 43
25 26
26 26
27 32
28 32
29 64
30 43
31 26
32 32
33 64
34 85
36 75
37 32
38 32
39 43
40 75
41 32
42 26
43 43
44 26
45 75
46 32
47 43
48 32
49 32
50 26
51 75
52 26
53 26
54 75
55 64
56 75
57 32
58 75
59 75
60 26
61 26
62 26
63 64
64 64
65 26
66 32
67 26
68 32
69 32
70 43
71 26
72 75
73 32
74 32
75 75
76 32
77 85
78 43
79 26
80 32
81 26
82 32
83 26
84 32
85 85
86 75
87 75
88 26
89 26
36
0 8
1 28
2 8
3 8
4 28
5 28
6 28
7 84
8 8
9 89
10 84
11 8
12 84
13 8
14 84
15 28
16 28
17 8
18 46
19 8
20 46
21 28
22 28
23 28
24 28
25 28
26 89
27 51
28 28
29 8
30 28
31 46
32 28
33 8
34 51
35 51
37 28
38 8
39 51
40 84
41 84
42 46
43 51
44 8
45 8
46 46
47 28
48 28
49 51
50 28
51 51
52 46
53 89
54 51
55 8
56 51
57 28
58 89
59 8
60 8
61 46
62 46
63 8
64 8
65 28
66 51
67 8
68 46
69 28
70 46
71 8
72 8
73 8
74 28
75 51
76 28
77 84
78 84
79 89
80 28
81 46
82 84
83 28
84 84
85 84
86 84
87 84
88 8
89 89
37
0 24
1 24
2 24
3 24
4 24
5 57
6 24
7 57
8 24
9 24
10 57
11 24
12 24
13 24
14 57
15 24
16 24
17 57
18 24
19 24
20 57
21 24
22 24
23 57
24 24
25 24
26 57
27 24
28 24
29 57
30 24
31 24
32 57
33 24
34 24
35 57
36 24
38 24
39 24
40 24
41 24
42 24
43 24
44 24
45 24
46 57
47 24
48 57
49 24
50 24
51 24
52 57
53 24
54 24
55 24
56 24
57 57
58 24
59 24
60 24
61 24
62 24
63 24
64 57
65 57
66 24
67 24
68 57
69 57
70 24
71 24
72 24
73 57
74 24
75 24
76 24
77 57
78 24
79 24
80 57
81 24
82 57
83 24
84 24
85 57
86 24
87 24
88 24
89 24
38
0 71
1 15
2 3
3 3
4 4
5 80
6 3
7 3
8 3
9 3
10 80
11 33
12 3
13 80
14 4
15 15
16 3
17 33
18 74
19 80
20 80
21 33
22 4
23 23
24 71
25 4
26 3
27 71
28 4
29 33
30 15
31 3
32 80
33 33
34 80
35 4
36 3
37 23
39 4
40 3
41 3
42 3
43 4
44 71
45 80
46 23
47 4
48 80
49 3
50 3
51 3
52 33
53 3
54 74
55 3
56 3
57 23
58 3
59 33
60 3
61 80
62 15
63 33
64 33
65 23
66 4
67 4
68 3
69 4
70 3
71 71
72 74
73 80
74 74
75 3
76 4
77 4
78 4
79 33
80 80
81 3
82 80
83 4
84 3
85 4
86 3
87 3
88 80
89 3
39
0 70
1 43
2 70
3 43
4 43
5 79
6 43
7 51
8 51
9 51
10 70
11 43
12 43
13 43
14 43
15 43
16 43
17 79
18 51
19 70
20 79
21 70
22 43
23 43
24 70
25 79
26 79
27 51
28 51
29 79
30 43
31 43
32 43
33 79
34 51
35 43
36 51
37 70
38 43
40 43
41 43
42 51
43 43
44 70
45 51
46 70
47 43
48 79
49 51
50 70
51 51
52 70
53 79
54 51
55 79
56 51
57 70
58 51
59 51
60 43
61 79
62 70
63 79
64 43
65 43
66 43
67 79
68 43
69 43
70 70
71 70
72 70
73 79
74 70
75 51
76 43
77 51
78 43
79 79
80 43
81 70
82 70
83 43
84 51
85 43
86 70
87 43
88 70
89 51
40
0 87
1 1
2 87
3 87
4 87
5 31
6 31
7 87
8 87
9 87
10 87
11 87
12 87
13 87
14 87
15 1
16 87
17 31
18 31
19 1
20 1
21 1
22 1
23 1
24 1
25 1
26 1
27 87
28 1
29 31
30 1
31 31
32 87
33 87
34 31
35 87
36 87
37 1
38 87
39 1
41 87
42 31
43 1
44 31
45 87
46 31
47 31
48 31
49 1
50 1
51 87
52 31
53 1
54 31
55 31
56 1
57 1
58 31
59 87
60 87
61 31
62 1
63 31
64 87
65 87
66 31
67 31
68 1
69 87
70 1
71 1
72 1
73 31
74 1
75 87
76 87
77 31
78 87
79 87
80 87
81 87
82 87
83 31
84 87
85 31
86 87
87 87
88 1
89 1
41
0 3
1 53
2 3
3 3
4 4
5 3
6 3
7 7
8 3
9 3
10 3
11 78
12 3
13 7
14 4
15 3
16 3
17 55
18 3
19 7
20 3
21 3
22 4
23 3
24 53
25 53
26 3
27 7
28 4
29 55
30 4
31 55
32 7
33 3
34 3
35 4
36 7
37 53
38 3
39 4
40 3
42 3
43 4
44 55
45 3
46 3
47 4
48 3
49 7
50 3
51 3
52 55
53 53
54 3
55 55
56 3
57 7
58 3
59 7
60 3
61 53
62 3
63 55
64 7
65 3
66 78
67 55
68 3
69 4
70 3
71 3
72 53
73 3
74 3
75 3
76 4
77 4
78 78
79 53
80 3
81 3
82 3
83 4
84 7
85 4
86 3
87 3
88 78
89 7
42
0 0
1 24
2 0
3 50
4 0
5 61
6 31
7 0
8 0
9 0
10 61
11 24
12 18
13 61
14 0
15 50
16 24
17 31
18 18
19 61
20 18
21 18
22 18
23 46
24 24
25 24
26 50
27 0
28 24
29 61
30 24
31 31
32 46
33 0
34 54
35 50
36 46
37 24
38 0
39 0
40 31
41 24
43 24
44 0
45 0
46 46
47 31
48 61
49 61
50 50
51 54
52 18
53 24
54 54
55 31
56 0
57 46
58 0
59 0
60 0
61 61
62 50
63 0
64 0
65 24
66 31
67 31
68 50
69 46
70 0
71 0
72 24
73 61
74 18
75 0
76 50
77 31
78 0
79 0
80 50
81 18
82 61
83 50
84 0
85 31
86 0
87 0
88 61
89 0
43
0 4
1 30
2 16
3 4
4 4
5 16
6 16
7 4
8 4
9 4
10 4
11 16
12 4
13 35
14 4
15 30
16 16
17 4
18 4
19 16
20 16
21 4
22 4
23 30
24 16
25 4
26 35
27 39
28 4
29 16
30 30
31 16
32 35
33 4
34 16
35 35
36 39
37 16
38 4
39 39
40 4
41 4
42 16
44 4
45 4
46 39
47 4
48 16
49 4
50 4
51 39
52 16
53 4
54 39
55 4
56 4
57 16
58 4
59 16
60 4
61 39
62 30
63 35
64 35
65 16
66 4
67 4
68 35
69 4
70 39
71 4
72 16
73 16
74 4
75 35
76 4
77 4
78 4
79 39
80 4
81 4
82 4
83 4
84 4
85 35
86 4
87 4
88 4
89 39
44
0 0
1 0
2 0
3 0
4 0
5 61
6 61
7 0
8 0
9 0
10 61
11 61
12 0
13 61
14 0
15 0
16 0
17 67
18 0
19 61
20 61
21 61
22 61
23 0
24 0
25 61
26 0
27 0
28 0
29 61
30 61
31 67
32 0
33 0
34 61
35 0
36 0
37 0
38 0
39 0
40 0
41 67
42 0
43 0
45 0
46 0
47 67
48 61
49 61
50 0
51 0
52 0
53 0
54 0
55 67
56 0
57 0
58 67
59 0
60 0
61 61
62 0
63 0
64 0
65 61
66 67
67 67
68 0
69 0
70 0
71 0
72 0
73 61
74 0
75 0
76 0
77 0
78 0
79 0
80 61
81 0
82 61
83 0
84 0
85 0
86 0
87 0
88 61
89 0
45
0 87
1 87
2 59
3 87
4 87
5 80
6 80
7 13
8 59
9 87
10 80
11 59
12 87
13 13
14 59
15 80
16 87
17 59
18 87
19 13
20 13
21 80
22 13
23 80
24 59
25 13
26 75
27 13
28 80
29 59
30 80
31 87
32 80
33 59
34 13
35 75
36 59
37 59
38 80
39 75
40 87
41 13
42 87
43 75
44 87
46 59
47 87
48 80
49 13
50 80
51 75
52 59
53 59
54 75
55 59
56 59
57 80
58 87
59 59
60 59
61 13
62 13
63 59
64 13
65 80
66 87
67 13
68 80
69 59
70 59
71 80
72 59
73 80
74 59
75 75
76 80
77 87
78 87
79 59
80 80
81 87
82 80
83 80
84 87
85 75
86 87
87 87
88 13
89 13
46
0 42
1 42
2 70
3 42
4 36
5 42
6 52
7 36
8 36
9 36
10 42
11 42
12 42
13 36
14 57
15 70
16 42
17 52
18 42
19 42
20 52
21 42
22 52
23 57
24 42
25 36
26 42
27 36
28 36
29 52
30 52
31 42
32 57
33 52
34 42
35 57
36 36
37 57
38 57
39 70
40 42
41 36
42 42
43 70
44 42
45 36
47 42
48 42
49 70
50 42
51 36
52 52
53 36
54 42
55 52
56 70
57 57
58 36
59 36
60 36
61 42
62 70
63 52
64 52
65 57
66 42
67 42
68 52
69 57
70 70
71 42
72 42
73 42
74 42
75 36
76 36
77 36
78 36
79 36
80 57
81 70
82 42
83 36
84 36
85 36
86 70
87 36
88 42
89 36
47
0 4
1 4
2 4
3 4
4 4
5 67
6 4
7 4
8 4
9 4
10 67
11 4
12 4
13 4
14 4
15 4
16 4
17 67
18 4
19 67
20 67
21 4
22 4
23 4
24 4
25 4
26 4
27 4
28 4
29 67
30 4
31 67
32 4
33 4
34 67
35 4
36 4
37 4
38 4
39 4
40 4
41 4
42 67
43 4
44 67
45 4
46 67
48 67
49 67
50 4
51 4
52 4
53 4
54 67
55 67
56 4
57 4
58 67
59 4
60 4
61 67
62 4
63 67
64 4
65 4
66 67
67 67
68 4
69 4
70 4
71 4
72 4
73 67
74 4
75 4
76 4
77 4
78 4
79 67
80 4
81 4
82 67
83 4
84 4
85 4
86 4
87 4
88 67
89 4
48
0 12
1 6
2 6
3 12
4 6
5 5
6 6
7 49
8 11
9 12
10 82
11 11
12 12
13 49
14 6
15 80
16 6
17 17
18 12
19 61
20 65
21 80
22 6
23 6
24 6
25 6
26 6
27 49
28 6
29 29
30 6
31 6
32 80
33 11
34 6
35 80
36 6
37 65
38 80
39 61
40 6
41 11
42 61
43 6
44 61
45 80
46 6
47 17
49 49
50 6
51 49
52 6
53 11
54 6
55 17
56 49
57 65
58 12
59 11
60 12
61 61
62 6
63 17
64 17
65 65
66 49
67 17
68 6
69 65
70 49
71 80
72 11
73 73
74 11
75 12
76 11
77 6
78 11
79 61
80 80
81 12
82 82
83 6
84 6
85 6
86 82
87 12
88 49
89 49
49
0 7
1 56
2 56
3 56
4 7
5 48
6 48
7 7
8 7
9 7
10 48
11 48
12 48
13 7
14 56
15 48
16 48
17 48
18 48
19 7
20 48
21 48
22 7
23 7
24 56
25 7
26 7
27 7
28 7
29 48
30 48
31 48
32 7
33 48
34 48
35 7
36 7
37 7
38 48
39 56
40 7
41 7
42 48
43 7
44 48
45 7
46 56
47 66
48 48
50 7
51 56
52 48
53 7
54 56
55 7
56 56
57 7
58 48
59 7
60 56
61 48
62 56
63 48
64 7
65 48
66 66
67 66
68 7
69 7
70 56
71 7
72 48
73 48
74 48
75 56
76 7
77 7
78 66
79 7
80 48
81 56
82 48
83 7
84 7
85 7
86 48
87 7
88 66
89 7
50
0 42
1 62
2 3
3 3
4 3
5 6
6 6
7 83
8 3
9 3
10 6
11 6
12 3
13 62
14 3
15 62
16 6
17 6
18 42
19 62
20 26
21 83
22 83
23 3
24 42
25 83
26 26
27 42
28 83
29 6
30 6
31 6
32 26
33 3
34 6
35 26
36 42
37 42
38 3
39 26
40 3
41 3
42 42
43 3
44 42
45 3
46 42
47 3
48 6
49 3
51 3
52 6
53 3
54 42
55 3
56 3
57 26
58 3
59 3
60 3
61 42
62 62
63 6
64 26
65 6
66 3
67 6
68 68
69 3
70 62
71 3
72 3
73 6
74 3
75 3
76 83
77 6
78 3
79 26
80 83
81 3
82 6
83 83
84 3
85 6
86 3
87 3
88 62
89 3
51
0 27
1 56
2 56
3 56
4 39
5 56
6 54
7 27
8 36
9 89
10 56
11 39
12 54
13 27
14 56
15 56
16 39
17 39
18 54
19 54
20 36
21 54
22 27
23 36
24 36
25 89
26 39
27 27
28 36
29 39
30 39
31 54
32 27
33 39
34 54
35 75
36 36
37 36
38 56
39 39
40 75
41 27
42 54
43 39
44 27
45 75
46 36
47 39
48 56
49 56
50 54
52 36
53 89
54 54
55 27
56 56
57 36
58 54
59 75
60 36
61 39
62 56
63 39
64 75
65 84
66 56
67 27
68 27
69 36
70 39
71 27
72 75
73 56
74 54
75 75
76 27
77 84
78 75
79 39
80 75
81 39
82 56
83 27
84 84
85 75
86 75
87 75
88 54
89 89
52
0 18
1 6
2 6
3 6
4 6
5 6
6 6
7 6
8 46
9 6
10 6
11 6
12 18
13 20
14 6
15 6
16 6
17 63
18 18
19 20
20 20
21 18
22 22
23 6
24 6
25 6
26 20
27 6
28 6
29 63
30 6
31 6
32 68
33 63
34 6
35 20
36 46
37 46
38 18
39 46
40 6
41 63
42 18
43 6
44 6
45 63
46 46
47 6
48 6
49 6
50 6
51 18
53 63
54 18
55 63
56 46
57 46
58 6
59 63
60 6
61 6
62 6
63 63
64 20
65 20
66 6
67 6
68 68
69 46
70 46
71 6
72 18
73 6
74 18
75 63
76 6
77 6
78 6
79 63
80 6
81 18
82 6
83 6
84 6
85 6
86 18
87 6
88 20
89 46
53
0 79
1 24
2 24
3 41
4 41
5 72
6 24
7 41
8 72
9 89
10 72
11 72
12 72
13 25
14 41
15 24
16 24
17 79
18 24
19 25
20 25
21 24
22 25
23 24
24 24
25 25
26 79
27 41
28 24
29 79
30 24
31 24
32 41
33 72
34 25
35 79
36 89
37 24
38 24
39 79
40 24
41 41
42 24
43 24
44 79
45 72
46 24
47 41
48 72
49 41
50 24
51 89
52 79
54 24
55 41
56 24
57 24
58 72
59 72
60 41
61 79
62 24
63 79
64 79
65 24
66 41
67 41
68 24
69 24
70 24
71 24
72 72
73 72
74 24
75 72
76 25
77 24
78 41
79 79
80 25
81 24
82 72
83 25
84 41
85 79
86 24
87 24
88 25
89 89
54
0 42
1 42
2 34
3 18
4 18
5 18
6 34
7 51
8 42
9 34
10 18
11 18
12 18
13 34
14 34
15 18
16 34
17 18
18 18
19 34
20 18
21 18
22 18
23 18
24 42
25 34
26 42
27 51
28 42
29 18
30 34
31 42
32 18
33 18
34 34
35 51
36 51
37 42
38 18
39 51
40 42
41 18
42 42
43 51
44 42
45 51
46 42
47 34
48 18
49 51
50 42
51 51
52 18
53 42
55 18
56 51
57 42
58 34
59 51
60 18
61 42
62 34
63 18
64 18
65 34
66 34
67 34
68 18
69 34
70 18
71 42
72 18
73 18
74 18
75 51
76 34
77 34
78 18
79 42
80 34
81 18
82 18
83 34
84 51
85 34
86 18
87 18
88 34
89 51
55
0 63
1 41
2 63
3 41
4 41
5 63
6 63
7 41
8 63
9 41
10 63
11 41
12 41
13 41
14 41
15 41
16 41
17 63
18 63
19 67
20 63
21 63
22 63
23 41
24 41
25 41
26 63
27 41
28 41
29 63
30 41
31 67
32 41
33 63
34 67
35 63
36 41
37 41
38 41
39 63
40 67
41 41
42 67
43 41
44 67
45 63
46 63
47 67
48 63
49 41
50 41
51 41
52 63
53 41
54 63
56 41
57 41
58 67
59 63
60 41
61 67
62 41
63 63
64 63
65 63
66 67
67 67
68 63
69 41
70 41
71 41
72 41
73 63
74 41
75 63
76 41
77 41
78 41
79 63
80 41
81 41
82 63
83 41
84 41
85 63
86 41
87 41
88 67
89 41
56
0 2
1 62
2 2
3 3
4 3
5 49
6 2
7 49
8 2
9 3
10 49
11 2
12 3
13 2
14 2
15 62
16 2
17 49
18 3
19 2
20 2
21 2
22 2
23 3
24 70
25 2
26 3
27 51
28 51
29 49
30 62
31 2
32 49
33 3
34 2
35 51
36 51
37 70
38 3
39 51
40 3
41 3
42 2
43 2
44 2
45 2
46 70
47 3
48 49
49 49
50 3
51 51
52 70
53 3
54 51
55 3
57 70
58 3
59 2
60 3
61 2
62 62
63 2
64 2
65 2
66 49
67 49
68 3
69 2
70 70
71 2
72 2
73 49
74 3
75 51
76 3
77 2
78 3
79 2
80 2
81 3
82 49
83 3
84 51
85 2
86 2
87 3
88 2
89 51
57
0 46
1 23
2 46
3 23
4 23
5 65
6 23
7 32
8 28
9 23
10 65
11 65
12 65
13 32
14 69
15 23
16 65
17 65
18 46
19 32
20 65
21 32
22 28
23 23
24 28
25 28
26 32
27 32
28 28
29 65
30 23
31 46
32 32
33 23
34 65
35 32
36 28
37 37
38 23
39 46
40 23
41 32
42 46
43 23
44 46
45 32
46 46
47 23
48 65
49 32
50 28
51 28
52 46
53 28
54 46
55 32
56 46
58 65
59 28
60 23
61 46
62 46
63 46
64 32
65 65
66 32
67 46
68 32
69 69
70 46
71 23
72 28
73 65
74 23
75 32
76 28
77 65
78 23
79 32
80 32
81 46
82 65
83 28
84 28
85 32
86 69
87 65
88 32
89 28
58
0 9
1 12
2 9
3 9
4 9
5 12
6 34
7 9
8 9
9 9
10 12
11 12
12 12
13 34
14 34
15 9
16 12
17 67
18 12
19 34
20 34
21 12
22 34
23 9
24 12
25 34
26 9
27 9
28 9
29 12
30 34
31 67
32 9
33 9
34 34
35 12
36 9
37 12
38 9
39 9
40 12
41 9
42 9
43 9
44 67
45 12
46 9
47 67
48 12
49 12
50 9
51 9
52 12
53 9
54 34
55 67
56 9
57 12
59 12
60 9
61 67
62 34
63 67
64 34
65 12
66 67
67 67
68 9
69 34
70 9
71 9
72 12
73 12
74 12
75 12
76 9
77 34
78 12
79 9
80 12
81 9
82 12
83 34
84 12
85 34
86 12
87 12
88 34
89 9
59
0 2
1 72
2 2
3 2
4 2
5 45
6 2
7 13
8 8
9 2
10 63
11 72
12 72
13 13
14 2
15 45
16 2
17 63
18 63
19 2
20 2
21 45
22 2
23 45
24 72
25 2
26 63
27 2
28 8
29 63
30 2
31 2
32 13
33 63
34 2
35 75
36 8
37 72
38 45
39 2
40 45
41 13
42 2
43 2
44 2
45 45
46 2
47 2
48 45
49 2
50 2
51 75
52 63
53 72
54 75
55 63
56 2
57 2
58 72
60 8
61 2
62 2
63 63
64 13
65 2
66 2
67 63
68 63
69 2
70 2
71 2
72 72
73 63
74 72
75 75
76 45
77 2
78 45
79 63
80 45
81 2
82 63
83 13
84 8
85 75
86 2
87 45
88 2
89 8
60
0 8
1 3
2 3
3 3
4 3
5 3
6 3
7 3
8 8
9 3
10 3
11 3
12 3
13 8
14 3
15 3
16 3
17 3
18 3
19 3
20 3
21 3
22 3
23 3
24 3
25 3
26 3
27 8
28 8
29 3
30 3
31 3
32 3
33 3
34 3
35 3
36 8
37 3
38 3
39 3
40 3
41 3
42 3
43 3
44 8
45 3
46 8
47 3
48 3
49 3
50 3
51 3
52 3
53 3
54 3
55 3
56 3
57 3
58 3
59 8
61 3
62 3
63 8
64 8
65 3
66 3
67 3
68 3
69 3
70 3
71 3
72 3
73 3
74 3
75 3
76 3
77 3
78 3
79 8
80 3
81 3
82 3
83 3
84 3
85 3
86 3
87 3
88 3
89 3
61
0 42
1 19
2 19
3 42
4 67
5 48
6 48
7 19
8 42
9 42
10 48
11 48
12 48
13 19
14 19
15 19
16 19
17 48
18 42
19 19
20 19
21 19
22 19
23 19
24 42
25 19
26 79
27 42
28 42
29 48
30 48
31 42
32 19
33 48
34 19
35 79
36 42
37 42
38 19
39 79
40 42
41 67
42 42
43 79
44 44
45 19
46 42
47 67
48 48
49 48
50 42
51 42
52 19
53 79
54 42
55 67
56 19
57 42
58 67
59 19
60 42
62 19
63 79
64 19
65 48
66 67
67 67
68 42
69 19
70 19
71 42
72 42
73 48
74 42
75 19
76 19
77 19
78 48
79 79
80 19
81 42
82 48
83 19
84 19
85 19
86 48
87 42
88 19
89 79
62
0 70
1 1
2 19
3 50
4 15
5 15
6 50
7 19
8 70
9 50
10 15
11 1
12 50
13 19
14 19
15 15
16 1
17 15
18 50
19 19
20 19
21 15
22 19
23 1
24 1
25 19
26 50
27 56
28 1
29 15
30 1
31 1
32 15
33 15
34 19
35 50
36 56
37 1
38 15
39 70
40 1
41 50
42 50
43 1
44 19
45 15
46 70
47 15
48 15
49 56
50 50
51 56
52 19
53 1
54 19
55 19
56 56
57 70
58 19
59 19
60 50
61 19
63 15
64 19
65 19
66 19
67 19
68 50
69 19
70 70
71 1
72 1
73 15
74 1
75 56
76 15
77 19
78 1
79 19
80 15
81 70
82 15
83 50
84 56
85 19
86 70
87 1
88 19
89 56
63
0 79
1 52
2 59
3 33
4 33
5 17
6 52
7 55
8 59
9 79
10 17
11 33
12 17
13 59
14 59
15 33
16 33
17 17
18 52
19 52
20 52
21 33
22 52
23 33
24 59
25 79
26 79
27 79
28 52
29 29
30 52
31 17
32 52
33 33
34 52
35 64
36 52
37 52
38 33
39 79
40 17
41 55
42 52
43 64
44 17
45 59
46 52
47 17
48 17
49 17
50 52
51 59
52 52
53 79
54 52
55 55
56 59
57 52
58 17
59 59
60 59
61 79
62 33
64 64
65 17
66 17
67 17
68 52
69 52
70 52
71 33
72 59
73 17
74 33
75 59
76 33
77 52
78 33
79 79
80 17
81 52
82 17
83 52
84 52
85 64
86 17
87 59
88 17
89 79
64
0 63
1 13
2 13
3 13
4 35
5 20
6 20
7 13
8 13
9 13
10 63
11 63
12 13
13 13
14 13
15 13
16 20
17 63
18 20
19 13
20 20
21 63
22 13
23 20
24 13
25 13
26 20
27 13
28 13
29 63
30 35
31 20
32 35
33 63
34 13
35 35
36 13
37 20
38 63
39 35
40 13
41 13
42 13
43 35
44 13
45 13
46 20
47 35
48 20
49 13
50 20
51 35
52 20
53 63
54 13
55 63
56 13
57 20
58 13
59 13
60 13
61 13
62 13
63 63
65 20
66 13
67 63
68 20
69 20
70 13
71 63
72 13
73 63
74 13
75 35
76 13
77 20
78 13
79 63
80 13
81 20
82 63
83 13
84 13
85 35
86 13
87 13
88 13
89 13
65
0 16
1 16
2 16
3 16
4 16
5 48
6 16
7 48
8 16
9 16
10 48
11 16
12 48
13 20
14 77
15 48
16 16
17 48
18 20
19 20
20 20
21 48
22 20
23 57
24 16
25 20
26 20
27 16
28 57
29 48
30 16
31 16
32 57
33 16
34 77
35 16
36 57
37 57
38 48
39 16
40 16
41 16
42 16
43 16
44 48
45 16
46 57
47 16
48 48
49 48
50 16
51 77
52 20
53 16
54 77
55 20
56 16
57 57
58 48
59 16
60 16
61 48
62 20
63 20
64 20
66 48
67 48
68 20
69 57
70 16
71 16
72 16
73 48
74 16
75 16
76 16
77 77
78 16
79 20
80 48
81 16
82 48
83 16
84 77
85 77
86 16
87 16
88 20
89 16
66
0 67
1 49
2 49
3 49
4 78
5 49
6 49
7 49
8 67
9 67
10 49
11 78
12 49
13 49
14 78
15 49
16 78
17 67
18 49
19 88
20 88
21 49
22 88
23 78
24 49
25 88
26 49
27 49
28 49
29 49
30 49
31 67
32 49
33 78
34 67
35 49
36 49
37 49
38 78
39 49
40 67
41 78
42 67
43 78
44 67
45 78
46 49
47 67
48 49
49 49
50 49
51 49
52 49
53 78
54 49
55 67
56 49
57 49
58 67
59 49
60 49
61 67
62 49
63 67
64 49
65 49
67 67
68 49
69 78
70 49
71 67
72 78
73 49
74 78
75 78
76 78
77 49
78 78
79 67
80 49
81 49
82 49
83 49
84 49
85 49
86 78
87 78
88 88
89 49
67
0 44
1 31
2 44
3 47
4 47
5 17
6 31
7 55
8 44
9 58
10 17
11 17
12 58
13 61
14 47
15 17
16 31
17 17
18 31
19 61
20 61
21 17
22 61
23 31
24 31
25 61
26 61
27 44
28 31
29 17
30 31
31 31
32 17
33 17
34 58
35 17
36 31
37 31
38 47
39 61
40 31
41 55
42 31
43 47
44 44
45 17
46 31
47 47
48 17
49 66
50 31
51 31
52 17
53 55
54 31
55 55
56 66
57 17
58 58
59 17
60 44
61 61
62 61
63 17
64 17
65 17
66 66
68 17
69 47
70 44
71 44
72 58
73 17
74 31
75 17
76 47
77 31
78 66
79 61
80 17
81 17
82 17
83 31
84 31
85 31
86 17
87 31
88 66
89 58
68
0 50
1 50
2 32
3 50
4 50
5 32
6 50
7 32
8 50
9 50
10 32
11 32
12 50
13 32
14 32
15 32
16 50
17 52
18 52
19 32
20 52
21 32
22 52
23 32
24 50
25 50
26 32
27 32
28 32
29 52
30 50
31 50
32 32
33 52
34 50
35 32
36 52
37 32
38 32
39 32
40 50
41 32
42 50
43 32
44 50
45 32
46 52
47 50
48 32
49 32
50 50
51 32
52 52
53 32
54 50
55 52
56 50
57 32
58 50
59 52
60 50
61 50
62 50
63 52
64 32
65 32
66 32
67 50
69 32
70 50
71 32
72 50
73 32
74 52
75 32
76 32
77 50
78 32
79 32
80 32
81 50
82 32
83 50
84 32
85 32
86 50
87 50
88 32
89 32
69
0 14
1 57
2 14
3 14
4 14
5 57
6 14
7 57
8 14
9 14
10 14
11 14
12 14
13 14
14 14
15 14
16 14
17 14
18 14
19 14
20 57
21 57
22 14
23 57
24 57
25 14
26 57
27 14
28 57
29 57
30 57
31 14
32 57
33 14
34 14
35 57
36 57
37 57
38 14
39 14
40 14
41 14
42 57
43 14
44 14
45 14
46 57
47 14
48 57
49 14
50 14
51 14
52 57
53 14
54 14
55 14
56 14
57 57
58 14
59 14
60 14
61 14
62 14
63 14
64 57
65 57
66 14
67 14
68 57
70 14
71 14
72 14
73 57
74 14
75 14
76 14
77 14
78 14
79 14
80 57
81 14
82 14
83 14
84 14
85 14
86 14
87 14
88 14
89 57
70
0 0
1 24
2 2
3 56
4 0
5 56
6 2
7 0
8 0
9 0
10 81
11 2
12 0
13 2
14 2
15 62
16 2
17 0
18 81
19 2
20 2
21 24
22 2
23 46
24 24
25 2
26 0
27 0
28 24
29 0
30 24
31 0
32 46
33 0
34 2
35 39
36 46
37 24
38 0
39 39
40 0
41 24
42 0
43 39
44 0
45 0
46 46
47 0
48 56
49 56
50 62
51 39
52 46
53 24
54 0
55 0
56 56
57 46
58 0
59 2
60 0
61 0
62 62
63 0
64 0
65 2
66 56
67 0
68 46
69 2
71 0
72 24
73 56
74 24
75 0
76 0
77 2
78 0
79 0
80 2
81 81
82 81
83 24
84 0
85 2
86 81
87 0
88 2
89 0
71
0 0
1 24
2 0
3 38
4 38
5 38
6 24
7 0
8 0
9 0
10 0
11 24
12 0
13 0
14 0
15 38
16 24
17 0
18 0
19 0
20 0
21 24
22 0
23 38
24 24
25 24
26 0
27 0
28 24
29 0
30 24
31 0
32 38
33 38
34 0
35 0
36 0
37 24
38 38
39 0
40 0
41 24
42 0
43 24
44 0
45 0
46 0
47 38
48 38
49 0
50 0
51 0
52 0
53 24
54 0
55 0
56 0
57 24
58 0
59 0
60 0
61 0
62 0
63 0
64 0
65 24
66 0
67 0
68 0
69 0
70 0
72 24
73 38
74 24
75 0
76 38
77 0
78 0
79 0
80 38
81 0
82 0
83 24
84 0
85 0
86 0
87 0
88 0
89 0
72
0 12
1 24
2 59
3 12
4 11
5 11
6 11
7 53
8 59
9 12
10 11
11 11
12 12
13 59
14 59
15 74
16 11
17 11
18 12
19 53
20 11
21 74
22 11
23 74
24 24
25 53
26 53
27 12
28 24
29 11
30 24
31 24
32 11
33 11
34 12
35 59
36 24
37 24
38 74
39 24
40 12
41 53
42 24
43 11
44 11
45 59
46 24
47 11
48 11
49 11
50 12
51 53
52 12
53 53
54 12
55 53
56 12
57 24
58 12
59 59
60 12
61 11
62 24
63 59
64 59
65 11
66 11
67 12
68 12
69 24
70 24
71 24
73 11
74 74
75 59
76 11
77 11
78 11
79 53
80 11
81 12
82 11
83 11
84 12
85 59
86 12
87 12
88 11
89 53
73
0 17
1 48
2 17
3 48
4 17
5 48
6 48
7 48
8 17
9 17
10 17
11 48
12 48
13 17
14 17
15 48
16 48
17 17
18 48
19 48
20 48
21 48
22 17
23 48
24 48
25 48
26 17
27 48
28 48
29 48
30 48
31 17
32 48
33 17
34 48
35 17
36 17
37 48
38 48
39 17
40 17
41 17
42 48
43 48
44 17
45 48
46 17
47 17
48 48
49 48
50 48
51 48
52 17
53 17
54 48
55 17
56 48
57 48
58 17
59 17
60 48
61 48
62 48
63 17
64 17
65 48
66 17
67 17
68 17
69 48
70 48
71 48
72 48
74 48
75 17
76 48
77 48
78 48
79 17
80 48
81 17
82 17
83 48
84 48
85 48
86 17
87 48
88 17
89 17
74
0 18
1 24
2 24
3 38
4 38
5 18
6 18
7 21
8 72
9 38
10 18
11 72
12 18
13 72
14 38
15 38
16 24
17 18
18 18
19 21
20 18
21 21
22 18
23 38
24 24
25 24
26 18
27 18
28 24
29 18
30 24
31 18
32 21
33 21
34 18
35 21
36 24
37 24
38 38
39 24
40 24
41 24
42 18
43 24
44 18
45 21
46 18
47 38
48 18
49 18
50 18
51 18
52 18
53 24
54 18
55 18
56 24
57 24
58 18
59 72
60 38
61 18
62 24
63 18
64 18
65 24
66 38
67 18
68 18
69 24
70 24
71 24
72 72
73 18
75 72
76 21
77 18
78 38
79 24
80 21
81 18
82 18
83 21
84 18
85 18
86 18
87 18
88 21
89 24
75
0 87
1 87
2 59
3 87
4 87
5 45
6 87
7 35
8 59
9 51
10 87
11 59
12 87
13 45
14 59
15 45
16 87
17 59
18 51
19 45
20 35
21 45
22 45
23 35
24 59
25 45
26 35
27 51
28 51
29 59
30 35
31 87
32 35
33 59
34 51
35 35
36 51
37 35
38 45
39 51
40 87
41 87
42 51
43 35
44 87
45 45
46 51
47 87
48 45
49 51
50 35
51 51
52 59
53 51
54 51
55 59
56 51
57 35
58 87
59 59
60 59
61 35
62 51
63 59
64 35
65 87
66 87
67 59
68 35
69 35
70 51
71 87
72 59
73 45
74 59
76 45
77 35
78 87
79 35
80 45
81 87
82 87
83 45
84 51
85 35
86 87
87 87
88 45
89 51
76
0 4
1 4
2 4
3 4
4 4
5 11
6 83
7 83
8 4
9 4
10 11
11 11
12 4
13 80
14 4
15 80
16 11
17 11
18 4
19 80
20 80
21 80
22 83
23 4
24 11
25 83
26 80
27 83
28 83
29 11
30 4
31 83
32 80
33 11
34 80
35 4
36 83
37 11
38 4
39 4
40 4
41 4
42 83
43 4
44 4
45 80
46 80
47 4
48 11
49 11
50 83
51 4
52 83
53 4
54 80
55 4
56 4
57 80
58 4
59 11
60 4
61 11
62 80
63 11
64 4
65 11
66 4
67 4
68 80
69 4
70 4
71 4
72 11
73 11
74 4
75 4
77 4
78 4
79 4
80 80
81 4
82 11
83 83
84 4
85 4
86 4
87 4
88 80
89 83
77
0 14
1 6
2 14
3 6
4 14
5 6
6 6
7 84
8 84
9 34
10 6
11 6
12 6
13 34
14 14
15 6
16 6
17 6
18 6
19 34
20 65
21 6
22 6
23 6
24 6
25 6
26 6
27 84
28 6
29 6
30 6
31 6
32 65
33 6
34 34
35 85
36 84
37 65
38 14
39 84
40 6
41 14
42 6
43 6
44 6
45 84
46 6
47 14
48 6
49 6
50 6
51 84
52 6
53 6
54 34
55 6
56 14
57 65
58 34
59 14
60 6
61 6
62 6
63 6
64 65
65 65
66 6
67 6
68 6
69 14
70 14
71 6
72 6
73 6
74 6
75 84
76 6
78 14
79 6
80 6
81 14
82 6
83 6
84 84
85 85
86 14
87 84
88 34
89 84
78
0 87
1 87
2 4
3 4
4 4
5 11
6 4
7 41
8 87
9 4
10 11
11 11
12 87
13 41
14 4
15 4
16 11
17 11
18 87
19 66
20 11
21 11
22 4
23 4
24 11
25 4
26 4
27 41
28 4
29 11
30 4
31 66
32 41
33 11
34 4
35 4
36 87
37 11
38 4
39 4
40 87
41 41
42 87
43 4
44 66
45 87
46 87
47 4
48 11
49 66
50 4
51 87
52 4
53 41
54 87
55 41
56 4
57 4
58 66
59 11
60 4
61 11
62 4
63 11
64 4
65 11
66 66
67 66
68 4
69 4
70 87
71 4
72 11
73 11
74 4
75 87
76 4
77 4
79 41
80 4
81 4
82 11
83 4
84 87
85 4
86 87
87 87
88 66
89 41
79
0 0
1 53
2 0
3 0
4 0
5 61
6 26
7 89
8 0
9 0
10 61
11 53
12 0
13 61
14 0
15 0
16 0
17 63
18 0
19 61
20 26
21 63
22 61
23 0
24 53
25 53
26 26
27 0
28 53
29 63
30 39
31 0
32 26
33 63
34 61
35 26
36 89
37 53
38 0
39 39
40 0
41 53
42 0
43 39
44 0
45 0
46 0
47 61
48 61
49 61
50 26
51 39
52 63
53 53
54 0
55 63
56 0
57 26
58 0
59 63
60 0
61 61
62 0
63 63
64 63
65 26
66 61
67 61
68 26
69 0
70 0
71 0
72 53
73 61
74 53
75 0
76 0
77 0
78 0
80 26
81 0
82 61
83 26
84 0
85 26
86 0
87 0
88 61
89 89
80
0 19
1 15
2 19
3 38
4 38
5 48
6 48
7 32
8 45
9 38
10 48
11 48
12 48
13 19
14 19
15 15
16 19
17 48
18 21
19 19
20 19
21 21
22 19
23 38
24 21
25 19
26 32
27 32
28 83
29 48
30 15
31 48
32 32
33 21
34 19
35 32
36 83
37 32
38 38
39 15
40 45
41 32
42 19
43 15
44 19
45 45
46 32
47 38
48 48
49 48
50 83
51 45
52 19
53 19
54 19
55 19
56 15
57 32
58 19
59 45
60 38
61 19
62 15
63 21
64 19
65 48
66 19
67 19
68 32
69 32
70 15
71 38
72 21
73 48
74 21
75 45
76 76
77 19
78 38
79 19
81 38
82 48
83 83
84 32
85 32
86 45
87 45
88 19
89 32
81
0 70
1 70
2 70
3 3
4 3
5 3
6 3
7 3
8 3
9 3
10 86
11 3
12 3
13 3
14 86
15 3
16 3
17 86
18 18
19 70
20 18
21 18
22 18
23 3
24 70
25 3
26 3
27 70
28 70
29 3
30 3
31 18
32 3
33 3
34 18
35 3
36 70
37 70
38 3
39 70
40 3
41 3
42 18
43 3
44 70
45 3
46 70
47 3
48 3
49 3
50 3
51 3
52 18
53 3
54 18
55 3
56 3
57 70
58 3
59 70
60 3
61 18
62 70
63 18
64 18
65 3
66 3
67 3
68 3
69 86
70 70
71 3
72 3
73 3
74 18
75 3
76 3
77 86
78 3
79 70
80 3
82 86
83 3
84 3
85 86
86 86
87 3
88 70
89 3
82
0 86
1 48
2 86
3 48
4 86
5 48
6 48
7 48
8 17
9 17
10 10
11 48
12 48
13 17
14 86
15 48
16 48
17 17
18 48
19 48
20 48
21 48
22 17
23 48
24 48
25 48
26 17
27 48
28 48
29 48
30 48
31 17
32 48
33 17
34 48
35 17
36 86
37 48
38 48
39 17
40 86
41 17
42 48
43 48
44 17
45 48
46 17
47 17
48 48
49 48
50 48
51 48
52 17
53 17
54 48
55 17
56 48
57 48
58 17
59 17
60 48
61 48
62 48
63 17
64 17
65 48
66 17
67 17
68 17
69 86
70 86
71 48
72 48
73 17
74 48
75 86
76 48
77 48
78 48
79 17
80 48
81 86
83 48
84 86
85 48
86 86
87 86
88 17
89 17
83
0 4
1 6
2 4
3 4
4 4
5 6
6 6
7 7
8 28
9 4
10 6
11 76
12 4
13 7
14 4
15 80
16 6
17 6
18 6
19 22
20 6
21 80
22 22
23 4
24 28
25 25
26 50
27 7
28 28
29 6
30 6
31 6
32 7
33 4
34 6
35 4
36 28
37 28
38 4
39 4
40 4
41 4
42 50
43 4
44 4
45 80
46 6
47 4
48 6
49 7
50 50
51 7
52 6
53 25
54 6
55 4
56 4
57 28
58 6
59 7
60 4
61 6
62 50
63 6
64 7
65 6
66 4
67 4
68 50
69 4
70 28
71 4
72 25
73 6
74 4
75 4
76 76
77 6
78 4
79 7
80 80
81 4
82 6
84 7
85 6
86 4
87 4
88 22
89 7
84
0 87
1 87
2 51
3 87
4 87
5 7
6 77
7 7
8 36
9 7
10 87
11 87
12 87
13 7
14 77
15 7
16 87
17 7
18 51
19 7
20 77
21 7
22 7
23 7
24 36
25 7
26 7
27 7
28 36
29 7
30 77
31 77
32 7
33 87
34 77
35 7
36 36
37 7
38 87
39 51
40 87
41 7
42 36
43 51
44 87
45 87
46 36
47 87
48 7
49 7
50 7
51 51
52 36
53 7
54 51
55 7
56 51
57 7
58 77
59 7
60 36
61 7
62 51
63 7
64 7
65 77
66 7
67 7
68 7
69 77
70 36
71 87
72 87
73 7
74 36
75 51
76 7
77 77
78 87
79 7
80 7
81 87
82 87
83 7
85 77
86 87
87 87
88 7
89 7
85
0 35
1 35
2 77
3 35
4 35
5 77
6 77
7 35
8 35
9 77
10 77
11 35
12 35
13 35
14 77
15 35
16 35
17 35
18 77
19 77
20 35
21 35
22 77
23 35
24 35
25 77
26 35
27 35
28 35
29 35
30 35
31 77
32 35
33 35
34 77
35 35
36 77
37 35
38 35
39 35
40 35
41 35
42 35
43 35
44 35
45 35
46 35
47 35
48 77
49 35
50 35
51 35
52 77
53 35
54 77
55 35
56 35
57 35
58 77
59 35
60 35
61 35
62 35
63 35
64 35
65 77
66 35
67 77
68 35
69 77
70 35
71 35
72 35
73 77
74 35
75 35
76 35
77 77
78 35
79 35
80 35
81 77
82 77
83 77
84 77
86 77
87 35
88 77
89 35
86
0 87
1 87
2 14
3 81
4 14
5 82
6 14
7 87
8 87
9 81
10 82
11 82
12 87
13 87
14 14
15 14
16 87
17 82
18 81
19 14
20 14
21 81
22 14
23 14
24 81
25 14
26 81
27 87
28 14
29 82
30 14
31 87
32 14
33 14
34 14
35 87
36 87
37 14
38 14
39 81
40 87
41 14
42 81
43 14
44 87
45 87
46 81
47 14
48 82
49 82
50 81
51 87
52 81
53 14
54 81
55 14
56 14
57 14
58 87
59 14
60 81
61 82
62 81
63 82
64 82
65 14
66 87
67 82
68 81
69 14
70 81
71 87
72 87
73 82
74 81
75 87
76 14
77 14
78 87
79 87
80 82
81 81
82 82
83 14
84 87
85 14
87 87
88 14
89 81
87
0 0
1 40
2 0
3 3
4 4
5 12
6 16
7 84
8 0
9 0
10 86
11 16
12 12
13 45
14 4
15 3
16 16
17 12
18 12
19 0
20 16
21 45
22 4
23 3
24 16
25 4
26 0
27 0
28 4
29 12
30 4
31 40
32 45
33 3
34 12
35 75
36 84
37 16
38 3
39 0
40 40
41 3
42 0
43 4
44 0
45 45
46 0
47 4
48 12
49 3
50 3
51 75
52 12
53 0
54 0
55 3
56 3
57 16
58 12
59 45
60 3
61 0
62 0
63 0
64 45
65 16
66 78
67 0
68 3
69 4
70 0
71 0
72 12
73 12
74 3
75 75
76 4
77 84
78 78
79 0
80 45
81 3
82 86
83 4
84 84
85 75
86 86
88 78
89 0
88
0 19
1 19
2 19
3 19
4 66
5 19
6 19
7 19
8 19
9 19
10 19
11 66
12 19
13 19
14 19
15 19
16 19
17 66
18 19
19 19
20 19
21 19
22 19
23 19
24 19
25 19
26 19
27 19
28 19
29 19
30 19
31 66
32 19
33 19
34 19
35 19
36 19
37 19
38 19
39 19
40 19
41 66
42 19
43 19
44 19
45 19
46 19
47 66
48 19
49 66
50 19
51 19
52 19
53 19
54 19
55 66
56 19
57 19
58 19
59 19
60 19
61 19
62 19
63 19
64 19
65 19
66 66
67 66
68 19
69 19
70 19
71 19
72 19
73 19
74 19
75 19
76 19
77 19
78 66
79 19
80 19
81 19
82 19
83 19
84 19
85 19
86 19
87 66
89 19
89
0 9
1 53
2 9
3 9
4 7
5 7
6 7
7 7
8 36
9 9
10 7
11 53
12 9
13 7
14 7
15 7
16 53
17 79
18 51
19 7
20 79
21 7
22 7
23 7
24 53
25 53
26 79
27 7
28 36
29 79
30 7
31 7
32 7
33 79
34 9
35 7
36 36
37 53
38 9
39 51
40 7
41 7
42 9
43 51
44 9
45 7
46 36
47 7
48 7
49 7
50 7
51 51
52 36
53 53
54 51
55 7
56 51
57 7
58 9
59 7
60 9
61 79
62 51
63 79
64 7
65 7
66 7
67 9
68 7
69 7
70 9
71 9
72 53
73 7
74 53
75 51
76 7
77 7
78 7
79 79
80 7
81 9
82 7
83 7
84 7
85 7
86 7
87 7
88 7
249
0
46 50
1
26 72
2
1 76
3
69 42
4
13 5
5
80 89
6
3 85
7
13 29
8
10 12
9
64 49
10
76 87
11
18 42
12
56 87
13
6 87
14
22 21
15
3 51
16
79 47
17
40 34
18
10 87
20
17 23
21
40 72
22
7 1
23
53 89
24
10 40
25
43 27
26
23 44
27
87 75
29
43 4
30
36 5
32
24 16
34
45 75
35
46 82
36
29 85
37
6 1
39
27 38
40
1 26
41
74 15
42
35 44
43
4 27
45
89 36
46
9 69
47
80 78
48
28 83
49
78 22
50
45 44
51
47 87
52
43 18
53
46 49
54
4 7
55
62 72
56
1 82
58
70 7
59
69 49
60
56 61
62
61 64
63
88 87
65
72 36
66
74 89
67
28 2
68
50 62
69
48 20
71
20 81
74
32 16
75
23 36
76
58 68
77
23 74
79
73 89
80
28 39
81
12 8
83
82 53
85
0 81
87
32 31
89
49 50
91
0 36
92
42 58
95
23 11
96
75 54
97
21 50
99
85 22
100
88 18
101
47 45
104
76 16
106
44 20
108
24 55
109
21 12
110
77 84
111
8 45
116
64 55
119
75 40
120
59 88
125
89 77
127
77 19
128
74 61
129
65 35
131
12 65
133
0 6
135
37 68
136
80 29
138
32 11
146
80 1
154
64 11
155
42 6
156
32 50
157
0 87
160
45 50
161
12 78
164
20 76
166
9 60
170
3 33
171
69 35
172
79 49
178
53 50
185
83 4
186
55 50
193
55 15
198
34 86
200
65 81
201
68 63
202
87 79
203
79 52
207
48 33
212
46 68
216
67 63
218
34 47
219
49 88
221
51 75
222
34 81
223
25 46
228
26 35
232
73 42
234
43 23
241
75 15
249
72 52
251
13 87
254
67 45
255
18 15
259
46 84
263
63 6
271
87 41
285
38 29
286
88 15
295
80 62
298
84 87
303
77 22
304
36 46
312
64 20
322
51 61
329
32 19
331
72 19
338
61 31
339
82 14
349
84 7
350
36 84
351
29 73
356
72 9
361
42 54
362
2 72
370
20 85
371
9 79
373
84 11
374
39 9
380
60 27
385
86 3
393
14 77
395
39 24
403
36 72
408
63 51
410
57 39
411
53 25
421
72 83
447
71 21
448
28 6
456
57 16
487
31 24
498
6 19
500
62 56
505
46 6
513
42 51
521
54 18
522
78 44
525
26 7
531
69 37
534
20 84
552
50 68
566
4 80
570
45 22
596
26 20
610
55 31
612
52 22
639
67 61
640
40 66
642
36 51
643
39 15
662
70 2
673
31 67
676
72 78
684
81 14
785
38 4
794
37 56
806
76 7
809
8 60
810
81 18
811
59 63
812
54 34
819
40 12
858
24 37
880
78 58
893
77 57
917
86 50
922
17 82
958
79 89
981
58 34
991
64 63
995
51 36
1010
8 2
1017
12 81
1030
67 55
1036
4 76
1070
48 78
1100
25 41
1112
42 0
1122
74 11
1148
77 76
1168
20 79
1176
14 4
1186
11 16
1192
83 22
1219
39 53
1244
15 51
1256
75 59
1278
25 62
1283
45 59
1295
89 18
1296
41 7
1311
1 40
1342
64 59
1372
3 87
1406
59 2
1473
9 89
1490
12 34
1494
66 56
1500
69 14
1571
37 23
1583
54 42
1645
89 9
1659
33 21
1663
87 85
1683
14 43
1747
72 74
3001
