90 240 1800 2
0 0 2 34
1 0 8 42
2 0 9 42
3 0 27 35
4 0 42 42
5 0 44 44
6 0 70 30
7 0 71 37
8 0 79 43
9 0 87 33
10 1 24 45
11 1 30 45
12 1 40 32
13 1 62 41
14 2 14 30
15 2 16 41
16 2 19 43
17 2 56 35
18 2 59 41
19 2 70 44
20 3 4 32
21 3 9 44
22 3 12 42
23 3 38 30
24 3 41 37
25 3 50 34
26 3 56 30
27 3 60 32
28 3 81 34
29 3 87 43
30 4 14 41
31 4 38 44
32 4 41 35
33 4 43 42
34 4 47 30
35 4 76 39
36 4 78 32
37 4 83 30
38 4 87 41
39 5 48 34
40 6 16 32
41 6 30 44
42 6 31 41
43 6 34 40
44 6 48 40
45 6 50 33
46 6 52 44
47 6 77 45
48 6 83 44
49 7 13 39
50 7 27 32
51 7 32 34
52 7 41 45
53 7 49 39
54 7 83 42
55 7 84 35
56 7 89 32
57 8 36 33
58 8 59 34
59 8 60 38
60 9 58 32
61 9 89 42
62 10 82 34
63 11 16 43
64 11 33 38
65 11 48 35
66 11 72 35
67 11 76 34
68 11 78 45
69 12 18 40
70 12 48 32
71 12 58 44
72 12 72 31
73 12 87 38
74 13 19 41
75 13 45 38
76 13 59 34
77 13 64 33
78 14 69 41
79 14 77 39
80 14 86 41
81 15 30 45
82 15 38 31
83 15 62 40
84 15 80 43
85 16 24 34
86 16 43 30
87 16 65 34
88 16 87 34
89 17 48 41
90 17 63 45
91 17 67 30
92 17 73 30
93 17 82 31
94 18 42 32
95 18 52 42
96 18 54 37
97 18 74 40
98 18 81 43
99 19 20 38
100 19 22 31
101 19 25 44
102 19 34 35
103 19 61 36
104 19 62 34
105 19 80 38
106 19 88 45
107 20 26 35
108 20 52 35
109 20 64 40
110 20 65 38
111 21 33 30
112 21 74 31
113 21 80 32
114 22 52 45
115 22 83 35
116 23 30 35
117 23 38 38
118 23 57 44
119 24 28 37
120 24 37 32
121 24 42 34
122 24 53 43
123 24 70 32
124 24 71 42
125 24 72 41
126 24 74 30
127 25 53 45
128 25 83 32
129 26 32 31
130 26 35 41
131 26 50 31
132 26 79 32
133 27 51 33
134 28 36 41
135 28 57 30
136 28 83 35
137 29 48 44
138 29 63 33
139 30 43 32
140 31 40 40
141 31 42 35
142 31 67 43
143 32 35 32
144 32 57 31
145 32 68 41
146 32 80 37
147 33 38 44
148 33 63 31
149 34 54 34
150 34 58 36
151 34 77 31
152 35 43 31
153 35 64 44
154 35 75 32
155 35 85 43
156 36 46 40
157 36 51 30
158 36 84 30
159 36 89 45
160 37 57 38
161 38 71 32
162 38 74 39
163 38 80 40
164 39 43 39
165 39 51 37
166 39 70 34
167 39 79 44
168 40 87 43
169 41 53 36
170 41 55 43
171 41 78 41
172 42 46 34
173 42 50 38
174 42 54 38
175 42 61 45
176 44 61 33
177 44 67 43
178 45 59 32
179 45 75 34
180 45 80 45
181 45 87 36
182 46 52 39
183 46 57 32
184 46 70 36
185 47 67 32
186 48 49 31
187 48 61 38
188 48 65 40
189 48 73 31
190 48 80 34
191 48 82 41
192 49 56 42
193 49 66 37
194 50 62 35
195 50 68 32
196 50 83 44
197 51 54 39
198 51 56 36
199 51 75 41
200 51 84 44
201 51 89 38
202 52 63 37
203 52 68 40
204 53 72 34
205 53 79 43
206 53 89 31
207 55 63 42
208 55 67 38
209 56 62 43
210 56 70 31
211 57 65 43
212 57 69 44
213 58 67 36
214 59 63 37
215 59 72 38
216 59 75 39
217 61 67 36
218 61 79 39
219 62 70 35
220 63 64 40
221 63 79 37
222 65 77 42
223 66 67 39
224 66 78 42
225 66 88 34
226 70 81 31
227 72 74 40
228 75 87 40
229 76 80 31
230 76 83 44
231 77 84 44
232 77 85 38
233 78 87 31
234 79 89 42
235 80 83 41
236 81 86 44
237 82 86 40
238 84 87 41
239 86 87 32
0 46 50 11
1 26 72 11
2 1 76 10
3 69 42 12
4 13 5 13
5 80 89 12
6 3 85 14
7 13 29 10
8 10 12 13
9 64 49 10
10 76 87 10
11 18 42 12
12 56 87 13
13 6 87 15
14 22 21 15
15 3 51 15
16 79 47 11
17 40 34 15
18 10 87 11
19 0 10 15
20 17 23 13
21 40 72 12
22 7 1 11
23 53 89 10
24 10 40 10
25 43 27 15
26 23 44 15
27 87 75 12
28 56 81 14
29 43 4 13
30 36 5 13
31 12 56 15
32 24 16 13
33 76 70 10
34 45 75 15
35 46 82 10
36 29 85 10
37 6 1 13
38 36 86 14
39 27 38 15
40 1 26 15
41 74 15 10
42 35 44 11
43 4 27 13
44 5 64 14
45 89 36 10
46 9 69 12
47 80 78 10
48 28 83 12
49 78 22 14
50 45 44 11
51 47 87 14
52 43 18 10
53 46 49 10
54 4 7 13
55 62 72 14
56 1 82 10
57 50 73 13
58 70 7 10
59 69 49 15
60 56 61 12
61 5 89 11
62 61 64 12
63 88 87 11
64 27 84 11
65 72 36 12
66 74 89 12
67 28 2 10
68 50 62 13
69 48 20 12
70 41 1 11
71 20 81 12
72 1 9 13
73 27 48 12
74 32 16 13
75 23 36 10
76 58 68 12
77 23 74 10
78 80 23 15
79 73 89 11
80 28 39 12
81 12 8 10
82 4 73 10
83 82 53 15
84 5 45 11
85 0 81 14
86 71 52 14
87 32 31 10
88 19 14 10
89 49 50 13
90 28 17 14
91 0 36 15
92 42 58 12
93 72 71 14
94 57 41 14
95 23 11 11
96 75 54 12
97 21 50 10
98 29 30 13
99 85 22 10
100 88 18 13
101 47 45 14
102 23 9 12
103 59 3 15
104 76 16 10
105 56 14 10
106 44 20 11
107 70 0 11
108 24 55 15
109 21 12 15
110 77 84 11
111 8 45 14
112 15 66 14
113 62 0 15
114 46 72 10
115 55 13 10
116 64 55 11
117 68 47 12
118 70 10 15
119 75 40 14
120 59 88 13
121 21 88 10
122 48 71 14
123 5 6 12
124 30 61 14
125 89 77 11
126 8 70 13
127 77 19 14
128 74 61 11
129 65 35 12
130 39 6 15
131 12 65 11
132 21 61 11
133 0 6 11
134 70 27 14
135 37 68 11
136 80 29 11
137 84 19 10
138 32 11 12
139 35 62 12
140 83 27 15
141 16 67 15
142 14 8 13
143 46 73 14
144 25 89 10
145 86 16 15
146 80 1 11
147 4 81 11
148 6 35 15
149 89 19 11
150 16 56 13
151 45 16 15
152 13 31 12
153 24 5 11
154 64 11 13
155 42 6 13
156 32 50 11
157 0 87 10
158 44 76 11
159 56 58 13
160 45 50 14
161 12 78 14
162 28 16 10
163 87 2 15
164 20 76 10
165 53 87 15
166 9 60 12
167 48 77 10
168 20 74 15
169 67 27 10
170 3 33 11
171 69 35 10
172 79 49 13
173 20 19 14
174 10 25 10
175 53 62 10
176 64 7 12
177 51 71 12
178 53 50 13
179 5 49 11
180 89 50 11
181 10 73 14
182 50 46 12
183 7 38 14
184 36 32 12
185 83 4 13
186 55 50 11
187 87 39 14
188 24 28 14
189 53 44 10
190 38 82 14
191 48 21 13
192 21 49 11
193 55 15 10
194 37 18 12
195 27 52 15
196 17 43 15
197 71 89 12
198 34 86 11
199 12 86 14
200 65 81 10
201 68 63 14
202 87 79 10
203 79 52 11
204 81 30 15
205 39 10 15
206 76 73 15
207 48 33 11
208 25 71 12
209 30 17 15
210 36 58 11
211 46 85 10
212 46 68 11
213 28 31 12
214 25 4 15
215 30 9 10
216 67 63 13
217 3 47 15
218 34 47 13
219 49 88 14
220 86 34 13
221 51 75 15
222 34 81 12
223 25 46 11
224 55 47 14
225 60 34 13
226 49 76 14
227 48 8 13
228 26 35 11
229 10 22 12
230 36 47 10
231 68 89 10
232 73 42 14
233 39 65 10
234 43 23 13
235 76 18 12
236 47 73 13
237 50 38 13
238 23 14 11
239 1 58 12
240 17 30 12
241 75 15 12
242 23 49 10
243 36 6 15
244 33 83 14
245 74 25 11
246 20 53 10
247 38 40 12
248 27 7 13
249 72 52 11
250 84 58 11
251 13 87 10
252 3 68 15
253 87 15 13
254 67 45 11
255 18 15 10
256 47 70 13
257 11 71 12
258 40 20 11
259 46 84 12
260 22 55 14
261 58 33 12
262 87 83 15
263 63 6 10
264 63 24 15
265 20 82 15
266 3 88 14
267 52 43 15
268 18 28 13
269 59 57 11
270 73 55 13
271 87 41 13
272 24 59 10
273 14 35 10
274 82 5 15
275 89 45 11
276 56 68 10
277 41 83 14
278 84 5 10
279 3 19 13
280 87 22 15
281 16 8 12
282 23 40 13
283 84 24 10
284 54 3 14
285 38 29 14
286 88 15 11
287 50 67 15
288 88 11 13
289 21 4 11
290 15 25 13
291 79 44 12
292 19 66 13
293 22 3 14
294 82 23 14
295 80 62 11
296 44 16 15
297 47 78 12
298 84 87 11
299 30 18 11
300 19 81 15
301 56 29 15
302 78 24 14
303 77 22 10
304 36 46 13
305 88 28 12
306 29 54 13
307 11 64 12
308 4 60 13
309 11 6 14
310 58 5 14
311 77 63 10
312 64 20 11
313 48 4 10
314 1 62 10
315 19 50 10
316 45 82 14
317 28 71 15
318 71 80 11
319 11 63 15
320 80 55 15
321 33 68 12
322 51 61 11
323 41 56 12
324 16 18 11
325 27 88 11
326 18 20 15
327 65 2 15
328 13 77 12
329 32 19 12
330 71 85 15
331 72 19 15
332 85 87 15
333 23 22 15
334 45 51 10
335 48 23 14
336 47 83 10
337 49 31 15
338 61 31 10
339 82 14 14
340 7 34 13
341 87 62 12
342 13 30 10
343 62 85 12
344 29 71 12
345 15 83 14
346 41 19 10
347 84 9 11
348 49 22 13
349 84 7 14
350 36 84 13
351 29 73 15
352 60 84 12
353 49 8 12
354 35 60 10
355 46 40 12
356 72 9 11
357 80 84 10
358 47 11 13
359 34 9 10
360 72 86 12
361 42 54 12
362 2 72 15
363 11 73 15
364 48 75 11
365 75 41 13
366 70 63 12
367 23 7 13
368 0 17 10
369 32 21 13
370 20 85 10
371 9 79 15
372 63 12 11
373 84 11 11
374 39 9 11
375 73 31 15
376 55 79 13
377 59 68 14
378 82 58 13
379 4 72 14
380 60 27 10
381 21 54 13
382 61 29 10
383 77 23 11
384 56 83 13
385 86 3 13
386 43 89 14
387 67 68 14
388 60 83 14
389 53 45 11
390 81 26 15
391 87 73 15
392 88 39 11
393 14 77 10
394 80 48 12
395 39 24 10
396 65 86 15
397 74 81 12
398 23 29 10
399 18 5 11
400 15 75 10
401 45 3 12
402 62 48 12
403 36 72 15
404 58 36 13
405 53 71 13
406 50 39 12
407 69 85 13
408 63 51 12
409 73 57 14
410 57 39 10
411 53 25 13
412 44 54 15
413 4 32 12
414 4 2 13
415 31 45 12
416 89 28 13
417 75 49 12
418 72 54 14
419 23 59 13
420 10 14 15
421 72 83 12
422 17 72 15
423 48 28 12
424 26 6 15
425 47 75 13
426 1 22 12
427 44 14 11
428 67 20 13
429 52 86 11
430 54 38 11
431 78 37 14
432 79 71 14
433 42 78 13
434 44 36 13
435 84 55 11
436 38 42 12
437 37 28 12
438 32 9 12
439 78 15 13
440 72 77 14
441 31 77 11
442 33 35 14
443 57 36 11
444 73 34 13
445 33 2 14
446 86 84 15
447 71 21 11
448 28 6 14
449 42 64 13
450 16 77 15
451 61 27 14
452 85 68 15
453 66 74 12
454 12 31 11
455 13 1 14
456 57 16 10
457 88 22 10
458 61 5 13
459 41 38 14
460 44 24 12
461 80 52 12
462 43 60 14
463 16 4 11
464 1 5 12
465 35 72 13
466 38 48 10
467 18 78 11
468 72 6 10
469 18 45 10
470 17 14 11
471 59 42 13
472 45 67 15
473 76 50 11
474 42 74 12
475 80 86 13
476 0 71 13
477 78 27 10
478 33 46 14
479 38 24 12
480 89 41 13
481 49 28 10
482 9 28 14
483 70 47 10
484 26 37 11
485 24 52 11
486 85 17 10
487 31 24 12
488 58 37 11
489 33 52 11
490 83 13 10
491 84 57 15
492 74 53 14
493 88 86 15
494 50 69 10
495 4 70 15
496 40 18 14
497 35 48 14
498 6 19 15
499 11 82 15
500 62 56 12
501 8 59 12
502 24 4 12
503 26 40 10
504 19 29 14
505 46 6 11
506 20 71 14
507 35 54 13
508 57 43 15
509 20 25 11
510 17 66 11
511 79 29 10
512 17 2 11
513 42 51 14
514 13 27 11
515 1 29 10
516 28 25 12
517 52 59 13
518 8 88 10
519 85 54 13
520 46 1 13
521 54 18 13
522 78 44 12
523 31 7 11
524 35 82 12
525 26 7 10
526 22 29 15
527 74 71 12
528 62 21 11
529 3 27 12
530 16 5 11
531 69 37 13
532 8 74 15
533 2 11 13
534 20 84 11
535 37 6 12
536 7 56 15
537 52 33 15
538 69 59 15
539 13 60 15
540 81 88 13
541 41 33 13
542 13 79 14
543 23 33 10
544 49 46 15
545 69 29 14
546 56 19 15
547 60 80 11
548 43 64 10
549 23 19 12
550 76 5 14
551 88 43 13
552 50 68 12
553 32 64 15
554 18 31 13
555 31 80 11
556 57 73 10
557 23 12 11
558 10 11 10
559 15 67 13
560 65 5 11
561 89 44 15
562 70 53 15
563 78 6 15
564 9 58 10
565 62 37 15
566 4 80 11
567 76 19 12
568 13 75 14
569 79 32 15
570 45 22 14
571 40 14 13
572 13 22 11
573 18 63 13
574 58 23 11
575 2 46 12
576 19 18 10
577 48 22 13
578 86 41 15
579 33 75 15
580 48 24 11
581 0 88 14
582 25 37 12
583 38 56 10
584 39 64 14
585 63 65 14
586 74 42 10
587 34 59 10
588 21 1 12
589 78 87 13
590 64 87 12
591 9 78 12
592 24 87 13
593 63 32 14
594 89 23 13
595 54 81 15
596 26 20 14
597 40 53 11
598 34 23 13
599 63 60 12
600 21 20 12
601 2 53 10
602 51 44 14
603 10 18 14
604 17 3 15
605 75 36 10
606 9 41 13
607 27 5 11
608 40 85 15
609 74 51 11
610 55 31 13
611 85 19 15
612 52 22 14
613 37 85 11
614 5 55 13
615 9 42 15
616 33 79 14
617 3 82 15
618 70 43 10
619 24 26 15
620 13 28 15
621 68 5 10
622 34 73 14
623 28 20 10
624 82 10 11
625 19 12 11
626 9 47 15
627 37 65 15
628 14 47 14
629 19 55 14
630 53 68 13
631 51 38 10
632 13 74 10
633 67 41 12
634 71 68 10
635 49 39 12
636 17 86 10
637 22 72 14
638 63 56 15
639 67 61 11
640 40 66 12
641 49 81 13
642 36 51 15
643 39 15 14
644 55 16 11
645 37 84 11
646 14 78 11
647 55 18 11
648 9 24 11
649 2 39 15
650 8 5 12
651 20 78 12
652 68 27 10
653 36 62 14
654 72 89 10
655 11 60 14
656 57 19 13
657 75 78 14
658 78 35 14
659 88 67 10
660 83 20 14
661 89 25 10
662 70 2 10
663 28 55 13
664 52 2 15
665 88 21 15
666 0 7 10
667 44 25 15
668 20 69 12
669 24 69 13
670 24 12 10
671 41 80 10
672 41 22 12
673 31 67 11
674 45 70 15
675 78 21 15
676 72 78 10
677 7 57 13
678 55 20 13
679 29 22 14
680 26 64 14
681 49 86 11
682 27 61 13
683 10 64 12
684 81 14 15
685 69 51 11
686 50 58 10
687 31 55 14
688 39 13 10
689 19 84 14
690 28 77 11
691 69 65 15
692 28 44 11
693 59 76 15
694 8 67 13
695 41 89 10
696 63 49 10
697 83 5 13
698 80 47 14
699 21 0 15
700 68 66 10
701 83 34 11
702 16 59 14
703 56 52 10
704 58 64 15
705 14 45 14
706 53 74 14
707 82 31 14
708 88 38 12
709 84 63 11
710 86 2 15
711 19 89 13
712 48 47 15
713 51 68 13
714 21 78 12
715 73 12 11
716 41 57 11
717 39 78 14
718 75 72 11
719 43 41 11
720 77 34 15
721 55 80 15
722 1 56 15
723 38 17 14
724 77 2 13
725 34 80 13
726 18 79 13
727 54 75 12
728 8 56 14
729 79 50 13
730 2 71 10
731 70 76 13
732 39 87 15
733 71 45 15
734 79 73 12
735 51 35 10
736 65 24 14
737 64 38 10
738 31 36 13
739 66 80 12
740 26 51 15
741 74 68 14
742 13 48 12
743 37 40 10
744 77 21 15
745 81 65 13
746 1 41 11
747 15 4 11
748 51 17 13
749 5 50 13
750 37 70 14
751 7 2 14
752 22 34 14
753 32 45 14
754 69 73 14
755 24 85 10
756 42 61 12
757 85 69 14
758 30 79 14
759 60 33 15
760 13 70 12
761 53 30 10
762 19 57 12
763 1 6 10
764 86 44 15
765 51 13 14
766 76 45 15
767 26 2 12
768 49 37 10
769 71 33 14
770 24 56 14
771 85 37 13
772 57 72 10
773 64 61 15
774 2 83 10
775 67 60 11
776 53 82 10
777 3 14 15
778 26 54 12
779 6 29 12
780 37 38 12
781 16 76 14
782 61 35 15
783 43 54 14
784 51 47 11
785 38 4 13
786 18 16 10
787 41 44 14
788 76 55 13
789 17 40 13
790 22 23 11
791 15 77 10
792 42 30 11
793 81 82 15
794 37 56 10
795 33 63 12
796 61 49 12
797 69 36 15
798 41 47 14
799 28 76 13
800 41 21 10
801 29 68 11
802 40 0 13
803 10 17 12
804 42 44 11
805 13 21 15
806 76 7 10
807 31 50 11
808 84 23 10
809 8 60 11
810 81 18 15
811 59 63 11
812 54 34 14
813 82 69 15
814 31 79 12
815 71 41 15
816 70 41 11
817 85 39 11
818 87 44 11
819 40 12 13
820 14 64 12
821 62 47 14
822 10 57 10
823 7 43 10
824 67 81 10
825 46 39 14
826 11 33 13
827 58 39 12
828 60 29 12
829 81 27 12
830 18 38 13
831 67 37 10
832 59 15 12
833 74 38 15
834 73 58 11
835 33 37 14
836 26 4 12
837 29 62 14
838 68 3 11
839 24 15 14
840 27 53 10
841 25 30 15
842 66 76 11
843 54 4 14
844 60 64 14
845 22 71 10
846 61 69 13
847 25 1 12
848 71 55 11
849 40 87 10
850 40 23 10
851 56 88 12
852 52 41 15
853 27 41 15
854 28 61 14
855 6 12 14
856 72 13 12
857 54 87 13
858 24 37 12
859 48 63 10
860 61 56 15
861 75 50 14
862 8 39 11
863 26 50 11
864 75 77 14
865 32 48 15
866 55 33 12
867 6 78 14
868 73 74 10
869 88 4 10
870 6 68 14
871 73 2 14
872 29 87 15
873 43 20 10
874 10 69 14
875 52 84 14
876 37 36 11
877 83 37 13
878 35 65 14
879 38 79 15
880 78 58 14
881 47 56 11
882 71 47 13
883 42 81 15
884 73 44 14
885 16 66 15
886 14 75 10
887 22 18 10
888 56 74 13
889 68 77 15
890 84 80 10
891 17 38 14
892 69 24 15
893 77 57 10
894 59 1 12
895 74 67 12
896 33 42 10
897 34 26 13
898 63 20 14
899 50 66 10
900 10 23 15
901 27 81 10
902 26 67 14
903 43 55 14
904 14 10 14
905 31 78 13
906 68 10 12
907 43 73 10
908 2 79 15
909 73 80 11
910 13 56 13
911 73 6 12
912 71 54 13
913 74 26 11
914 40 64 14
915 2 59 15
916 1 85 12
917 86 50 10
918 15 73 11
919 74 10 10
920 31 68 11
921 73 60 12
922 17 82 12
923 44 15 11
924 54 5 14
925 7 88 14
926 41 68 10
927 64 15 10
928 36 41 10
929 27 59 11
930 51 8 12
931 89 67 13
932 26 48 13
933 17 56 10
934 44 65 15
935 76 51 14
936 31 26 12
937 7 0 15
938 42 69 12
939 55 11 12
940 81 37 13
941 85 31 10
942 83 42 13
943 48 30 14
944 23 45 12
945 14 12 13
946 37 31 13
947 86 78 10
948 84 17 14
949 30 60 13
950 23 58 10
951 76 53 15
952 48 52 10
953 43 31 12
954 22 66 10
955 48 32 12
956 8 87 13
957 9 4 10
958 79 89 13
959 41 81 11
960 42 68 15
961 38 52 12
962 5 47 10
963 4 24 15
964 71 69 10
965 17 62 11
966 1 33 11
967 62 53 11
968 54 17 14
969 13 33 15
970 33 86 12
971 58 14 14
972 74 29 14
973 40 27 10
974 73 52 14
975 5 53 13
976 51 33 15
977 84 77 15
978 88 0 14
979 22 64 14
980 35 78 14
981 58 34 12
982 30 42 14
983 58 17 13
984 15 58 12
985 25 2 15
986 54 70 14
987 15 13 13
988 34 4 11
989 39 26 14
990 64 66 10
991 64 63 11
992 70 60 13
993 83 45 14
994 28 29 11
995 51 36 13
996 57 1 12
997 12 29 15
998 1 77 10
999 79 14 12
1000 24 65 15
1001 53 2 11
1002 69 16 13
1003 17 44 12
1004 21 5 12
1005 8 83 11
1006 29 10 14
1007 4 83 12
1008 57 59 11
1009 0 34 12
1010 8 2 10
1011 88 63 15
1012 75 34 10
1013 72 27 11
1014 30 70 15
1015 9 7 14
1016 61 78 12
1017 12 81 11
1018 18 35 14
1019 75 71 13
1020 19 49 12
1021 26 23 11
1022 47 10 13
1023 38 18 11
1024 37 1 12
1025 88 82 15
1026 27 22 13
1027 12 13 14
1028 79 6 10
1029 24 39 13
1030 67 55 10
1031 88 48 11
1032 6 60 10
1033 19 69 13
1034 57 88 15
1035 21 7 11
1036 4 76 12
1037 30 50 13
1038 17 8 14
1039 46 25 13
1040 69 74 10
1041 1 43 13
1042 60 77 12
1043 3 7 10
1044 63 31 11
1045 42 72 10
1046 3 59 11
1047 78 59 10
1048 83 57 11
1049 20 11 10
1050 26 69 13
1051 72 5 15
1052 65 60 10
1053 83 49 13
1054 18 23 10
1055 3 32 12
1056 35 52 10
1057 63 14 14
1058 21 70 10
1059 60 0 13
1060 32 39 11
1061 52 6 11
1062 28 38 12
1063 16 23 12
1064 18 11 15
1065 50 1 11
1066 27 75 12
1067 85 2 14
1068 34 39 15
1069 57 60 11
1070 48 78 10
1071 26 86 11
1072 80 45 12
1073 12 28 11
1074 60 52 10
1075 83 59 14
1076 38 71 10
1077 86 17 12
1078 44 88 12
1079 74 69 12
1080 14 48 10
1081 16 13 10
1082 73 85 10
1083 40 68 14
1084 11 21 13
1085 77 68 13
1086 32 61 14
1087 54 65 15
1088 53 16 11
1089 59 48 10
1090 1 64 14
1091 3 65 15
1092 29 56 15
1093 71 11 14
1094 14 73 10
1095 79 72 11
1096 10 55 12
1097 51 73 15
1098 67 25 13
1099 77 80 11
1100 25 41 11
1101 35 69 12
1102 65 55 12
1103 57 5 14
1104 20 15 11
1105 73 67 13
1106 40 35 13
1107 23 18 15
1108 1 21 10
1109 21 25 15
1110 62 87 15
1111 18 1 12
1112 42 0 11
1113 27 0 10
1114 2 70 14
1115 48 31 12
1116 51 58 11
1117 75 14 14
1118 0 66 14
1119 73 72 10
1120 15 32 10
1121 51 0 10
1122 74 11 13
1123 72 80 11
1124 87 63 11
1125 58 74 15
1126 68 73 15
1127 58 79 10
1128 49 1 14
1129 43 38 14
1130 10 70 13
1131 61 33 13
1132 31 5 10
1133 2 76 14
1134 87 28 11
1135 57 10 10
1136 66 10 12
1137 11 84 14
1138 71 82 12
1139 88 33 12
1140 64 18 14
1141 39 19 10
1142 24 81 12
1143 85 1 10
1144 46 26 12
1145 30 35 13
1146 52 3 13
1147 41 48 14
1148 77 76 12
1149 36 74 15
1150 34 51 13
1151 56 18 15
1152 7 70 11
1153 34 82 15
1154 2 17 15
1155 69 11 15
1156 64 19 11
1157 83 28 14
1158 57 76 12
1159 0 19 13
1160 18 4 14
1161 44 64 10
1162 63 33 15
1163 41 17 13
1164 29 45 15
1165 39 20 11
1166 44 58 10
1167 1 37 10
1168 20 79 10
1169 71 17 14
1170 89 42 10
1171 70 14 15
1172 53 8 15
1173 22 80 12
1174 44 72 10
1175 36 85 13
1176 14 4 10
1177 59 77 11
1178 28 7 12
1179 54 52 10
1180 6 10 11
1181 71 31 14
1182 18 58 10
1183 3 11 15
1184 22 25 11
1185 54 8 12
1186 11 16 10
1187 83 33 14
1188 47 1 13
1189 54 55 12
1190 28 33 12
1191 48 5 12
1192 83 22 11
1193 56 53 11
1194 81 38 13
1195 3 13 14
1196 11 42 11
1197 0 46 13
1198 80 26 15
1199 39 62 11
1200 33 30 12
1201 71 53 10
1202 62 52 14
1203 58 85 11
1204 50 57 10
1205 65 50 13
1206 49 44 15
1207 51 19 11
1208 35 9 14
1209 69 56 14
1210 34 79 12
1211 60 59 10
1212 84 20 14
1213 7 81 11
1214 4 52 10
1215 65 38 14
1216 72 61 12
1217 30 40 12
1218 26 39 10
1219 39 53 15
1220 48 70 11
1221 14 19 10
1222 43 81 13
1223 32 77 15
1224 45 20 12
1225 32 73 11
1226 2 51 15
1227 88 35 12
1228 82 11 10
1229 12 85 15
1230 78 63 11
1231 69 70 10
1232 67 18 13
1233 31 0 15
1234 54 29 12
1235 28 43 15
1236 64 22 15
1237 66 35 14
1238 2 44 10
1239 12 5 11
1240 11 20 12
1241 39 25 15
1242 35 10 15
1243 23 31 10
1244 15 51 10
1245 67 54 10
1246 30 63 11
1247 12 82 14
1248 49 6 10
1249 25 20 10
1250 13 76 13
1251 70 75 14
1252 77 6 10
1253 11 35 10
1254 38 60 10
1255 30 13 15
1256 75 59 15
1257 5 13 15
1258 49 19 12
1259 87 78 10
1260 64 33 10
1261 74 82 12
1262 81 59 14
1263 42 46 10
1264 80 15 10
1265 26 56 12
1266 67 21 15
1267 15 2 13
1268 21 71 14
1269 86 56 14
1270 0 60 11
1271 7 29 13
1272 14 53 10
1273 70 88 14
1274 60 19 11
1275 25 86 14
1276 75 81 13
1277 62 15 14
1278 25 62 12
1279 29 5 13
1280 13 0 11
1281 36 70 10
1282 86 70 12
1283 45 59 14
1284 4 1 11
1285 83 32 15
1286 37 24 11
1287 27 50 11
1288 50 74 10
1289 49 77 15
1290 45 58 12
1291 50 85 13
1292 2 49 13
1293 87 45 10
1294 31 73 12
1295 89 18 10
1296 41 7 15
1297 14 52 12
1298 18 49 10
1299 0 61 10
1300 27 25 12
1301 5 83 14
1302 33 20 12
1303 27 89 15
1304 88 14 14
1305 68 28 14
1306 17 36 14
1307 37 64 10
1308 28 3 10
1309 38 13 15
1310 54 76 10
1311 1 40 11
1312 5 18 10
1313 47 9 13
1314 60 46 15
1315 70 49 15
1316 37 51 15
1317 31 29 15
1318 78 42 11
1319 39 70 10
1320 11 0 12
1321 2 15 12
1322 63 53 12
1323 19 62 14
1324 74 54 10
1325 40 60 11
1326 41 14 11
1327 69 9 13
1328 63 42 10
1329 17 29 14
1330 47 72 13
1331 64 12 12
1332 46 33 11
1333 48 81 10
1334 85 76 13
1335 20 29 15
1336 49 2 11
1337 37 55 15
1338 47 35 13
1339 59 18 10
1340 45 8 13
1341 13 3 13
1342 64 59 10
1343 61 68 15
1344 29 61 15
1345 7 27 10
1346 62 40 12
1347 29 67 10
1348 23 56 12
1349 9 38 14
1350 41 58 15
1351 6 20 14
1352 22 42 12
1353 50 87 14
1354 51 18 13
1355 23 71 14
1356 38 5 13
1357 53 54 12
1358 17 1 13
1359 83 48 15
1360 26 18 13
1361 8 26 12
1362 26 70 13
1363 60 53 15
1364 17 45 14
1365 16 27 14
1366 55 64 13
1367 52 85 15
1368 66 50 14
1369 86 29 11
1370 42 47 11
1371 33 0 12
1372 3 87 14
1373 77 18 13
1374 25 73 13
1375 10 41 14
1376 57 54 12
1377 83 41 13
1378 57 7 15
1379 76 59 13
1380 43 44 12
1381 20 55 10
1382 75 3 11
1383 67 33 11
1384 23 61 11
1385 51 16 13
1386 7 22 11
1387 82 18 13
1388 13 9 13
1389 62 54 14
1390 15 62 10
1391 54 21 10
1392 37 20 14
1393 69 47 10
1394 36 34 14
1395 70 29 10
1396 47 22 10
1397 54 74 10
1398 26 74 11
1399 23 3 11
1400 52 72 14
1401 1 12 12
1402 23 86 13
1403 34 63 10
1404 7 54 14
1405 3 9 13
1406 59 2 11
1407 10 51 11
1408 43 87 10
1409 4 37 14
1410 25 26 11
1411 52 58 11
1412 32 35 13
1413 73 28 10
1414 56 20 14
1415 35 56 13
1416 30 71 10
1417 69 28 14
1418 4 50 12
1419 33 7 11
1420 44 78 15
1421 78 70 12
1422 13 89 14
1423 59 89 11
1424 63 23 14
1425 73 15 13
1426 83 6 12
1427 7 16 13
1428 53 57 13
1429 82 42 11
1430 58 21 14
1431 82 38 12
1432 26 75 13
1433 80 75 12
1434 2 57 15
1435 0 64 14
1436 55 38 10
1437 53 63 12
1438 69 1 15
1439 13 72 11
1440 21 23 10
1441 47 38 11
1442 79 4 12
1443 33 69 14
1444 4 74 11
1445 22 20 12
1446 24 31 11
1447 22 0 11
1448 19 47 15
1449 7 14 14
1450 36 42 15
1451 87 4 11
1452 51 74 14
1453 70 71 12
1454 88 26 14
1455 24 20 12
1456 20 75 13
1457 16 0 14
1458 3 44 14
1459 68 82 11
1460 15 16 12
1461 34 11 11
1462 74 7 13
1463 42 76 13
1464 40 78 14
1465 78 17 10
1466 15 18 11
1467 25 9 13
1468 75 47 12
1469 20 8 10
1470 49 23 14
1471 11 72 11
1472 79 12 14
1473 9 89 11
1474 12 61 12
1475 29 51 11
1476 54 35 13
1477 40 19 15
1478 65 80 13
1479 32 49 10
1480 18 89 10
1481 79 54 10
1482 57 29 10
1483 0 73 14
1484 68 34 12
1485 17 34 10
1486 24 21 15
1487 13 8 12
1488 88 29 12
1489 45 1 12
1490 12 34 11
1491 17 12 14
1492 81 13 12
1493 30 85 10
1494 66 56 13
1495 81 17 12
1496 16 47 15
1497 19 11 14
1498 69 30 15
1499 32 80 15
1500 69 14 14
1501 23 0 12
1502 69 61 13
1503 63 81 13
1504 73 25 11
1505 30 21 14
1506 55 45 10
1507 45 79 10
1508 21 43 13
1509 35 7 14
1510 64 45 15
1511 67 24 15
1512 69 21 12
1513 89 55 15
1514 61 17 13
1515 22 2 15
1516 65 34 13
1517 61 16 15
1518 74 21 12
1519 39 27 15
1520 40 47 10
1521 74 50 11
1522 71 20 11
1523 1 13 14
1524 84 81 13
1525 21 38 13
1526 22 70 13
1527 24 75 12
1528 23 82 10
1529 20 31 12
1530 11 36 14
1531 73 22 14
1532 89 83 13
1533 50 21 15
1534 56 5 11
1535 52 51 10
1536 33 43 10
1537 74 46 13
1538 24 23 10
1539 61 36 15
1540 5 2 15
1541 29 78 10
1542 31 47 11
1543 68 79 11
1544 17 20 12
1545 59 11 10
1546 75 28 13
1547 2 67 11
1548 59 62 15
1549 4 41 13
1550 35 51 10
1551 87 53 10
1552 60 55 11
1553 50 36 11
1554 1 73 12
1555 29 59 11
1556 25 34 13
1557 11 56 13
1558 84 18 11
1559 86 14 11
1560 25 52 10
1561 79 33 12
1562 11 55 12
1563 17 25 15
1564 12 49 12
1565 35 36 10
1566 25 58 11
1567 59 60 15
1568 49 66 12
1569 61 53 10
1570 54 88 11
1571 37 23 14
1572 5 35 13
1573 41 43 10
1574 65 70 13
1575 63 79 14
1576 72 24 11
1577 38 89 11
1578 5 21 12
1579 71 28 13
1580 39 34 12
1581 9 63 11
1582 28 34 12
1583 54 42 11
1584 73 32 13
1585 72 1 11
1586 45 37 14
1587 47 28 13
1588 17 53 14
1589 35 88 13
1590 66 55 15
1591 34 8 15
1592 1 0 14
1593 43 29 14
1594 43 80 12
1595 61 34 11
1596 11 50 15
1597 35 30 12
1598 2 4 14
1599 68 9 12
1600 86 54 10
1601 82 81 13
1602 12 37 11
1603 66 33 12
1604 27 58 10
1605 50 48 10
1606 69 57 15
1607 44 53 12
1608 53 59 11
1609 86 49 11
1610 51 70 10
1611 47 84 12
1612 66 47 14
1613 77 73 10
1614 7 19 13
1615 60 89 11
1616 73 14 10
1617 66 39 12
1618 58 83 14
1619 37 30 12
1620 52 54 10
1621 29 31 13
1622 34 54 14
1623 65 31 11
1624 3 50 13
1625 82 56 15
1626 27 2 13
1627 15 70 11
1628 23 53 13
1629 60 73 15
1630 78 2 14
1631 57 65 15
1632 42 27 14
1633 42 86 14
1634 60 26 14
1635 53 26 12
1636 87 21 15
1637 65 88 14
1638 51 3 15
1639 40 81 12
1640 2 85 15
1641 38 73 11
1642 17 15 15
1643 58 7 12
1644 82 71 13
1645 89 9 14
1646 51 87 15
1647 56 3 13
1648 50 26 11
1649 7 8 13
1650 20 73 15
1651 1 60 11
1652 74 22 14
1653 78 10 15
1654 72 68 11
1655 71 19 13
1656 26 29 13
1657 11 58 15
1658 0 68 13
1659 33 21 13
1660 75 37 11
1661 3 26 15
1662 89 75 14
1663 87 85 11
1664 11 86 11
1665 87 81 14
1666 88 2 10
1667 36 45 14
1668 78 53 13
1669 3 48 14
1670 22 8 14
1671 43 68 13
1672 24 0 12
1673 33 77 14
1674 20 34 11
1675 71 65 15
1676 35 84 11
1677 6 89 11
1678 9 59 15
1679 68 14 13
1680 0 49 15
1681 48 82 12
1682 84 28 15
1683 14 43 15
1684 67 74 10
1685 74 84 11
1686 83 65 10
1687 25 57 10
1688 14 60 10
1689 52 80 12
1690 5 57 10
1691 26 3 14
1692 80 69 10
1693 66 81 10
1694 58 20 13
1695 19 67 11
1696 70 22 15
1697 3 84 10
1698 58 18 14
1699 64 84 14
1700 43 72 11
1701 82 59 15
1702 35 11 10
1703 53 69 10
1704 87 14 15
1705 76 49 10
1706 21 60 13
1707 50 16 10
1708 71 4 14
1709 22 53 11
1710 86 33 12
1711 34 27 12
1712 76 48 15
1713 83 23 15
1714 32 42 14
1715 22 1 15
1716 38 20 15
1717 47 27 13
1718 76 2 14
1719 11 19 11
1720 58 46 11
1721 1 23 14
1722 34 72 13
1723 51 7 11
1724 78 48 15
1725 57 0 11
1726 48 40 11
1727 45 28 15
1728 54 32 14
1729 10 89 14
1730 56 47 12
1731 31 51 15
1732 34 65 14
1733 45 72 13
1734 52 19 11
1735 16 29 13
1736 4 48 13
1737 79 67 13
1738 9 16 12
1739 74 39 14
1740 22 17 15
1741 6 32 11
1742 77 67 13
1743 23 21 13
1744 72 79 11
1745 1 49 13
1746 50 9 13
1747 72 74 13
1748 22 24 12
1749 75 76 15
1750 19 75 15
1751 77 70 11
1752 70 61 13
1753 57 78 11
1754 47 55 10
1755 38 15 11
1756 32 67 11
1757 6 66 12
1758 77 31 10
1759 41 25 14
1760 76 10 11
1761 16 51 10
1762 3 0 10
1763 6 83 15
1764 89 59 13
1765 83 84 11
1766 4 36 15
1767 26 66 14
1768 63 41 11
1769 81 69 13
1770 69 55 15
1771 41 85 13
1772 85 89 11
1773 42 79 15
1774 83 19 10
1775 66 23 11
1776 3 72 13
1777 54 77 10
1778 71 79 13
1779 16 72 14
1780 47 51 14
1781 10 60 15
1782 46 31 15
1783 0 57 14
1784 52 12 14
1785 55 73 12
1786 61 19 15
1787 82 37 10
1788 39 31 12
1789 62 32 10
1790 20 40 11
1791 9 84 11
1792 61 84 14
1793 40 51 10
1794 63 62 13
1795 25 82 11
1796 44 7 11
1797 53 11 14
1798 84 22 10
1799 18 88 12
