otherCase
0
1 27
2 16
3 16
4 27
5 20
6 27
7 20
8 45
9 14
10 16
11 16
12 16
13 52
14 14
15 14
16 16
17 14
18 24
19 16
20 20
21 43
22 27
23 16
24 24
25 16
26 16
27 27
28 24
29 29
30 20
31 16
32 16
33 65
34 45
35 16
36 45
37 20
38 20
39 27
40 16
41 43
42 52
43 43
44 24
45 45
46 45
47 52
48 43
49 29
50 50
51 16
52 52
53 27
54 20
55 20
56 27
57 16
58 16
59 20
60 45
61 16
62 50
63 14
64 24
65 65
66 43
67 16
68 20
69 27
70 16
71 20
72 43
73 20
74 52
75 45
76 16
77 45
78 45
79 29
80 20
81 29
82 20
83 16
84 45
85 45
86 16
87 20
88 43
1
0 27
2 2
3 2
4 27
5 2
6 27
7 49
8 2
9 28
10 2
11 28
12 2
13 49
14 27
15 49
16 2
17 27
18 2
19 2
20 27
21 2
22 27
23 27
24 28
25 2
26 27
27 27
28 28
29 49
30 49
31 49
32 2
33 2
34 2
35 27
36 2
37 28
38 2
39 27
40 2
41 49
42 49
43 27
44 27
45 27
46 49
47 2
48 2
49 49
50 27
51 28
52 27
53 27
54 28
55 27
56 27
57 2
58 2
59 2
60 2
61 27
62 2
63 2
64 28
65 27
66 2
67 2
68 27
69 27
70 2
71 27
72 2
73 27
74 49
75 28
76 27
77 27
78 49
79 49
80 28
81 28
82 49
83 49
84 2
85 27
86 2
87 2
88 2
2
0 1
1 1
3 57
4 1
5 21
6 1
7 1
8 60
9 1
10 86
11 86
12 86
13 60
14 1
15 21
16 86
17 21
18 86
19 57
20 1
21 21
22 1
23 57
24 1
25 86
26 57
27 1
28 1
29 1
30 60
31 1
32 86
33 21
34 57
35 57
36 57
37 1
38 60
39 1
40 21
41 1
42 60
43 21
44 86
45 21
46 21
47 86
48 57
49 1
50 21
51 1
52 60
53 1
54 1
55 21
56 1
57 57
58 57
59 21
60 60
61 57
62 21
63 21
64 1
65 1
66 21
67 86
68 86
69 1
70 86
71 57
72 57
73 1
74 60
75 57
76 1
77 21
78 1
79 1
80 57
81 1
82 60
83 57
84 57
85 21
86 86
87 60
88 57
3
0 4
1 4
2 19
4 4
5 40
6 4
7 40
8 4
9 19
10 4
11 4
12 4
13 19
14 55
15 46
16 19
17 55
18 4
19 19
20 40
21 40
22 4
23 4
24 40
25 40
26 19
27 4
28 4
29 19
30 55
31 4
32 4
33 19
34 19
35 4
36 4
37 4
38 40
39 4
40 40
41 4
42 19
43 4
44 40
45 19
46 46
47 59
48 19
49 19
50 46
51 4
52 59
53 4
54 4
55 55
56 4
57 19
58 58
59 59
60 40
61 4
62 46
63 55
64 40
65 40
66 55
67 19
68 4
69 4
70 4
71 4
72 4
73 4
74 19
75 19
76 55
77 4
78 46
79 19
80 19
81 19
82 55
83 19
84 19
85 4
86 19
87 4
88 19
4
0 56
1 37
2 3
3 3
5 56
6 6
7 3
8 36
9 6
10 10
11 6
12 37
13 36
14 10
15 3
16 10
17 3
18 56
19 3
20 10
21 56
22 37
23 56
24 37
25 3
26 37
27 56
28 37
29 37
30 3
31 6
32 10
33 36
34 3
35 6
36 36
37 37
38 3
39 6
40 3
41 36
42 10
43 56
44 56
45 36
46 3
47 3
48 36
49 3
50 3
51 6
52 10
53 56
54 37
55 3
56 56
57 3
58 3
59 3
60 36
61 56
62 3
63 3
64 3
65 3
66 56
67 10
68 10
69 37
70 10
71 10
72 36
73 37
74 10
75 3
76 56
77 36
78 3
79 37
80 37
81 37
82 3
83 36
84 3
85 36
86 3
87 56
88 36
5
0 56
1 21
2 21
3 40
4 56
6 56
7 40
8 60
9 73
10 56
11 56
12 73
13 60
14 73
15 21
16 40
17 73
18 56
19 40
20 73
21 21
22 56
23 56
24 40
25 40
26 56
27 56
28 73
29 56
30 56
31 40
32 56
33 21
34 60
35 56
36 56
37 73
38 40
39 56
40 40
41 56
42 60
43 56
44 40
45 21
46 21
47 40
48 21
49 60
50 21
51 73
52 73
53 56
54 73
55 40
56 56
57 21
58 40
59 21
60 60
61 56
62 21
63 21
64 40
65 40
66 21
67 56
68 73
69 73
70 56
71 56
72 56
73 73
74 60
75 21
76 56
77 21
78 56
79 56
80 73
81 73
82 56
83 56
84 60
85 56
86 21
87 56
88 21
6
0 39
1 39
2 39
3 4
4 4
5 4
7 51
8 4
9 51
10 4
11 51
12 4
13 51
14 39
15 4
16 51
17 51
18 4
19 4
20 51
21 4
22 39
23 4
24 39
25 4
26 4
27 39
28 39
29 39
30 4
31 51
32 4
33 4
34 4
35 51
36 4
37 4
38 4
39 39
40 4
41 4
42 51
43 4
44 4
45 4
46 4
47 4
48 4
49 51
50 39
51 51
52 4
53 4
54 4
55 4
56 4
57 4
58 4
59 4
60 4
61 4
62 4
63 4
64 4
65 39
66 4
67 51
68 4
69 4
70 4
71 51
72 4
73 4
74 51
75 51
76 4
77 4
78 4
79 39
80 4
81 39
82 4
83 51
84 4
85 51
86 4
87 4
88 4
7
0 20
1 78
2 33
3 64
4 20
5 20
6 20
8 20
9 33
10 20
11 20
12 20
13 64
14 20
15 78
16 20
17 33
18 64
19 33
20 20
21 33
22 33
23 64
24 64
25 64
26 20
27 20
28 64
29 20
30 20
31 78
32 33
33 33
34 20
35 64
36 33
37 20
38 20
39 20
40 64
41 78
42 78
43 20
44 64
45 78
46 78
47 33
48 64
49 78
50 20
51 20
52 20
53 64
54 20
55 20
56 64
57 33
58 33
59 20
60 78
61 64
62 78
63 33
64 64
65 33
66 33
67 33
68 20
69 20
70 33
71 20
72 64
73 20
74 78
75 33
76 20
77 33
78 78
79 20
80 20
81 33
82 20
83 64
84 20
85 33
86 78
87 78
88 64
8
0 45
1 60
2 60
3 34
4 36
5 60
6 36
7 38
9 45
10 36
11 34
12 34
13 60
14 45
15 62
16 45
17 38
18 45
19 34
20 38
21 62
22 34
23 36
24 45
25 38
26 34
27 45
28 45
29 45
30 38
31 36
32 34
33 36
34 34
35 36
36 36
37 34
38 38
39 36
40 38
41 36
42 60
43 45
44 38
45 45
46 62
47 38
48 36
49 45
50 62
51 34
52 45
53 36
54 34
55 34
56 36
57 34
58 34
59 38
60 60
61 36
62 62
63 45
64 38
65 45
66 45
67 34
68 38
69 34
70 34
71 38
72 36
73 38
74 60
75 45
76 36
77 36
78 45
79 45
80 34
81 45
82 38
83 36
84 34
85 36
86 34
87 60
88 36
9
0 17
1 31
2 31
3 17
4 31
5 17
6 31
7 17
8 81
10 17
11 31
12 31
13 31
14 17
15 17
16 31
17 17
18 17
19 81
20 17
21 17
22 17
23 31
24 17
25 31
26 31
27 17
28 81
29 81
30 17
31 31
32 17
33 17
34 81
35 31
36 31
37 31
38 17
39 81
40 17
41 31
42 17
43 17
44 17
45 81
46 17
47 17
48 31
49 31
50 17
51 31
52 17
53 17
54 31
55 17
56 17
57 31
58 81
59 17
60 17
61 31
62 17
63 17
64 17
65 17
66 17
67 17
68 31
69 31
70 17
71 31
72 31
73 17
74 17
75 81
76 17
77 17
78 31
79 81
80 31
81 81
82 17
83 31
84 81
85 31
86 31
87 31
88 31
10
0 68
1 4
2 70
3 4
4 4
5 4
6 4
7 68
8 4
9 70
11 70
12 4
13 70
14 70
15 4
16 70
17 70
18 4
19 4
20 68
21 4
22 4
23 70
24 70
25 70
26 71
27 4
28 4
29 68
30 68
31 70
32 70
33 70
34 70
35 70
36 4
37 4
38 68
39 4
40 4
41 4
42 70
43 4
44 4
45 71
46 4
47 70
48 4
49 70
50 68
51 71
52 70
53 4
54 4
55 4
56 4
57 4
58 4
59 4
60 4
61 70
62 4
63 4
64 70
65 68
66 4
67 70
68 68
69 4
70 70
71 71
72 4
73 4
74 70
75 71
76 71
77 4
78 4
79 68
80 71
81 71
82 68
83 70
84 70
85 4
86 70
87 4
88 4
11
0 51
1 51
2 67
3 51
4 51
5 51
6 51
7 51
8 67
9 51
10 51
12 51
13 51
14 67
15 51
16 51
17 51
18 67
19 67
20 51
21 51
22 51
23 51
24 51
25 51
26 51
27 51
28 51
29 51
30 51
31 51
32 67
33 51
34 67
35 51
36 51
37 51
38 51
39 51
40 51
41 51
42 51
43 67
44 67
45 51
46 51
47 67
48 51
49 51
50 51
51 51
52 67
53 67
54 51
55 51
56 67
57 67
58 67
59 67
60 67
61 51
62 67
63 51
64 51
65 51
66 51
67 67
68 51
69 51
70 67
71 51
72 51
73 51
74 51
75 51
76 51
77 51
78 51
79 51
80 51
81 51
82 51
83 51
84 67
85 51
86 67
87 51
88 51
12
0 86
1 37
2 86
3 37
4 37
5 37
6 37
7 37
8 37
9 83
10 37
11 37
13 83
14 37
15 37
16 86
17 37
18 86
19 86
20 37
21 86
22 37
23 83
24 37
25 86
26 37
27 37
28 37
29 86
30 37
31 83
32 86
33 86
34 37
35 37
36 37
37 37
38 37
39 37
40 37
41 83
42 83
43 37
44 86
45 37
46 37
47 86
48 83
49 86
50 86
51 37
52 37
53 37
54 37
55 37
56 37
57 83
58 86
59 86
60 86
61 83
62 86
63 37
64 83
65 37
66 86
67 86
68 37
69 37
70 86
71 37
72 83
73 37
74 83
75 86
76 37
77 37
78 86
79 86
80 37
81 37
82 37
83 83
84 37
85 37
86 86
87 83
88 83
13
0 74
1 74
2 74
3 83
4 83
5 74
6 83
7 74
8 74
9 83
10 74
11 83
12 83
14 74
15 74
16 83
17 74
18 74
19 83
20 74
21 74
22 74
23 83
24 74
25 83
26 83
27 74
28 74
29 74
30 74
31 83
32 74
33 74
34 74
35 83
36 83
37 83
38 74
39 74
40 74
41 74
42 74
43 74
44 83
45 74
46 74
47 74
48 83
49 74
50 74
51 83
52 74
53 83
54 83
55 74
56 83
57 83
58 83
59 74
60 74
61 83
62 74
63 74
64 83
65 74
66 74
67 74
68 83
69 83
70 74
71 83
72 83
73 74
74 74
75 83
76 83
77 83
78 74
79 74
80 83
81 74
82 74
83 83
84 74
85 83
86 74
87 74
88 83
14
0 0
1 0
2 0
3 17
4 0
5 52
6 0
7 0
8 0
9 17
10 52
11 52
12 0
13 52
15 17
16 0
17 17
18 0
19 0
20 0
21 0
22 0
23 52
24 0
25 0
26 0
27 0
28 0
29 0
30 0
31 0
32 52
33 0
34 0
35 52
36 0
37 52
38 0
39 0
40 0
41 0
42 52
43 0
44 0
45 0
46 0
47 17
48 0
49 0
50 0
51 0
52 52
53 0
54 52
55 17
56 0
57 0
58 0
59 17
60 52
61 52
62 0
63 17
64 0
65 0
66 0
67 52
68 0
69 0
70 52
71 0
72 0
73 52
74 52
75 0
76 0
77 0
78 0
79 0
80 0
81 0
82 0
83 0
84 0
85 0
86 0
87 0
88 0
15
0 46
1 46
2 46
3 46
4 46
5 46
6 46
7 46
8 46
9 63
10 46
11 46
12 46
13 46
14 63
16 46
17 63
18 46
19 46
20 46
21 46
22 63
23 46
24 46
25 46
26 63
27 46
28 46
29 46
30 46
31 46
32 63
33 63
34 46
35 46
36 46
37 46
38 46
39 46
40 46
41 46
42 46
43 63
44 46
45 46
46 46
47 63
48 46
49 46
50 46
51 46
52 63
53 46
54 46
55 63
56 46
57 46
58 46
59 46
60 46
61 46
62 46
63 63
64 46
65 63
66 63
67 46
68 46
69 46
70 63
71 63
72 46
73 63
74 46
75 46
76 63
77 46
78 46
79 46
80 46
81 63
82 46
83 46
84 46
85 46
86 46
87 46
88 46
16
0 0
1 0
2 86
3 25
4 70
5 25
6 31
7 0
8 0
9 31
10 70
11 31
12 86
13 31
14 0
15 0
17 0
18 86
19 86
20 0
21 86
22 0
23 70
24 0
25 25
26 25
27 0
28 0
29 0
30 0
31 31
32 70
33 0
34 70
35 31
36 0
37 31
38 0
39 0
40 25
41 0
42 0
43 0
44 25
45 0
46 0
47 70
48 31
49 31
50 0
51 31
52 0
53 70
54 31
55 25
56 70
57 86
58 86
59 70
60 86
61 70
62 0
63 0
64 0
65 0
66 0
67 70
68 0
69 0
70 70
71 0
72 31
73 0
74 0
75 0
76 25
77 0
78 0
79 0
80 31
81 0
82 0
83 31
84 70
85 0
86 86
87 70
88 31
17
0 14
1 9
2 47
3 47
4 47
5 52
6 9
7 47
8 14
9 9
10 47
11 9
12 9
13 52
14 14
15 63
16 9
18 52
19 47
20 14
21 63
22 14
23 47
24 52
25 9
26 63
27 14
28 9
29 9
30 63
31 9
32 47
33 47
34 47
35 9
36 47
37 52
38 47
39 9
40 47
41 9
42 52
43 14
44 47
45 14
46 63
47 47
48 9
49 9
50 14
51 9
52 52
53 47
54 52
55 63
56 47
57 47
58 47
59 47
60 52
61 47
62 47
63 63
64 47
65 14
66 63
67 47
68 14
69 52
70 47
71 9
72 9
73 52
74 52
75 9
76 63
77 47
78 9
79 9
80 9
81 9
82 63
83 9
84 47
85 47
86 47
87 47
88 9
18
0 24
1 24
2 86
3 44
4 56
5 56
6 56
7 24
8 24
9 24
10 56
11 56
12 86
13 24
14 24
15 24
16 86
17 24
19 86
20 24
21 56
22 56
23 56
24 24
25 44
26 56
27 56
28 24
29 24
30 56
31 86
32 56
33 24
34 86
35 56
36 56
37 24
38 44
39 24
40 44
41 56
42 24
43 56
44 44
45 24
46 24
47 24
48 56
49 86
50 24
51 24
52 24
53 56
54 24
55 56
56 56
57 86
58 86
59 86
60 56
61 56
62 24
63 24
64 24
65 24
66 24
67 56
68 24
69 24
70 56
71 56
72 56
73 24
74 24
75 24
76 56
77 24
78 24
79 24
80 86
81 24
82 56
83 56
84 86
85 24
86 86
87 56
88 56
19
0 75
1 57
2 57
3 3
4 3
5 3
6 3
7 75
8 34
9 75
10 3
11 34
12 86
13 80
14 59
15 3
16 86
17 59
18 86
20 59
21 57
22 34
23 57
24 75
25 3
26 80
27 3
28 75
29 75
30 3
31 80
32 86
33 75
34 34
35 57
36 3
37 80
38 59
39 3
40 3
41 57
42 86
43 3
44 3
45 75
46 3
47 59
48 57
49 86
50 59
51 75
52 59
53 3
54 80
55 3
56 3
57 57
58 58
59 59
60 34
61 57
62 59
63 3
64 3
65 75
66 75
67 34
68 75
69 34
70 86
71 75
72 57
73 80
74 86
75 75
76 3
77 75
78 3
79 75
80 80
81 75
82 3
83 80
84 34
85 75
86 86
87 3
88 57
20
0 0
1 0
2 0
3 30
4 68
5 73
6 71
7 7
8 38
9 0
10 68
11 71
12 73
13 0
14 0
15 7
16 0
17 0
18 0
19 38
21 73
22 0
23 73
24 0
25 0
26 71
27 0
28 0
29 0
30 30
31 0
32 0
33 7
34 38
35 71
36 38
37 73
38 38
39 0
40 38
41 0
42 0
43 0
44 38
45 0
46 7
47 0
48 73
49 0
50 0
51 71
52 0
53 0
54 73
55 30
56 0
57 38
58 30
59 38
60 30
61 73
62 0
63 30
64 7
65 0
66 0
67 0
68 68
69 73
70 0
71 71
72 73
73 73
74 0
75 71
76 71
77 0
78 7
79 0
80 71
81 0
82 30
83 71
84 38
85 0
86 0
87 30
88 73
21
0 62
1 2
2 2
3 5
4 5
5 5
6 5
7 66
8 62
9 66
10 2
11 2
12 2
13 2
14 5
15 62
16 2
17 66
18 2
19 2
20 5
22 2
23 5
24 66
25 5
26 5
27 2
28 2
29 2
30 2
31 2
32 2
33 66
34 62
35 5
36 62
37 5
38 5
39 2
40 5
41 66
42 2
43 66
44 5
45 66
46 62
47 62
48 2
49 2
50 62
51 5
52 5
53 5
54 5
55 66
56 5
57 2
58 2
59 62
60 2
61 5
62 62
63 66
64 5
65 66
66 66
67 2
68 5
69 5
70 2
71 5
72 2
73 5
74 2
75 66
76 5
77 66
78 62
79 2
80 2
81 2
82 2
83 2
84 62
85 66
86 2
87 2
88 2
22
0 27
1 27
2 27
3 27
4 27
5 27
6 27
7 65
8 69
9 27
10 27
11 69
12 69
13 27
14 27
15 65
16 27
17 27
18 27
19 69
20 27
21 27
23 27
24 27
25 27
26 27
27 27
28 27
29 27
30 27
31 27
32 27
33 65
34 69
35 27
36 27
37 69
38 27
39 27
40 65
41 27
42 27
43 27
44 27
45 27
46 27
47 65
48 27
49 27
50 27
51 69
52 27
53 27
54 69
55 27
56 27
57 27
58 69
59 65
60 27
61 27
62 27
63 65
64 65
65 65
66 65
67 69
68 27
69 69
70 27
71 27
72 27
73 27
74 27
75 65
76 27
77 65
78 27
79 27
80 69
81 27
82 27
83 27
84 69
85 65
86 27
87 27
88 27
23
0 56
1 56
2 70
3 56
4 56
5 56
6 35
7 64
8 72
9 83
10 70
11 35
12 83
13 83
14 70
15 87
16 70
17 64
18 56
19 70
20 73
21 56
22 56
24 64
25 56
26 56
27 56
28 64
29 56
30 87
31 83
32 70
33 64
34 70
35 35
36 72
37 73
38 64
39 56
40 64
41 72
42 70
43 56
44 56
45 64
46 87
47 64
48 72
49 70
50 56
51 35
52 70
53 56
54 73
55 56
56 56
57 72
58 56
59 64
60 87
61 61
62 56
63 56
64 64
65 64
66 56
67 70
68 70
69 73
70 70
71 35
72 72
73 73
74 70
75 35
76 56
77 35
78 87
79 56
80 83
81 64
82 87
83 83
84 70
85 35
86 70
87 87
88 72
24
0 0
1 28
2 18
3 64
4 18
5 18
6 28
7 64
8 45
9 28
10 52
11 28
12 18
13 52
14 0
15 45
16 0
17 52
18 18
19 18
20 0
21 45
22 0
23 64
25 0
26 18
27 0
28 28
29 0
30 0
31 0
32 52
33 0
34 45
35 64
36 45
37 28
38 0
39 28
40 64
41 0
42 52
43 0
44 18
45 45
46 45
47 52
48 64
49 0
50 0
51 28
52 52
53 18
54 28
55 0
56 18
57 18
58 18
59 52
60 45
61 64
62 0
63 45
64 64
65 0
66 45
67 52
68 0
69 28
70 52
71 0
72 64
73 52
74 52
75 45
76 18
77 45
78 45
79 0
80 28
81 28
82 0
83 64
84 45
85 45
86 18
87 18
88 64
25
0 16
1 16
2 16
3 40
4 40
5 40
6 16
7 40
8 40
9 16
10 16
11 16
12 16
13 16
14 16
15 40
16 16
17 16
18 16
19 16
20 16
21 40
22 16
23 16
24 16
26 76
27 16
28 16
29 16
30 76
31 16
32 16
33 16
34 16
35 16
36 40
37 16
38 40
39 16
40 40
41 16
42 16
43 16
44 40
45 16
46 40
47 16
48 16
49 16
50 16
51 16
52 16
53 76
54 16
55 76
56 76
57 16
58 40
59 40
60 40
61 16
62 16
63 76
64 40
65 16
66 16
67 16
68 76
69 16
70 16
71 76
72 16
73 40
74 16
75 76
76 76
77 16
78 16
79 16
80 76
81 16
82 76
83 16
84 16
85 16
86 16
87 76
88 16
26
0 76
1 76
2 80
3 76
4 76
5 76
6 76
7 76
8 80
9 80
10 76
11 76
12 80
13 80
14 76
15 76
16 76
17 76
18 76
19 80
20 76
21 76
22 76
23 76
24 76
25 76
27 76
28 80
29 76
30 76
31 80
32 76
33 76
34 80
35 76
36 76
37 80
38 76
39 76
40 76
41 76
42 80
43 76
44 76
45 76
46 76
47 76
48 80
49 80
50 76
51 76
52 76
53 76
54 80
55 76
56 76
57 80
58 80
59 80
60 76
61 76
62 80
63 76
64 76
65 76
66 76
67 76
68 76
69 80
70 76
71 76
72 80
73 80
74 80
75 76
76 76
77 76
78 76
79 76
80 80
81 76
82 76
83 80
84 80
85 76
86 80
87 76
88 80
27
0 0
1 1
2 1
3 56
4 56
5 56
6 39
7 0
8 0
9 0
10 56
11 39
12 73
13 0
14 0
15 0
16 0
17 0
18 56
19 0
20 0
21 1
22 22
23 56
24 0
25 0
26 56
28 1
29 0
30 0
31 0
32 56
33 0
34 22
35 56
36 56
37 73
38 0
39 39
40 56
41 0
42 0
43 0
44 56
45 0
46 0
47 0
48 1
49 1
50 0
51 39
52 0
53 56
54 73
55 56
56 56
57 1
58 56
59 0
60 1
61 56
62 0
63 0
64 0
65 0
66 0
67 56
68 0
69 22
70 56
71 0
72 56
73 73
74 0
75 0
76 56
77 0
78 0
79 0
80 73
81 0
82 0
83 56
84 22
85 0
86 0
87 56
88 1
28
0 24
1 1
2 1
3 37
4 37
5 37
6 39
7 24
8 24
9 81
10 37
11 37
12 37
13 1
14 24
15 1
16 24
17 24
18 24
19 37
20 24
21 1
22 1
23 24
24 24
25 24
26 37
27 1
29 81
30 1
31 1
32 24
33 81
34 37
35 37
36 37
37 37
38 24
39 39
40 24
41 1
42 1
43 24
44 24
45 24
46 1
47 24
48 1
49 1
50 24
51 37
52 24
53 1
54 37
55 37
56 1
57 1
58 37
59 24
60 1
61 24
62 1
63 24
64 24
65 24
66 24
67 24
68 24
69 37
70 24
71 37
72 1
73 37
74 1
75 81
76 1
77 24
78 1
79 81
80 37
81 81
82 1
83 37
84 37
85 24
86 1
87 1
88 1
29
0 0
1 49
2 49
3 49
4 0
5 0
6 0
7 0
8 0
9 81
10 0
11 49
12 49
13 49
14 0
15 49
16 0
17 0
18 0
19 49
20 0
21 0
22 0
23 0
24 0
25 0
26 0
27 0
28 81
30 0
31 49
32 0
33 0
34 0
35 49
36 0
37 81
38 0
39 0
40 0
41 49
42 49
43 0
44 0
45 0
46 49
47 0
48 49
49 49
50 0
51 49
52 0
53 0
54 81
55 0
56 0
57 49
58 49
59 0
60 49
61 0
62 0
63 0
64 0
65 0
66 0
67 0
68 0
69 0
70 0
71 0
72 49
73 0
74 49
75 81
76 0
77 0
78 49
79 79
80 0
81 81
82 0
83 49
84 0
85 0
86 49
87 49
88 49
30
0 20
1 78
2 87
3 55
4 55
5 20
6 20
7 20
8 20
9 55
10 20
11 20
12 20
13 78
14 20
15 55
16 20
17 55
18 87
19 55
20 20
21 20
22 20
23 87
24 20
25 55
26 55
27 20
28 20
29 20
31 78
32 87
33 20
34 20
35 87
36 20
37 20
38 20
39 20
40 20
41 78
42 78
43 20
44 87
45 78
46 78
47 20
48 87
49 78
50 20
51 20
52 20
53 87
54 20
55 55
56 87
57 55
58 55
59 20
60 87
61 87
62 78
63 55
64 20
65 20
66 55
67 87
68 20
69 20
70 87
71 20
72 87
73 20
74 78
75 20
76 55
77 78
78 78
79 20
80 20
81 20
82 82
83 87
84 20
85 78
86 78
87 87
88 87
31
0 16
1 49
2 16
3 16
4 51
5 16
6 51
7 49
8 16
9 9
10 16
11 51
12 83
13 83
14 9
15 9
16 16
17 9
18 16
19 16
20 16
21 16
22 16
23 83
24 16
25 16
26 83
27 16
28 9
29 49
30 49
32 16
33 9
34 16
35 51
36 83
37 51
38 16
39 51
40 16
41 49
42 49
43 16
44 16
45 16
46 49
47 9
48 83
49 49
50 16
51 51
52 9
53 16
54 51
55 9
56 16
57 83
58 16
59 9
60 49
61 83
62 16
63 9
64 83
65 16
66 9
67 16
68 51
69 51
70 16
71 51
72 83
73 51
74 49
75 9
76 16
77 16
78 49
79 49
80 83
81 9
82 49
83 83
84 16
85 51
86 16
87 49
88 83
32
0 70
1 70
2 70
3 70
4 70
5 70
6 70
7 70
8 70
9 70
10 70
11 70
12 70
13 70
14 70
15 70
16 70
17 70
18 70
19 70
20 70
21 70
22 70
23 70
24 70
25 70
26 70
27 70
28 70
29 70
30 70
31 70
33 70
34 70
35 70
36 70
37 70
38 70
39 70
40 70
41 70
42 70
43 70
44 70
45 70
46 70
47 70
48 70
49 70
50 70
51 70
52 70
53 70
54 70
55 70
56 70
57 70
58 70
59 70
60 70
61 70
62 70
63 70
64 70
65 70
66 70
67 70
68 70
69 70
70 70
71 70
72 70
73 70
74 70
75 70
76 70
77 70
78 70
79 70
80 70
81 70
82 70
83 70
84 70
85 70
86 70
87 70
88 70
33
0 65
1 7
2 66
3 47
4 77
5 66
6 75
7 7
8 66
9 47
10 47
11 47
12 47
13 47
14 47
15 66
16 47
17 47
18 7
19 75
20 7
21 66
22 65
23 7
24 7
25 7
26 75
27 65
28 75
29 65
30 7
31 7
32 47
34 75
35 77
36 77
37 7
38 7
39 65
40 7
41 66
42 47
43 66
44 7
45 66
46 7
47 47
48 75
49 7
50 65
51 75
52 47
53 47
54 7
55 66
56 47
57 75
58 75
59 47
60 7
61 7
62 47
63 66
64 7
65 65
66 66
67 47
68 7
69 65
70 47
71 75
72 77
73 7
74 47
75 75
76 75
77 77
78 7
79 65
80 75
81 75
82 7
83 7
84 75
85 77
86 47
87 7
88 75
34
0 8
1 8
2 8
3 19
4 8
5 8
6 8
7 8
8 8
9 19
10 67
11 67
12 19
13 8
14 8
15 8
16 19
17 19
18 19
19 19
20 8
21 8
22 69
23 67
24 8
25 8
26 19
27 69
28 69
29 8
30 8
31 19
32 67
33 19
35 67
36 8
37 69
38 8
39 69
40 8
41 8
42 8
43 8
44 8
45 8
46 8
47 19
48 19
49 19
50 8
51 67
52 67
53 67
54 69
55 19
56 67
57 19
58 19
59 19
60 8
61 67
62 8
63 8
64 8
65 69
66 8
67 67
68 8
69 69
70 67
71 19
72 8
73 69
74 8
75 19
76 19
77 8
78 8
79 8
80 19
81 19
82 8
83 19
84 84
85 8
86 19
87 8
88 19
35
0 23
1 23
2 23
3 23
4 23
5 23
6 51
7 23
8 23
9 51
10 23
11 51
12 23
13 23
14 23
15 23
16 23
17 23
18 23
19 23
20 23
21 23
22 23
23 23
24 23
25 23
26 23
27 23
28 51
29 51
30 23
31 51
32 23
33 85
34 23
36 23
37 51
38 23
39 51
40 23
41 23
42 23
43 23
44 23
45 85
46 23
47 23
48 23
49 51
50 23
51 51
52 23
53 23
54 51
55 23
56 23
57 23
58 23
59 23
60 23
61 23
62 23
63 23
64 23
65 23
66 23
67 23
68 51
69 51
70 23
71 51
72 23
73 23
74 23
75 51
76 23
77 85
78 23
79 51
80 23
81 51
82 23
83 23
84 23
85 85
86 23
87 23
88 23
36
0 8
1 4
2 8
3 4
4 4
5 4
6 4
7 77
8 8
9 72
10 4
11 4
12 4
13 72
14 8
15 4
16 4
17 77
18 4
19 4
20 8
21 8
22 4
23 72
24 8
25 4
26 4
27 4
28 4
29 8
30 4
31 72
32 4
33 77
34 8
35 72
37 4
38 8
39 4
40 4
41 72
42 8
43 4
44 4
45 8
46 4
47 77
48 72
49 72
50 8
51 4
52 4
53 4
54 4
55 4
56 4
57 72
58 4
59 4
60 8
61 72
62 8
63 4
64 72
65 77
66 8
67 8
68 4
69 4
70 4
71 4
72 72
73 4
74 8
75 8
76 4
77 77
78 8
79 8
80 4
81 4
82 4
83 72
84 8
85 77
86 4
87 4
88 72
37
0 28
1 28
2 12
3 4
4 4
5 73
6 4
7 73
8 4
9 28
10 4
11 51
12 12
13 12
14 73
15 4
16 12
17 73
18 4
19 80
20 73
21 73
22 69
23 73
24 28
25 4
26 80
27 73
28 28
29 28
30 73
31 51
32 4
33 4
34 69
35 51
36 4
38 73
39 28
40 4
41 4
42 73
43 4
44 4
45 28
46 4
47 73
48 4
49 12
50 28
51 51
52 73
53 4
54 54
55 4
56 4
57 80
58 4
59 4
60 73
61 73
62 4
63 4
64 28
65 69
66 4
67 51
68 4
69 69
70 4
71 51
72 4
73 73
74 73
75 28
76 4
77 4
78 4
79 28
80 80
81 28
82 73
83 12
84 69
85 51
86 12
87 4
88 4
38
0 20
1 8
2 8
3 40
4 8
5 40
6 8
7 20
8 8
9 59
10 20
11 8
12 20
13 8
14 20
15 8
16 20
17 59
18 40
19 59
20 20
21 8
22 8
23 20
24 8
25 40
26 20
27 20
28 8
29 20
30 20
31 20
32 59
33 20
34 8
35 20
36 8
37 20
39 20
40 40
41 8
42 8
43 20
44 40
45 8
46 8
47 59
48 8
49 8
50 8
51 20
52 20
53 40
54 20
55 20
56 40
57 59
58 40
59 59
60 8
61 20
62 8
63 8
64 40
65 20
66 8
67 8
68 20
69 8
70 59
71 20
72 8
73 20
74 8
75 8
76 20
77 8
78 8
79 20
80 20
81 8
82 20
83 8
84 8
85 8
86 59
87 8
88 8
39
0 27
1 27
2 27
3 6
4 6
5 27
6 6
7 27
8 6
9 28
10 6
11 6
12 28
13 6
14 27
15 6
16 27
17 27
18 27
19 6
20 27
21 27
22 27
23 27
24 28
25 27
26 27
27 27
28 28
29 27
30 27
31 6
32 27
33 27
34 27
35 6
36 6
37 28
38 27
40 6
41 27
42 27
43 27
44 27
45 27
46 6
47 27
48 6
49 27
50 27
51 6
52 27
53 27
54 28
55 6
56 27
57 27
58 6
59 6
60 27
61 27
62 27
63 6
64 28
65 27
66 27
67 6
68 6
69 27
70 27
71 6
72 6
73 27
74 27
75 28
76 27
77 6
78 27
79 27
80 28
81 28
82 27
83 6
84 27
85 6
86 27
87 27
88 6
40
0 25
1 5
2 5
3 3
4 3
5 5
6 3
7 64
8 38
9 25
10 3
11 3
12 3
13 5
14 5
15 3
16 25
17 64
18 44
19 3
20 38
21 5
22 64
23 64
24 64
25 25
26 25
27 5
28 64
29 25
30 3
31 25
32 5
33 64
34 3
35 64
36 3
37 3
38 38
39 3
41 5
42 5
43 5
44 44
45 38
46 3
47 64
48 3
49 3
50 3
51 3
52 5
53 5
54 3
55 3
56 5
57 3
58 3
59 3
60 5
61 64
62 3
63 3
64 64
65 64
66 5
67 3
68 38
69 3
70 5
71 25
72 64
73 5
74 5
75 3
76 25
77 3
78 3
79 25
80 3
81 3
82 3
83 64
84 3
85 64
86 3
87 5
88 3
41
0 43
1 49
2 49
3 43
4 43
5 43
6 43
7 49
8 72
9 49
10 43
11 49
12 49
13 49
14 43
15 43
16 43
17 43
18 43
19 49
20 43
21 43
22 43
23 72
24 43
25 43
26 43
27 43
28 49
29 49
30 49
31 49
32 43
33 43
34 49
35 72
36 72
37 43
38 43
39 43
40 43
42 49
43 43
44 43
45 43
46 49
47 43
48 72
49 49
50 43
51 49
52 43
53 43
54 43
55 43
56 43
57 72
58 49
59 49
60 49
61 72
62 43
63 43
64 72
65 43
66 43
67 43
68 43
69 43
70 43
71 43
72 72
73 72
74 49
75 43
76 43
77 72
78 49
79 49
80 72
81 49
82 49
83 72
84 49
85 72
86 49
87 43
88 72
42
0 74
1 74
2 74
3 74
4 74
5 74
6 74
7 74
8 74
9 74
10 74
11 74
12 74
13 74
14 74
15 74
16 74
17 74
18 74
19 74
20 74
21 74
22 74
23 74
24 74
25 74
26 74
27 74
28 74
29 74
30 74
31 74
32 74
33 74
34 74
35 74
36 74
37 74
38 74
39 74
40 74
41 74
43 74
44 74
45 74
46 74
47 74
48 74
49 74
50 74
51 74
52 74
53 74
54 74
55 74
56 74
57 74
58 74
59 74
60 74
61 74
62 74
63 74
64 74
65 74
66 74
67 74
68 74
69 74
70 74
71 74
72 74
73 74
74 74
75 74
76 74
77 74
78 74
79 74
80 74
81 74
82 74
83 74
84 74
85 74
86 74
87 74
88 74
43
0 0
1 0
2 66
3 56
4 56
5 56
6 56
7 0
8 0
9 0
10 56
11 56
12 0
13 0
14 0
15 66
16 0
17 0
18 56
19 0
20 0
21 66
22 0
23 56
24 0
25 0
26 56
27 0
28 0
29 0
30 0
31 0
32 56
33 66
34 0
35 56
36 41
37 56
38 0
39 0
40 56
41 41
42 0
44 56
45 0
46 0
47 0
48 41
49 41
50 0
51 0
52 0
53 56
54 56
55 56
56 56
57 41
58 56
59 0
60 56
61 56
62 0
63 66
64 0
65 0
66 66
67 56
68 0
69 0
70 56
71 0
72 41
73 0
74 0
75 0
76 56
77 0
78 0
79 0
80 0
81 0
82 0
83 41
84 0
85 0
86 0
87 56
88 41
44
0 18
1 56
2 18
3 40
4 56
5 40
6 56
7 40
8 40
9 18
10 56
11 56
12 18
13 56
14 18
15 40
16 18
17 18
18 18
19 18
20 40
21 40
22 56
23 56
24 18
25 40
26 56
27 56
28 18
29 18
30 56
31 18
32 56
33 40
34 18
35 56
36 56
37 56
38 40
39 56
40 40
41 56
42 18
43 56
45 18
46 40
47 40
48 56
49 18
50 18
51 56
52 18
53 56
54 56
55 40
56 56
57 18
58 40
59 40
60 40
61 56
62 40
63 40
64 40
65 40
66 56
67 56
68 40
69 56
70 56
71 56
72 56
73 40
74 18
75 18
76 56
77 18
78 56
79 18
80 18
81 18
82 56
83 56
84 18
85 56
86 18
87 56
88 56
45
0 0
1 0
2 8
3 75
4 8
5 8
6 0
7 78
8 8
9 75
10 75
11 8
12 0
13 0
14 0
15 66
16 0
17 0
18 24
19 75
20 0
21 66
22 0
23 24
24 24
25 0
26 75
27 0
28 24
29 0
30 78
31 0
32 0
33 66
34 8
35 77
36 8
37 24
38 8
39 0
40 8
41 0
42 0
43 0
44 24
46 78
47 0
48 8
49 78
50 0
51 75
52 0
53 0
54 24
55 66
56 0
57 75
58 75
59 8
60 8
61 24
62 8
63 66
64 24
65 0
66 66
67 8
68 0
69 8
70 0
71 75
72 8
73 0
74 0
75 75
76 75
77 77
78 78
79 0
80 75
81 75
82 78
83 0
84 8
85 77
86 0
87 78
88 8
46
0 62
1 78
2 62
3 3
4 3
5 3
6 3
7 78
8 62
9 15
10 3
11 3
12 3
13 78
14 15
15 15
16 3
17 15
18 3
19 3
20 78
21 62
22 3
23 78
24 78
25 3
26 3
27 3
28 3
29 78
30 78
31 78
32 3
33 78
34 3
35 78
36 3
37 3
38 3
39 3
40 3
41 78
42 78
43 3
44 3
45 78
47 3
48 3
49 78
50 62
51 3
52 3
53 3
54 3
55 3
56 3
57 3
58 3
59 3
60 62
61 78
62 62
63 15
64 3
65 3
66 15
67 3
68 3
69 3
70 3
71 3
72 3
73 3
74 78
75 3
76 3
77 78
78 78
79 78
80 3
81 3
82 78
83 3
84 3
85 78
86 3
87 78
88 3
47
0 52
1 52
2 70
3 59
4 59
5 52
6 59
7 33
8 59
9 17
10 70
11 70
12 70
13 52
14 17
15 17
16 70
17 17
18 52
19 59
20 33
21 33
22 33
23 64
24 52
25 64
26 59
27 52
28 52
29 52
30 17
31 17
32 70
33 33
34 59
35 64
36 33
37 52
38 59
39 52
40 64
41 33
42 52
43 33
44 64
45 33
46 59
48 59
49 52
50 52
51 17
52 52
53 70
54 52
55 17
56 70
57 59
58 59
59 59
60 52
61 64
62 59
63 17
64 64
65 33
66 33
67 70
68 70
69 33
70 70
71 33
72 64
73 52
74 52
75 33
76 70
77 33
78 33
79 52
80 59
81 17
82 17
83 64
84 59
85 33
86 70
87 64
88 59
48
0 88
1 88
2 88
3 88
4 88
5 88
6 88
7 88
8 88
9 88
10 88
11 88
12 88
13 88
14 88
15 88
16 88
17 88
18 88
19 88
20 88
21 88
22 88
23 88
24 88
25 88
26 88
27 88
28 88
29 88
30 88
31 88
32 88
33 88
34 88
35 88
36 88
37 88
38 88
39 88
40 88
41 88
42 88
43 88
44 88
45 88
46 88
47 88
49 88
50 88
51 88
52 88
53 88
54 88
55 88
56 88
57 88
58 88
59 88
60 88
61 88
62 88
63 88
64 88
65 88
66 88
67 88
68 88
69 88
70 88
71 88
72 88
73 88
74 88
75 88
76 88
77 88
78 88
79 88
80 88
81 88
82 88
83 88
84 88
85 88
86 88
87 88
88 88
49
0 29
1 1
2 1
3 78
4 1
5 74
6 31
7 78
8 74
9 31
10 86
11 31
12 86
13 74
14 29
15 78
16 31
17 31
18 86
19 86
20 29
21 1
22 1
23 31
24 1
25 31
26 31
27 1
28 1
29 29
30 78
31 31
32 86
33 78
34 86
35 31
36 41
37 1
38 29
39 1
40 31
41 41
42 74
43 41
44 86
45 78
46 78
47 74
48 41
50 29
51 31
52 74
53 1
54 1
55 78
56 1
57 1
58 86
59 86
60 74
61 31
62 78
63 31
64 78
65 29
66 41
67 86
68 29
69 1
70 86
71 31
72 41
73 1
74 74
75 29
76 1
77 78
78 78
79 29
80 31
81 29
82 78
83 31
84 86
85 31
86 86
87 78
88 41
50
0 0
1 0
2 62
3 62
4 0
5 62
6 0
7 0
8 62
9 0
10 0
11 0
12 0
13 0
14 0
15 62
16 0
17 0
18 0
19 62
20 0
21 62
22 0
23 0
24 0
25 0
26 0
27 0
28 0
29 0
30 0
31 0
32 0
33 0
34 62
35 0
36 62
37 0
38 0
39 0
40 0
41 0
42 0
43 0
44 0
45 0
46 62
47 0
48 0
49 0
51 0
52 0
53 0
54 0
55 0
56 0
57 62
58 62
59 62
60 62
61 0
62 62
63 0
64 0
65 0
66 0
67 0
68 0
69 0
70 0
71 0
72 0
73 0
74 0
75 0
76 0
77 0
78 0
79 0
80 0
81 0
82 0
83 0
84 62
85 0
86 0
87 0
88 0
51
0 31
1 31
2 31
3 6
4 6
5 37
6 6
7 71
8 6
9 31
10 71
11 11
12 37
13 31
14 31
15 6
16 31
17 31
18 6
19 37
20 71
21 37
22 37
23 35
24 37
25 31
26 37
27 6
28 37
29 31
30 71
31 31
32 11
33 71
34 11
35 35
36 6
37 37
38 71
39 6
40 6
41 31
42 31
43 6
44 6
45 71
46 6
47 11
48 31
49 31
50 31
52 37
53 6
54 37
55 71
56 6
57 31
58 6
59 6
60 31
61 35
62 6
63 31
64 35
65 31
66 71
67 11
68 71
69 37
70 11
71 71
72 31
73 37
74 31
75 71
76 71
77 35
78 31
79 31
80 37
81 31
82 71
83 31
84 11
85 35
86 31
87 35
88 31
52
0 0
1 0
2 70
3 47
4 70
5 73
6 0
7 0
8 0
9 17
10 70
11 70
12 70
13 74
14 14
15 17
16 0
17 17
18 24
19 47
20 0
21 73
22 0
23 70
24 24
25 0
26 70
27 0
28 24
29 0
30 0
31 0
32 70
33 47
34 70
35 70
36 0
37 73
38 0
39 0
40 24
41 0
42 74
43 0
44 24
45 0
46 0
47 47
48 70
49 74
50 0
51 73
53 70
54 73
55 17
56 70
57 47
58 47
59 47
60 74
61 70
62 0
63 17
64 24
65 0
66 0
67 70
68 0
69 73
70 70
71 0
72 70
73 73
74 74
75 0
76 70
77 0
78 0
79 0
80 73
81 0
82 0
83 70
84 70
85 0
86 70
87 70
88 70
53
0 56
1 56
2 56
3 56
4 56
5 56
6 56
7 56
8 56
9 56
10 56
11 56
12 56
13 56
14 56
15 56
16 56
17 56
18 56
19 56
20 56
21 56
22 56
23 56
24 56
25 56
26 56
27 56
28 56
29 56
30 56
31 56
32 56
33 56
34 56
35 56
36 56
37 56
38 56
39 56
40 56
41 56
42 56
43 56
44 56
45 56
46 56
47 56
48 56
49 56
50 56
51 56
52 56
54 56
55 56
56 56
57 56
58 56
59 56
60 56
61 56
62 56
63 56
64 56
65 56
66 56
67 56
68 56
69 56
70 56
71 56
72 56
73 56
74 56
75 56
76 56
77 56
78 56
79 56
80 56
81 56
82 56
83 56
84 56
85 56
86 56
87 56
88 56
54
0 37
1 37
2 37
3 37
4 37
5 37
6 37
7 37
8 37
9 37
10 37
11 37
12 37
13 37
14 37
15 37
16 37
17 37
18 37
19 37
20 37
21 37
22 37
23 37
24 37
25 37
26 37
27 37
28 37
29 37
30 37
31 37
32 37
33 37
34 37
35 37
36 37
37 37
38 37
39 37
40 37
41 37
42 37
43 37
44 37
45 37
46 37
47 37
48 37
49 37
50 37
51 37
52 37
53 37
55 37
56 37
57 37
58 37
59 37
60 37
61 37
62 37
63 37
64 37
65 37
66 37
67 37
68 37
69 37
70 37
71 37
72 37
73 37
74 37
75 37
76 37
77 37
78 37
79 37
80 37
81 37
82 37
83 37
84 37
85 37
86 37
87 37
88 37
55
0 30
1 30
2 3
3 3
4 3
5 3
6 3
7 30
8 3
9 63
10 3
11 76
12 3
13 3
14 63
15 63
16 76
17 63
18 76
19 3
20 30
21 63
22 76
23 30
24 3
25 76
26 76
27 76
28 3
29 30
30 30
31 30
32 76
33 63
34 3
35 30
36 3
37 3
38 3
39 3
40 3
41 30
42 30
43 63
44 3
45 30
46 3
47 3
48 3
49 30
50 3
51 76
52 63
53 76
54 3
56 76
57 3
58 3
59 3
60 30
61 30
62 3
63 63
64 3
65 3
66 63
67 3
68 30
69 3
70 76
71 76
72 3
73 30
74 30
75 3
76 76
77 3
78 30
79 30
80 3
81 3
82 30
83 3
84 3
85 3
86 3
87 30
88 3
56
0 27
1 27
2 5
3 4
4 4
5 5
6 4
7 23
8 4
9 23
10 4
11 70
12 4
13 23
14 27
15 4
16 70
17 70
18 18
19 4
20 5
21 5
22 27
23 23
24 18
25 76
26 76
27 27
28 4
29 27
30 87
31 23
32 70
33 43
34 70
35 23
36 4
37 4
38 5
39 27
40 5
41 43
42 5
43 43
44 44
45 18
46 4
47 70
48 23
49 18
50 27
51 4
52 70
53 53
54 4
55 76
57 23
58 4
59 4
60 5
61 23
62 5
63 43
64 23
65 23
66 43
67 70
68 4
69 4
70 70
71 76
72 23
73 5
74 5
75 76
76 76
77 4
78 87
79 27
80 4
81 4
82 87
83 23
84 70
85 23
86 18
87 87
88 23
57
0 2
1 2
2 2
3 19
4 19
5 2
6 19
7 19
8 2
9 19
10 2
11 19
12 2
13 72
14 2
15 19
16 2
17 19
18 2
19 19
20 19
21 2
22 2
23 72
24 2
25 2
26 19
27 2
28 2
29 2
30 2
31 72
32 2
33 19
34 19
35 72
36 72
37 19
38 19
39 2
40 19
41 72
42 2
43 72
44 2
45 19
46 19
47 19
48 88
49 2
50 2
51 19
52 2
53 72
54 19
55 19
56 72
58 19
59 19
60 2
61 72
62 2
63 2
64 72
65 19
66 2
67 19
68 19
69 19
70 2
71 19
72 72
73 72
74 2
75 19
76 19
77 72
78 2
79 2
80 19
81 19
82 2
83 72
84 19
85 72
86 2
87 2
88 88
58
0 19
1 19
2 19
3 3
4 3
5 3
6 3
7 3
8 19
9 19
10 3
11 19
12 19
13 19
14 3
15 3
16 19
17 3
18 19
19 19
20 3
21 3
22 19
23 3
24 3
25 3
26 19
27 3
28 3
29 19
30 3
31 19
32 19
33 19
34 19
35 3
36 3
37 3
38 3
39 3
40 3
41 19
42 19
43 3
44 3
45 19
46 3
47 3
48 19
49 19
50 3
51 3
52 3
53 3
54 3
55 3
56 3
57 19
59 3
60 3
61 3
62 3
63 3
64 3
65 3
66 3
67 19
68 3
69 19
70 19
71 19
72 19
73 3
74 19
75 19
76 3
77 3
78 3
79 19
80 19
81 19
82 3
83 19
84 19
85 3
86 19
87 3
88 19
59
0 38
1 19
2 19
3 3
4 3
5 3
6 3
7 38
8 38
9 47
10 3
11 19
12 19
13 19
14 47
15 3
16 19
17 47
18 19
19 19
20 38
21 62
22 19
23 47
24 47
25 3
26 19
27 3
28 3
29 19
30 3
31 19
32 47
33 47
34 19
35 47
36 3
37 3
38 38
39 3
40 3
41 19
42 47
43 3
44 3
45 19
46 3
47 47
48 19
49 19
50 62
51 3
52 47
53 3
54 3
55 3
56 3
57 19
58 3
60 38
61 47
62 62
63 3
64 47
65 47
66 47
67 19
68 38
69 19
70 47
71 19
72 19
73 38
74 47
75 19
76 3
77 47
78 3
79 19
80 19
81 19
82 3
83 19
84 19
85 47
86 19
87 3
88 19
60
0 8
1 2
2 2
3 5
4 5
5 5
6 5
7 87
8 8
9 74
10 2
11 8
12 2
13 74
14 74
15 8
16 2
17 74
18 2
19 2
20 5
21 2
22 2
23 87
24 8
25 5
26 5
27 2
28 2
29 74
30 87
31 74
32 2
33 2
34 8
35 87
36 8
37 5
38 8
39 2
40 5
41 74
42 74
43 5
44 5
45 8
46 8
47 74
48 2
49 74
50 8
51 5
52 74
53 5
54 5
55 87
56 5
57 2
58 2
59 8
61 87
62 8
63 2
64 5
65 5
66 2
67 8
68 5
69 8
70 2
71 5
72 2
73 5
74 74
75 8
76 5
77 8
78 87
79 74
80 2
81 2
82 87
83 74
84 8
85 8
86 2
87 87
88 2
61
0 23
1 23
2 23
3 23
4 23
5 23
6 23
7 23
8 23
9 23
10 23
11 23
12 23
13 23
14 23
15 23
16 23
17 23
18 23
19 23
20 23
21 23
22 23
23 23
24 23
25 23
26 23
27 23
28 23
29 23
30 23
31 23
32 23
33 23
34 23
35 23
36 23
37 23
38 23
39 23
40 23
41 23
42 23
43 23
44 23
45 23
46 23
47 23
48 23
49 23
50 23
51 23
52 23
53 23
54 23
55 23
56 23
57 23
58 23
59 23
60 23
62 23
63 23
64 23
65 23
66 23
67 23
68 23
69 23
70 23
71 23
72 23
73 23
74 23
75 23
76 23
77 23
78 23
79 23
80 23
81 23
82 23
83 23
84 23
85 23
86 23
87 23
88 23
62
0 50
1 21
2 21
3 46
4 8
5 21
6 8
7 46
8 8
9 59
10 8
11 8
12 21
13 8
14 50
15 46
16 50
17 59
18 8
19 59
20 8
21 21
22 8
23 8
24 8
25 8
26 59
27 50
28 8
29 50
30 46
31 46
32 59
33 21
34 8
35 8
36 8
37 8
38 8
39 50
40 8
41 8
42 8
43 21
44 8
45 8
46 46
47 59
48 8
49 46
50 50
51 8
52 50
53 21
54 8
55 46
56 21
57 21
58 46
59 59
60 8
61 8
63 21
64 59
65 50
66 21
67 8
68 8
69 8
70 59
71 8
72 8
73 21
74 8
75 8
76 21
77 8
78 46
79 50
80 59
81 8
82 46
83 8
84 8
85 8
86 21
87 8
88 8
63
0 17
1 66
2 66
3 55
4 55
5 66
6 55
7 66
8 66
9 17
10 17
11 17
12 17
13 17
14 17
15 15
16 17
17 17
18 17
19 55
20 55
21 66
22 66
23 17
24 17
25 55
26 55
27 17
28 17
29 17
30 55
31 17
32 17
33 66
34 55
35 17
36 55
37 17
38 17
39 17
40 55
41 66
42 17
43 66
44 55
45 66
46 15
47 17
48 55
49 15
50 15
51 17
52 17
53 55
54 17
55 55
56 55
57 55
58 55
59 17
60 17
61 17
62 15
64 17
65 66
66 66
67 17
68 55
69 17
70 17
71 55
72 66
73 17
74 17
75 66
76 55
77 66
78 15
79 17
80 55
81 17
82 55
83 17
84 55
85 66
86 17
87 55
88 55
64
0 24
1 24
2 23
3 40
4 23
5 40
6 23
7 7
8 24
9 47
10 23
11 23
12 23
13 23
14 24
15 7
16 23
17 47
18 24
19 40
20 7
21 40
22 65
23 23
24 24
25 40
26 23
27 23
28 24
29 24
30 7
31 23
32 23
33 7
34 23
35 23
36 23
37 23
38 40
39 24
40 40
41 23
42 24
43 23
44 40
45 24
46 7
47 47
48 23
49 7
50 24
51 23
52 24
53 23
54 23
55 40
56 23
57 23
58 40
59 47
60 23
61 23
62 47
63 47
65 65
66 7
67 23
68 7
69 65
70 23
71 7
72 23
73 23
74 24
75 7
76 23
77 7
78 7
79 24
80 23
81 24
82 7
83 23
84 23
85 23
86 23
87 23
88 23
65
0 0
1 0
2 0
3 64
4 0
5 64
6 0
7 33
8 0
9 0
10 0
11 0
12 0
13 0
14 0
15 33
16 0
17 0
18 0
19 33
20 0
21 33
22 22
23 64
24 0
25 0
26 0
27 0
28 0
29 0
30 0
31 0
32 0
33 33
34 22
35 64
36 33
37 22
38 0
39 0
40 64
41 0
42 0
43 0
44 64
45 0
46 0
47 33
48 64
49 0
50 0
51 0
52 0
53 0
54 22
55 0
56 0
57 33
58 33
59 33
60 0
61 64
62 0
63 33
64 64
66 33
67 0
68 0
69 22
70 0
71 0
72 64
73 0
74 0
75 33
76 0
77 33
78 0
79 0
80 0
81 0
82 0
83 64
84 22
85 33
86 0
87 64
88 64
66
0 43
1 21
2 21
3 63
4 43
5 21
6 43
7 33
8 45
9 63
10 33
11 33
12 21
13 21
14 43
15 63
16 43
17 63
18 43
19 33
20 33
21 21
22 33
23 43
24 45
25 21
26 43
27 43
28 45
29 43
30 45
31 43
32 33
33 33
34 45
35 33
36 33
37 21
38 45
39 43
40 21
41 43
42 21
43 43
44 43
45 45
46 21
47 33
48 21
49 43
50 21
51 33
52 33
53 43
54 21
55 63
56 43
57 21
58 33
59 21
60 21
61 43
62 21
63 63
64 33
65 33
67 33
68 33
69 33
70 33
71 33
72 43
73 21
74 21
75 33
76 43
77 33
78 45
79 43
80 33
81 33
82 45
83 43
84 45
85 33
86 21
87 43
88 21
67
0 70
1 70
2 70
3 34
4 70
5 70
6 11
7 70
8 34
9 11
10 70
11 11
12 70
13 70
14 70
15 34
16 70
17 70
18 70
19 34
20 11
21 34
22 34
23 70
24 70
25 70
26 34
27 70
28 11
29 70
30 70
31 11
32 70
33 70
34 34
35 11
36 34
37 11
38 34
39 11
40 34
41 70
42 70
43 70
44 70
45 34
46 34
47 70
48 34
49 70
50 34
51 11
52 70
53 70
54 11
55 34
56 70
57 34
58 34
59 34
60 34
61 70
62 34
63 70
64 70
65 34
66 34
68 70
69 34
70 70
71 11
72 70
73 70
74 70
75 34
76 70
77 34
78 34
79 70
80 34
81 34
82 70
83 70
84 34
85 11
86 70
87 70
88 34
68
0 20
1 20
2 10
3 10
4 10
5 20
6 10
7 20
8 20
9 71
10 10
11 71
12 10
13 71
14 20
15 10
16 10
17 10
18 10
19 71
20 20
21 20
22 20
23 10
24 20
25 71
26 71
27 20
28 10
29 20
30 20
31 71
32 10
33 20
34 10
35 71
36 10
37 10
38 20
39 10
40 20
41 20
42 10
43 20
44 10
45 20
46 10
47 10
48 10
49 10
50 20
51 71
52 10
53 10
54 10
55 20
56 10
57 71
58 10
59 20
60 20
61 10
62 20
63 20
64 20
65 20
66 20
67 10
69 10
70 10
71 71
72 10
73 20
74 10
75 71
76 71
77 10
78 20
79 20
80 71
81 71
82 20
83 71
84 10
85 71
86 10
87 20
88 10
69
0 22
1 22
2 22
3 34
4 37
5 37
6 37
7 22
8 34
9 37
10 37
11 34
12 37
13 37
14 22
15 34
16 22
17 37
18 22
19 34
20 37
21 34
22 22
23 37
24 37
25 22
26 37
27 22
28 37
29 22
30 37
31 37
32 34
33 22
34 34
35 37
36 34
37 37
38 34
39 22
40 22
41 22
42 34
43 22
44 22
45 34
46 34
47 22
48 34
49 22
50 22
51 37
52 37
53 22
54 37
55 34
56 22
57 34
58 34
59 34
60 34
61 37
62 34
63 22
64 22
65 22
66 22
67 34
68 37
70 34
71 37
72 34
73 37
74 34
75 34
76 22
77 22
78 34
79 22
80 37
81 37
82 37
83 37
84 34
85 37
86 34
87 22
88 34
70
0 16
1 56
2 86
3 10
4 10
5 56
6 10
7 23
8 67
9 16
10 10
11 67
12 86
13 23
14 52
15 47
16 16
17 47
18 56
19 86
20 10
21 56
22 56
23 23
24 52
25 16
26 56
27 56
28 52
29 16
30 23
31 16
32 32
33 47
34 67
35 23
36 10
37 10
38 47
39 56
40 16
41 23
42 52
43 56
44 56
45 16
46 10
47 47
48 23
49 86
50 16
51 10
52 52
53 56
54 10
55 56
56 56
57 23
58 86
59 47
60 23
61 23
62 47
63 47
64 23
65 16
66 47
67 67
68 10
69 67
71 10
72 23
73 23
74 52
75 10
76 56
77 47
78 23
79 16
80 10
81 10
82 23
83 23
84 67
85 23
86 86
87 23
88 23
71
0 20
1 20
2 10
3 10
4 10
5 20
6 51
7 20
8 20
9 51
10 10
11 51
12 51
13 80
14 20
15 76
16 10
17 10
18 76
19 75
20 20
21 20
22 20
23 10
24 20
25 76
26 76
27 20
28 51
29 20
30 20
31 51
32 10
33 75
34 75
35 51
36 10
37 51
38 20
39 51
40 20
41 20
42 10
43 20
44 76
45 75
46 10
47 10
48 75
49 51
50 20
51 51
52 10
53 76
54 51
55 76
56 76
57 75
58 75
59 20
60 20
61 10
62 20
63 76
64 20
65 20
66 75
67 10
68 68
69 51
70 10
72 80
73 20
74 10
75 75
76 76
77 75
78 20
79 20
80 80
81 75
82 20
83 80
84 75
85 51
86 10
87 20
88 75
72
0 41
1 41
2 57
3 36
4 36
5 23
6 36
7 23
8 36
9 83
10 23
11 23
12 83
13 83
14 23
15 23
16 23
17 23
18 23
19 57
20 23
21 57
22 23
23 23
24 23
25 23
26 83
27 23
28 23
29 41
30 23
31 83
32 23
33 36
34 36
35 23
36 36
37 23
38 36
39 23
40 23
41 41
42 41
43 41
44 23
45 36
46 23
47 23
48 88
49 41
50 36
51 23
52 23
53 23
54 23
55 23
56 23
57 57
58 57
59 57
60 23
61 23
62 36
63 41
64 23
65 23
66 41
67 23
68 23
69 23
70 23
71 83
73 23
74 41
75 57
76 23
77 36
78 23
79 41
80 83
81 41
82 23
83 83
84 36
85 23
86 23
87 23
88 88
73
0 20
1 27
2 5
3 5
4 37
5 5
6 27
7 20
8 5
9 52
10 20
11 37
12 37
13 23
14 52
15 52
16 20
17 52
18 5
19 37
20 20
21 5
22 27
23 23
24 52
25 5
26 37
27 27
28 37
29 20
30 20
31 23
32 23
33 20
34 37
35 23
36 23
37 37
38 20
39 27
40 5
41 23
42 52
43 5
44 5
45 20
46 5
47 52
48 23
49 27
50 20
51 37
52 52
53 5
54 37
55 20
56 5
57 23
58 5
59 20
60 5
61 23
62 5
63 52
64 23
65 20
66 5
67 23
68 20
69 37
70 23
71 20
72 23
74 52
75 20
76 5
77 20
78 20
79 20
80 37
81 37
82 20
83 23
84 37
85 23
86 23
87 23
88 23
74
0 52
1 49
2 60
3 49
4 52
5 60
6 49
7 49
8 60
9 49
10 52
11 49
12 13
13 13
14 52
15 49
16 49
17 52
18 49
19 49
20 52
21 60
22 49
23 13
24 52
25 49
26 13
27 49
28 49
29 49
30 49
31 49
32 52
33 52
34 60
35 13
36 60
37 52
38 60
39 49
40 60
41 49
42 42
43 49
44 49
45 49
46 49
47 52
48 13
49 49
50 52
51 49
52 52
53 52
54 52
55 49
56 52
57 60
58 49
59 52
60 60
61 13
62 60
63 52
64 52
65 52
66 49
67 52
68 52
69 52
70 52
71 13
72 13
73 52
75 49
76 52
77 49
78 49
79 49
80 13
81 49
82 49
83 13
84 60
85 13
86 49
87 60
88 13
75
0 45
1 81
2 19
3 19
4 19
5 19
6 71
7 33
8 45
9 81
10 71
11 71
12 19
13 19
14 45
15 19
16 19
17 33
18 19
19 19
20 71
21 33
22 33
23 19
24 45
25 71
26 19
27 45
28 81
29 81
30 45
31 71
32 19
33 33
34 19
35 71
36 33
37 19
38 19
39 81
40 19
41 19
42 19
43 33
44 19
45 45
46 19
47 33
48 19
49 19
50 45
51 71
52 33
53 71
54 19
55 19
56 71
57 19
58 19
59 19
60 45
61 19
62 19
63 33
64 33
65 33
66 33
67 19
68 71
69 19
70 19
71 71
72 19
73 71
74 19
76 71
77 33
78 45
79 81
80 19
81 81
82 45
83 19
84 19
85 33
86 19
87 45
88 19
76
0 25
1 56
2 25
3 55
4 56
5 56
6 56
7 71
8 25
9 25
10 71
11 71
12 25
13 26
14 25
15 55
16 25
17 55
18 56
19 26
20 71
21 56
22 56
23 56
24 56
25 25
26 26
27 56
28 26
29 25
30 55
31 25
32 56
33 71
34 26
35 56
36 56
37 26
38 25
39 56
40 25
41 56
42 56
43 56
44 56
45 71
46 55
47 56
48 56
49 25
50 25
51 71
52 56
53 56
54 26
55 55
56 56
57 26
58 55
59 55
60 56
61 56
62 55
63 55
64 25
65 25
66 55
67 56
68 71
69 26
70 56
71 71
72 56
73 56
74 56
75 71
77 56
78 55
79 25
80 26
81 71
82 55
83 26
84 26
85 56
86 25
87 56
88 56
77
0 45
1 45
2 33
3 36
4 36
5 33
6 36
7 33
8 36
9 33
10 36
11 85
12 36
13 36
14 45
15 33
16 45
17 33
18 45
19 33
20 33
21 33
22 33
23 36
24 45
25 45
26 33
27 45
28 45
29 45
30 45
31 36
32 33
33 33
34 36
35 85
36 36
37 36
38 36
39 36
40 33
41 36
42 33
43 33
44 36
45 45
46 45
47 33
48 36
49 45
50 45
51 85
52 33
53 36
54 36
55 33
56 36
57 36
58 33
59 33
60 36
61 36
62 36
63 33
64 33
65 33
66 33
67 33
68 33
69 33
70 33
71 33
72 36
73 33
74 33
75 33
76 33
78 45
79 45
80 33
81 33
82 45
83 36
84 36
85 85
86 33
87 45
88 36
78
0 45
1 49
2 49
3 46
4 46
5 87
6 46
7 7
8 45
9 49
10 7
11 49
12 49
13 49
14 45
15 46
16 45
17 7
18 45
19 45
20 7
21 45
22 7
23 87
24 45
25 7
26 30
27 45
28 45
29 49
30 30
31 49
32 49
33 7
34 45
35 87
36 45
37 7
38 7
39 45
40 7
41 49
42 49
43 45
44 87
45 45
46 46
47 7
48 49
49 49
50 45
51 49
52 45
53 87
54 7
55 30
56 87
57 45
58 46
59 46
60 87
61 87
62 46
63 30
64 7
65 7
66 45
67 45
68 7
69 45
70 49
71 7
72 49
73 7
74 49
75 45
76 30
77 45
79 49
80 7
81 45
82 30
83 49
84 45
85 45
86 49
87 87
88 49
79
0 29
1 29
2 29
3 29
4 29
5 29
6 29
7 29
8 29
9 29
10 29
11 29
12 29
13 29
14 29
15 29
16 29
17 29
18 29
19 29
20 29
21 29
22 29
23 29
24 29
25 29
26 29
27 29
28 29
29 29
30 29
31 29
32 29
33 29
34 29
35 29
36 29
37 29
38 29
39 29
40 29
41 29
42 29
43 29
44 29
45 29
46 29
47 29
48 29
49 29
50 29
51 29
52 29
53 29
54 29
55 29
56 29
57 29
58 29
59 29
60 29
61 29
62 29
63 29
64 29
65 29
66 29
67 29
68 29
69 29
70 29
71 29
72 29
73 29
74 29
75 29
76 29
77 29
78 29
80 29
81 29
82 29
83 29
84 29
85 29
86 29
87 29
88 29
80
0 71
1 37
2 19
3 19
4 37
5 37
6 37
7 71
8 19
9 83
10 71
11 37
12 37
13 83
14 37
15 19
16 19
17 19
18 19
19 19
20 71
21 19
22 37
23 83
24 37
25 26
26 26
27 37
28 37
29 19
30 71
31 83
32 19
33 19
34 19
35 37
36 37
37 37
38 19
39 37
40 19
41 83
42 83
43 26
44 19
45 19
46 19
47 19
48 19
49 19
50 19
51 37
52 37
53 26
54 37
55 19
56 26
57 19
58 19
59 19
60 19
61 83
62 19
63 19
64 83
65 19
66 19
67 19
68 71
69 37
70 19
71 71
72 83
73 37
74 83
75 19
76 26
77 19
78 19
79 19
81 19
82 71
83 83
84 19
85 37
86 19
87 83
88 19
81
0 29
1 28
2 28
3 75
4 28
5 28
6 28
7 75
8 75
9 9
10 75
11 9
12 28
13 9
14 9
15 9
16 9
17 9
18 28
19 75
20 29
21 28
22 28
23 9
24 28
25 9
26 28
27 28
28 28
29 29
30 29
31 9
32 9
33 75
34 75
35 9
36 28
37 28
38 29
39 28
40 28
41 29
42 29
43 29
44 28
45 75
46 29
47 9
48 75
49 29
50 29
51 9
52 9
53 28
54 28
55 9
56 28
57 75
58 75
59 75
60 28
61 9
62 29
63 9
64 28
65 29
66 75
67 75
68 75
69 28
70 9
71 75
72 9
73 28
74 29
75 75
76 75
77 75
78 29
79 29
80 28
82 29
83 9
84 75
85 75
86 29
87 29
88 75
82
0 30
1 30
2 30
3 30
4 30
5 30
6 30
7 30
8 30
9 30
10 30
11 30
12 30
13 30
14 30
15 30
16 30
17 30
18 30
19 30
20 30
21 30
22 30
23 30
24 30
25 30
26 30
27 30
28 30
29 30
30 30
31 30
32 30
33 30
34 30
35 30
36 30
37 30
38 30
39 30
40 30
41 30
42 30
43 30
44 30
45 30
46 30
47 30
48 30
49 30
50 30
51 30
52 30
53 30
54 30
55 30
56 30
57 30
58 30
59 30
60 30
61 30
62 30
63 30
64 30
65 30
66 30
67 30
68 30
69 30
70 30
71 30
72 30
73 30
74 30
75 30
76 30
77 30
78 30
79 30
80 30
81 30
83 30
84 30
85 30
86 30
87 30
88 30
83
0 31
1 31
2 12
3 80
4 12
5 23
6 31
7 23
8 72
9 31
10 23
11 31
12 12
13 13
14 13
15 23
16 31
17 31
18 12
19 80
20 23
21 12
22 12
23 23
24 23
25 31
26 80
27 23
28 12
29 31
30 23
31 31
32 23
33 23
34 80
35 23
36 72
37 12
38 23
39 12
40 23
41 72
42 13
43 23
44 23
45 23
46 23
47 23
48 72
49 31
50 31
51 31
52 13
53 23
54 12
55 23
56 23
57 72
58 80
59 80
60 13
61 23
62 72
63 31
64 23
65 23
66 23
67 23
68 80
69 12
70 23
71 80
72 72
73 23
74 13
75 80
76 23
77 72
78 23
79 31
80 80
81 31
82 23
84 80
85 23
86 12
87 23
88 72
84
0 34
1 34
2 34
3 34
4 34
5 34
6 34
7 34
8 34
9 34
10 34
11 34
12 34
13 34
14 34
15 34
16 34
17 34
18 34
19 34
20 34
21 34
22 34
23 34
24 34
25 34
26 34
27 34
28 34
29 34
30 34
31 34
32 34
33 34
34 34
35 34
36 34
37 34
38 34
39 34
40 34
41 34
42 34
43 34
44 34
45 34
46 34
47 34
48 34
49 34
50 34
51 34
52 34
53 34
54 34
55 34
56 34
57 34
58 34
59 34
60 34
61 34
62 34
63 34
64 34
65 34
66 34
67 34
68 34
69 34
70 34
71 34
72 34
73 34
74 34
75 34
76 34
77 34
78 34
79 34
80 34
81 34
82 34
83 34
85 34
86 34
87 34
88 34
85
0 77
1 35
2 35
3 77
4 77
5 35
6 35
7 77
8 77
9 35
10 35
11 35
12 35
13 35
14 77
15 77
16 35
17 77
18 35
19 77
20 35
21 77
22 77
23 35
24 77
25 35
26 35
27 35
28 35
29 77
30 35
31 35
32 35
33 77
34 77
35 35
36 77
37 35
38 77
39 35
40 35
41 35
42 35
43 35
44 35
45 77
46 77
47 77
48 35
49 35
50 77
51 35
52 35
53 35
54 35
55 35
56 35
57 35
58 77
59 77
60 35
61 35
62 77
63 77
64 35
65 77
66 77
67 35
68 35
69 35
70 35
71 35
72 35
73 35
74 35
75 77
76 35
77 77
78 77
79 77
80 35
81 77
82 35
83 35
84 77
86 35
87 35
88 35
86
0 16
1 2
2 2
3 19
4 12
5 2
6 12
7 49
8 2
9 16
10 70
11 70
12 12
13 12
14 16
15 19
16 16
17 70
18 18
19 19
20 16
21 2
22 2
23 70
24 18
25 16
26 19
27 2
28 2
29 49
30 49
31 16
32 70
33 19
34 19
35 70
36 2
37 12
38 19
39 2
40 16
41 49
42 49
43 16
44 18
45 16
46 19
47 70
48 2
49 49
50 16
51 12
52 70
53 18
54 12
55 19
56 18
57 2
58 19
59 19
60 2
61 70
62 2
63 2
64 18
65 16
66 2
67 70
68 70
69 12
70 70
71 19
72 2
73 12
74 49
75 19
76 16
77 16
78 49
79 49
80 19
81 19
82 49
83 12
84 19
85 70
87 2
88 2
87
0 30
1 56
2 60
3 30
4 56
5 56
6 56
7 78
8 60
9 23
10 23
11 23
12 23
13 23
14 23
15 78
16 23
17 23
18 56
19 23
20 30
21 56
22 56
23 23
24 23
25 56
26 56
27 56
28 23
29 78
30 30
31 23
32 23
33 78
34 60
35 23
36 23
37 23
38 30
39 56
40 23
41 23
42 60
43 56
44 56
45 78
46 78
47 23
48 23
49 78
50 30
51 23
52 23
53 56
54 23
55 30
56 56
57 23
58 30
59 23
60 60
61 23
62 60
63 30
64 23
65 23
66 56
67 23
68 30
69 23
70 23
71 30
72 23
73 23
74 60
75 78
76 56
77 78
78 78
79 78
80 23
81 78
82 30
83 23
84 60
85 23
86 23
88 23
88
0 72
1 57
2 57
3 57
4 72
5 57
6 72
7 72
8 72
9 72
10 72
11 57
12 72
13 72
14 72
15 57
16 57
17 57
18 57
19 57
20 72
21 57
22 57
23 72
24 72
25 57
26 57
27 57
28 57
29 72
30 72
31 72
32 72
33 57
34 57
35 72
36 72
37 57
38 57
39 57
40 57
41 72
42 57
43 72
44 72
45 57
46 57
47 57
48 48
49 72
50 57
51 72
52 72
53 72
54 57
55 57
56 72
57 57
58 57
59 57
60 57
61 72
62 57
63 57
64 72
65 72
66 57
67 57
68 57
69 57
70 72
71 57
72 72
73 72
74 57
75 57
76 72
77 72
78 72
79 72
80 57
81 57
82 72
83 72
84 57
85 72
86 57
87 72
214
0
49 42
1
45 55
2
28 65
3
62 67
4
65 56
5
48 44
6
78 79
7
9 26
8
84 6
9
82 16
10
75 2
11
12 24
12
48 1
13
61 75
14
85 57
15
73 78
16
27 65
17
26 42
18
32 66
19
41 31
20
21 72
21
39 9
22
15 33
23
72 6
24
29 39
25
16 71
26
75 45
27
52 60
28
81 7
29
42 28
30
84 50
32
65 66
33
80 67
35
88 84
38
23 20
39
21 68
40
14 67
41
19 31
42
26 5
44
68 38
45
54 62
46
81 63
47
2 78
48
35 41
49
28 61
51
73 60
52
18 10
53
45 81
54
10 61
55
44 87
57
20 64
58
79 62
59
68 58
61
81 37
62
49 87
63
54 56
64
15 83
65
63 54
67
45 40
68
45 82
70
51 56
72
1 6
73
26 44
74
64 23
75
14 50
76
4 10
78
83 81
80
16 67
81
69 27
89
1 26
90
38 70
92
56 30
93
67 51
94
62 13
96
53 2
97
31 74
98
50 5
99
55 62
101
17 63
104
38 79
105
8 13
106
88 19
109
19 64
111
45 41
113
71 31
114
86 63
115
43 40
116
17 11
119
47 50
125
72 12
126
64 8
134
69 22
135
86 31
137
34 56
138
55 44
142
78 33
144
28 55
148
0 74
153
59 15
155
82 32
156
58 29
161
59 64
167
47 59
174
62 46
175
12 83
176
51 5
180
27 83
182
38 2
185
12 32
189
44 40
192
47 51
194
24 77
195
12 2
196
58 44
197
86 3
208
51 86
209
45 25
214
58 16
218
78 0
220
77 59
223
55 51
226
8 88
232
19 49
233
65 22
235
30 60
240
16 25
251
47 87
253
14 66
258
43 18
260
12 88
268
31 25
270
12 14
276
73 1
279
30 59
280
18 77
292
38 83
295
78 10
298
87 2
301
1 29
306
47 71
313
17 43
317
65 58
323
0 52
335
1 28
349
58 59
356
30 5
358
74 53
375
59 19
382
64 33
389
70 60
395
23 56
403
24 87
405
78 75
424
56 52
432
15 31
443
73 14
454
2 18
464
45 21
475
6 11
495
20 75
518
39 28
521
6 28
532
48 88
537
76 10
539
12 86
544
1 81
556
38 59
570
18 7
572
34 73
578
22 65
586
12 22
604
41 29
618
52 17
621
40 16
623
9 40
627
45 85
638
68 76
652
19 62
661
6 51
662
56 66
697
4 85
724
13 23
726
66 72
761
71 70
798
77 51
840
19 34
859
24 47
936
21 45
939
59 21
978
17 0
1039
40 64
1050
22 77
1056
63 76
1087
83 13
1133
40 25
1169
52 24
1182
59 3
1188
55 76
1289
87 78
1336
69 35
1345
44 18
1397
39 22
1438
71 68
1458
10 16
1473
62 21
1476
43 72
1482
80 10
1502
46 87
1525
63 30
1567
2 1
1589
47 70
1721
27 73
1765
24 17
1779
80 68
2686
