89 199 1780 2
0 0 14 45
1 0 16 45
2 0 20 45
3 0 24 45
4 0 27 45
5 0 29 45
6 0 43 45
7 0 45 45
8 0 50 45
9 0 52 45
10 0 65 45
11 1 2 45
12 1 27 45
13 1 28 45
14 1 49 45
15 2 21 45
16 2 57 45
17 2 60 45
18 2 86 45
19 3 4 45
20 3 19 45
21 3 40 45
22 3 46 45
23 3 55 45
24 3 58 45
25 3 59 45
26 4 6 45
27 4 10 45
28 4 36 45
29 4 37 45
30 4 56 45
31 5 21 45
32 5 40 45
33 5 56 45
34 5 60 45
35 5 73 45
36 6 39 45
37 6 51 45
38 7 20 45
39 7 33 45
40 7 64 45
41 7 78 45
42 8 34 45
43 8 36 45
44 8 38 45
45 8 45 45
46 8 60 45
47 8 62 45
48 9 17 45
49 9 31 45
50 9 81 45
51 10 68 45
52 10 70 45
53 10 71 45
54 11 51 45
55 11 67 45
56 12 37 45
57 12 83 45
58 12 86 45
59 13 74 45
60 13 83 45
61 14 17 45
62 14 52 45
63 15 46 45
64 15 63 45
65 16 25 45
66 16 31 45
67 16 70 45
68 16 86 45
69 17 47 45
70 17 52 45
71 17 63 45
72 18 24 45
73 18 44 45
74 18 56 45
75 18 86 45
76 19 34 45
77 19 57 45
78 19 58 45
79 19 59 45
80 19 75 45
81 19 80 45
82 19 86 45
83 20 30 45
84 20 38 45
85 20 68 45
86 20 71 45
87 20 73 45
88 21 62 45
89 21 66 45
90 22 27 45
91 22 65 45
92 22 69 45
93 23 35 45
94 23 56 45
95 23 61 45
96 23 64 45
97 23 70 45
98 23 72 45
99 23 73 45
100 23 83 45
101 23 87 45
102 24 28 45
103 24 45 45
104 24 52 45
105 24 64 45
106 25 40 45
107 25 76 45
108 26 76 45
109 26 80 45
110 27 39 45
111 27 56 45
112 27 73 45
113 28 37 45
114 28 39 45
115 28 81 45
116 29 49 45
117 29 79 45
118 29 81 45
119 30 55 45
120 30 78 45
121 30 82 45
122 30 87 45
123 31 49 45
124 31 51 45
125 31 83 45
126 32 70 45
127 33 47 45
128 33 65 45
129 33 66 45
130 33 75 45
131 33 77 45
132 34 67 45
133 34 69 45
134 34 84 45
135 35 51 45
136 35 85 45
137 36 72 45
138 36 77 45
139 37 51 45
140 37 54 45
141 37 69 45
142 37 73 45
143 37 80 45
144 38 40 45
145 38 59 45
146 40 44 45
147 40 64 45
148 41 43 45
149 41 49 45
150 41 72 45
151 42 74 45
152 43 56 45
153 43 66 45
154 44 56 45
155 45 66 45
156 45 75 45
157 45 77 45
158 45 78 45
159 46 62 45
160 46 78 45
161 47 52 45
162 47 59 45
163 47 64 45
164 47 70 45
165 48 88 45
166 49 74 45
167 49 78 45
168 49 86 45
169 50 62 45
170 51 71 45
171 52 70 45
172 52 73 45
173 52 74 45
174 53 56 45
175 55 63 45
176 55 76 45
177 56 70 45
178 56 76 45
179 56 87 45
180 57 72 45
181 57 88 45
182 59 62 45
183 60 74 45
184 60 87 45
185 63 66 45
186 64 65 45
187 67 70 45
188 68 71 45
189 70 86 45
190 71 75 45
191 71 76 45
192 71 80 45
193 72 83 45
194 72 88 45
195 75 81 45
196 77 85 45
197 78 87 45
198 80 83 45
0 49 42 15
1 45 55 11
2 28 65 14
3 62 67 14
4 65 56 15
5 48 44 13
6 78 79 11
7 9 26 13
8 84 6 13
9 82 16 11
10 75 2 10
11 12 24 14
12 48 1 12
13 61 75 12
14 85 57 10
15 73 78 10
16 27 65 10
17 26 42 10
18 32 66 14
19 41 31 14
20 21 72 12
21 39 9 14
22 15 33 13
23 72 6 12
24 29 39 13
25 16 71 11
26 75 45 10
27 52 60 11
28 81 7 14
29 42 28 11
30 84 50 13
31 1 71 12
32 65 66 13
33 80 67 15
34 52 42 13
35 88 84 11
36 75 21 12
37 84 68 15
38 23 20 14
39 21 68 10
40 14 67 11
41 19 31 12
42 26 5 13
43 65 43 13
44 68 38 15
45 54 62 13
46 81 63 14
47 2 78 13
48 35 41 14
49 28 61 12
50 35 73 12
51 73 60 12
52 18 10 11
53 45 81 11
54 10 61 12
55 44 87 15
56 42 76 15
57 20 64 15
58 79 62 12
59 68 58 12
60 11 87 10
61 81 37 14
62 49 87 11
63 54 56 12
64 15 83 10
65 63 54 12
66 34 78 13
67 45 40 10
68 45 82 13
69 39 14 14
70 51 56 14
71 76 54 11
72 1 6 14
73 26 44 15
74 64 23 10
75 14 50 11
76 4 10 15
77 41 73 13
78 83 81 11
79 22 35 11
80 16 67 12
81 69 27 12
82 84 76 11
83 61 48 13
84 70 6 14
85 80 66 12
86 55 83 15
87 6 10 15
88 64 4 12
89 1 26 11
90 38 70 10
91 9 42 11
92 56 30 12
93 67 51 13
94 62 13 12
95 41 33 12
96 53 2 12
97 31 74 11
98 50 5 14
99 55 62 12
100 51 81 15
101 17 63 11
102 6 80 12
103 26 50 15
104 38 79 14
105 8 13 14
106 88 19 15
107 67 44 13
108 56 80 15
109 19 64 12
110 5 21 10
111 45 41 15
112 83 84 11
113 71 31 10
114 86 63 13
115 43 40 14
116 17 11 11
117 49 23 13
118 33 27 14
119 47 50 13
120 82 65 12
121 36 50 10
122 57 71 14
123 2 61 12
124 10 85 14
125 72 12 14
126 64 8 13
127 61 47 12
128 8 19 14
129 86 88 12
130 38 12 12
131 77 21 12
132 26 86 10
133 54 35 14
134 69 22 14
135 86 31 14
136 82 43 15
137 34 56 13
138 55 44 13
139 40 74 10
140 61 2 12
141 41 38 15
142 78 33 15
143 26 81 12
144 28 55 14
145 60 84 13
146 13 43 13
147 72 22 11
148 0 74 12
149 78 6 13
150 51 88 11
151 38 14 12
152 26 46 14
153 59 15 10
154 14 15 12
155 82 32 13
156 58 29 12
157 30 84 10
158 84 33 15
159 68 61 11
160 22 45 12
161 59 64 12
162 51 32 10
163 28 43 12
164 82 81 13
165 39 12 13
166 68 42 15
167 47 59 11
168 79 85 12
169 19 30 11
170 68 46 12
171 44 70 10
172 86 74 12
173 62 76 12
174 62 46 14
175 12 83 13
176 51 5 11
177 67 33 15
178 81 15 11
179 52 21 11
180 27 83 15
181 38 56 10
182 38 2 13
183 13 32 13
184 75 56 15
185 12 32 15
186 63 85 14
187 62 88 11
188 37 15 14
189 44 40 14
190 43 5 14
191 27 63 12
192 47 51 10
193 15 59 10
194 24 77 13
195 12 2 10
196 58 44 14
197 86 3 15
198 5 13 13
199 4 49 13
200 73 82 12
201 73 4 13
202 69 55 15
203 76 22 14
204 40 87 10
205 50 19 10
206 46 74 11
207 85 70 14
208 51 86 11
209 45 25 13
210 62 30 12
211 86 45 15
212 67 76 13
213 5 62 10
214 58 16 11
215 68 27 12
216 10 27 11
217 44 13 11
218 78 0 10
219 34 24 10
220 77 59 12
221 21 63 15
222 39 78 11
223 55 51 15
224 28 40 13
225 72 52 13
226 8 88 12
227 66 2 11
228 85 1 15
229 6 58 15
230 29 46 15
231 55 46 14
232 19 49 10
233 65 22 12
234 23 85 13
235 30 60 14
236 33 8 11
237 64 66 13
238 54 74 10
239 11 16 15
240 16 25 11
241 9 33 15
242 84 21 12
243 20 48 10
244 13 74 13
245 82 69 14
246 18 42 14
247 39 50 12
248 57 33 15
249 80 34 13
250 47 27 11
251 47 87 12
252 35 36 10
253 14 66 10
254 88 68 15
255 43 10 11
256 48 57 11
257 65 2 15
258 43 18 10
259 26 70 15
260 12 88 14
261 27 56 15
262 54 65 12
263 12 68 12
264 63 10 12
265 48 85 11
266 21 3 10
267 33 84 14
268 31 25 11
269 41 34 10
270 12 14 11
271 56 21 14
272 26 49 10
273 25 0 14
274 61 50 12
275 59 61 10
276 73 1 13
277 84 85 13
278 55 13 14
279 30 59 13
280 18 77 12
281 0 61 13
282 83 61 15
283 8 81 13
284 23 12 13
285 18 5 12
286 69 67 14
287 50 71 10
288 84 38 10
289 64 49 14
290 28 5 11
291 85 20 13
292 38 83 12
293 78 54 13
294 38 13 14
295 78 10 13
296 4 41 15
297 87 29 14
298 87 2 13
299 32 72 10
300 72 62 15
301 1 29 12
302 16 43 15
303 14 76 13
304 87 6 10
305 70 8 15
306 47 71 14
307 50 69 11
308 74 50 13
309 1 59 12
310 22 15 12
311 31 8 14
312 31 81 13
313 17 43 11
314 51 0 11
315 22 14 13
316 73 3 14
317 65 58 12
318 35 65 10
319 29 25 12
320 69 29 14
321 38 24 15
322 79 81 10
323 0 52 12
324 57 30 12
325 39 43 12
326 48 73 11
327 88 44 10
328 3 20 15
329 10 38 10
330 11 19 14
331 31 24 10
332 73 42 12
333 65 81 14
334 61 72 14
335 1 28 12
336 77 58 10
337 62 3 11
338 4 44 13
339 64 57 10
340 73 38 10
341 16 32 15
342 48 0 12
343 11 50 12
344 81 80 14
345 75 41 11
346 30 57 13
347 71 33 10
348 71 58 13
349 58 59 15
350 55 7 10
351 49 35 11
352 39 41 15
353 75 58 15
354 81 85 11
355 10 81 13
356 30 5 11
357 28 22 12
358 74 53 15
359 57 42 13
360 33 43 10
361 0 38 14
362 35 68 10
363 75 38 15
364 56 27 10
365 69 11 12
366 49 2 12
367 37 20 13
368 76 74 12
369 74 38 13
370 52 15 10
371 13 6 13
372 50 39 13
373 46 37 15
374 44 53 12
375 59 19 14
376 72 58 11
377 21 49 15
378 73 26 12
379 64 43 12
380 87 3 11
381 74 1 14
382 64 33 15
383 48 67 12
384 53 1 13
385 48 75 15
386 76 23 15
387 52 8 11
388 66 16 13
389 70 60 10
390 79 56 13
391 58 56 14
392 5 83 11
393 18 48 11
394 63 59 14
395 23 56 10
396 85 10 10
397 45 15 11
398 70 76 13
399 22 23 15
400 4 52 14
401 83 21 12
402 25 20 11
403 24 87 11
404 6 18 11
405 78 75 11
406 32 35 13
407 2 51 15
408 3 48 14
409 33 29 15
410 0 51 14
411 44 83 11
412 24 43 13
413 68 50 12
414 17 76 12
415 11 17 14
416 43 31 13
417 6 4 13
418 33 32 14
419 71 43 12
420 13 14 14
421 1 32 11
422 46 44 12
423 18 67 10
424 56 52 12
425 16 46 12
426 3 61 14
427 54 70 14
428 81 57 14
429 50 3 15
430 23 5 11
431 75 16 11
432 15 31 10
433 61 4 10
434 79 41 14
435 51 53 11
436 75 73 15
437 16 69 13
438 72 67 13
439 20 66 13
440 25 9 12
441 20 39 14
442 46 52 11
443 73 14 13
444 85 73 13
445 39 38 10
446 54 1 11
447 24 23 14
448 71 64 10
449 60 0 10
450 41 10 15
451 5 22 14
452 62 39 12
453 87 10 11
454 2 18 15
455 20 83 10
456 10 62 12
457 38 46 12
458 8 50 12
459 67 63 14
460 17 84 15
461 8 7 12
462 16 59 12
463 83 2 10
464 45 21 13
465 87 73 13
466 21 6 11
467 50 7 13
468 68 43 12
469 69 24 11
470 1 73 12
471 64 63 11
472 30 88 14
473 27 50 14
474 82 1 13
475 6 11 12
476 42 57 14
477 19 29 11
478 51 62 10
479 34 84 14
480 43 64 15
481 12 79 15
482 58 0 10
483 46 5 15
484 13 72 13
485 63 77 13
486 85 16 10
487 79 16 12
488 9 73 11
489 5 15 14
490 19 70 15
491 45 16 11
492 29 19 14
493 57 0 12
494 25 61 14
495 20 75 10
496 43 68 15
497 47 41 10
498 9 54 11
499 77 82 13
500 10 36 14
501 21 2 13
502 42 58 12
503 14 39 11
504 38 71 13
505 30 74 13
506 20 49 11
507 44 76 10
508 66 69 11
509 88 8 11
510 82 55 15
511 21 33 12
512 24 81 12
513 25 80 12
514 59 66 13
515 21 77 13
516 46 60 10
517 43 51 15
518 39 28 14
519 86 82 10
520 20 78 14
521 6 28 12
522 68 82 10
523 82 37 11
524 37 60 14
525 53 6 15
526 3 6 14
527 36 1 14
528 8 53 15
529 45 61 11
530 61 53 11
531 36 21 13
532 48 88 15
533 17 16 12
534 33 76 11
535 4 28 13
536 76 29 10
537 76 10 15
538 34 80 10
539 12 86 12
540 18 59 11
541 58 23 11
542 8 33 13
543 42 53 14
544 1 81 10
545 66 34 11
546 78 28 11
547 42 78 14
548 34 57 12
549 20 73 14
550 81 31 15
551 41 78 13
552 87 53 15
553 61 10 12
554 31 76 10
555 21 55 11
556 38 59 15
557 30 51 12
558 1 5 15
559 25 18 14
560 72 2 14
561 4 81 10
562 55 38 13
563 82 39 12
564 18 57 14
565 62 31 15
566 41 40 12
567 36 22 15
568 31 15 13
569 79 63 14
570 18 7 15
571 55 56 12
572 34 73 11
573 79 25 12
574 29 87 14
575 51 75 10
576 35 40 11
577 85 75 11
578 22 65 13
579 71 88 11
580 25 31 14
581 12 28 11
582 29 35 12
583 31 80 15
584 26 6 11
585 29 54 12
586 12 22 11
587 32 2 15
588 72 68 12
589 24 58 11
590 7 30 11
591 44 5 12
592 9 51 10
593 16 31 11
594 41 12 10
595 62 11 12
596 68 63 10
597 75 34 15
598 6 34 11
599 19 82 15
600 86 38 12
601 9 10 14
602 79 20 12
603 47 11 11
604 41 29 14
605 4 62 14
606 9 75 10
607 31 44 10
608 44 28 15
609 88 39 14
610 32 8 14
611 60 14 12
612 88 63 12
613 45 63 10
614 50 55 11
615 80 83 11
616 35 52 11
617 2 55 10
618 52 17 10
619 85 68 15
620 46 55 11
621 40 16 10
622 0 58 13
623 9 40 10
624 37 19 10
625 40 77 14
626 84 49 14
627 45 85 15
628 53 76 13
629 58 9 12
630 27 88 13
631 3 64 10
632 75 4 10
633 5 10 12
634 53 12 10
635 27 76 11
636 62 65 14
637 64 71 10
638 68 76 11
639 4 35 13
640 84 14 13
641 31 71 14
642 14 52 14
643 60 68 15
644 45 11 14
645 87 45 13
646 76 5 12
647 80 4 15
648 75 48 12
649 51 71 14
650 61 22 14
651 4 1 13
652 19 62 11
653 0 81 14
654 14 86 15
655 37 57 11
656 80 24 13
657 26 45 13
658 36 2 13
659 66 28 15
660 3 68 11
661 6 51 14
662 56 66 14
663 74 80 14
664 47 13 15
665 32 44 12
666 77 70 11
667 52 59 10
668 33 49 13
669 33 72 10
670 55 48 14
671 65 53 13
672 47 8 14
673 43 62 10
674 10 54 12
675 5 44 15
676 77 46 13
677 26 38 11
678 11 64 10
679 56 26 14
680 18 2 15
681 4 17 12
682 54 42 11
683 61 30 10
684 86 25 10
685 48 63 15
686 71 61 10
687 75 20 13
688 13 47 12
689 70 61 15
690 19 1 10
691 18 33 15
692 7 17 12
693 37 43 12
694 3 84 10
695 43 37 14
696 4 64 15
697 4 85 14
698 75 70 11
699 72 63 13
700 80 58 11
701 66 65 13
702 17 39 13
703 12 50 11
704 1 25 12
705 31 67 11
706 85 7 10
707 3 74 10
708 37 28 12
709 39 79 11
710 2 62 15
711 35 13 13
712 72 82 13
713 40 34 13
714 49 19 14
715 88 24 12
716 12 66 14
717 48 20 11
718 43 19 13
719 41 80 13
720 7 0 11
721 4 16 11
722 36 4 12
723 48 59 13
724 13 23 12
725 10 84 12
726 66 72 15
727 5 33 10
728 66 80 11
729 64 1 12
730 8 52 13
731 55 5 15
732 69 14 11
733 27 74 11
734 70 37 12
735 62 81 14
736 4 74 14
737 48 24 13
738 10 41 11
739 60 50 14
740 41 70 12
741 38 19 10
742 18 20 12
743 88 71 11
744 32 68 14
745 50 24 15
746 9 31 13
747 9 38 12
748 5 28 10
749 14 68 10
750 19 48 15
751 48 80 14
752 15 77 11
753 52 0 13
754 10 3 12
755 58 11 14
756 72 15 10
757 74 78 11
758 40 48 15
759 86 76 11
760 38 62 13
761 71 70 15
762 27 37 10
763 33 10 12
764 11 25 10
765 66 13 10
766 71 81 10
767 39 1 12
768 10 29 11
769 40 81 10
770 56 75 15
771 0 39 12
772 57 4 14
773 46 53 10
774 73 35 10
775 49 58 10
776 37 84 14
777 58 67 11
778 8 2 11
779 13 33 12
780 49 34 12
781 60 16 11
782 58 41 15
783 60 76 12
784 34 3 11
785 27 57 12
786 33 79 15
787 67 57 10
788 77 29 11
789 77 13 15
790 29 50 15
791 78 36 10
792 23 80 13
793 38 9 10
794 28 21 13
795 57 44 11
796 8 82 14
797 62 50 11
798 77 51 15
799 42 37 13
800 12 21 12
801 28 50 10
802 49 36 10
803 7 35 13
804 37 66 13
805 59 76 12
806 71 48 15
807 81 74 14
808 65 32 14
809 8 59 10
810 83 31 13
811 13 3 10
812 0 9 13
813 62 28 15
814 61 40 14
815 39 76 11
816 25 4 13
817 67 13 10
818 9 56 10
819 73 54 10
820 78 3 11
821 11 34 12
822 37 11 12
823 42 75 13
824 57 35 11
825 29 85 15
826 66 38 15
827 43 47 11
828 29 72 10
829 61 87 10
830 27 29 12
831 31 0 10
832 88 74 14
833 23 49 15
834 51 44 11
835 49 14 15
836 78 61 15
837 58 30 10
838 58 27 14
839 38 54 15
840 19 34 14
841 63 19 11
842 71 44 14
843 48 42 15
844 31 79 11
845 61 84 13
846 70 58 15
847 11 33 15
848 10 30 12
849 73 25 10
850 61 77 13
851 56 4 13
852 0 46 12
853 71 82 10
854 61 29 12
855 59 77 11
856 15 49 11
857 43 3 13
858 75 71 14
859 24 47 12
860 50 38 13
861 26 75 14
862 88 76 13
863 1 13 12
864 84 80 15
865 41 46 13
866 0 29 14
867 30 32 15
868 16 60 15
869 12 69 13
870 50 74 11
871 46 41 11
872 77 83 10
873 42 3 14
874 22 49 10
875 0 6 15
876 10 14 15
877 7 10 12
878 54 9 13
879 9 74 13
880 24 71 12
881 32 79 15
882 65 10 11
883 11 29 10
884 6 86 15
885 71 65 11
886 83 24 14
887 38 85 13
888 73 79 10
889 87 71 13
890 61 16 11
891 86 27 10
892 7 33 15
893 33 67 10
894 63 86 13
895 80 31 15
896 52 46 12
897 53 8 14
898 9 67 14
899 17 2 13
900 27 10 14
901 50 36 10
902 61 49 10
903 80 28 10
904 19 24 13
905 33 14 15
906 80 55 14
907 30 54 14
908 24 40 15
909 59 55 12
910 1 31 11
911 28 73 15
912 8 73 15
913 29 84 11
914 43 17 14
915 19 81 13
916 58 13 11
917 48 77 11
918 59 74 12
919 77 79 14
920 41 21 11
921 40 23 14
922 53 32 12
923 38 87 14
924 35 31 15
925 80 54 15
926 64 14 10
927 9 39 11
928 54 32 10
929 77 66 10
930 41 71 13
931 42 40 15
932 86 84 15
933 7 81 13
934 21 61 14
935 61 78 10
936 21 45 14
937 19 2 15
938 34 49 11
939 59 21 10
940 52 22 15
941 50 2 11
942 18 24 12
943 65 38 10
944 68 0 11
945 79 40 12
946 84 79 14
947 59 29 15
948 58 73 11
949 77 45 13
950 74 40 12
951 8 72 15
952 18 32 15
953 57 34 15
954 10 9 10
955 61 86 11
956 50 58 10
957 27 67 13
958 18 45 13
959 83 59 13
960 13 20 12
961 71 37 15
962 20 26 11
963 3 1 14
964 5 46 13
965 31 4 15
966 65 18 14
967 21 80 12
968 81 71 11
969 65 59 11
970 21 14 10
971 60 87 15
972 66 67 11
973 10 21 15
974 56 29 15
975 54 45 12
976 69 44 11
977 23 0 13
978 17 0 10
979 78 57 10
980 17 69 13
981 32 86 10
982 55 87 15
983 20 62 14
984 55 26 15
985 50 41 10
986 20 79 15
987 41 45 12
988 2 46 10
989 4 65 10
990 79 38 15
991 68 32 15
992 16 54 11
993 26 88 10
994 57 17 11
995 30 41 10
996 19 83 14
997 29 0 15
998 24 85 12
999 87 18 15
1000 35 25 13
1001 42 26 14
1002 14 55 14
1003 18 71 10
1004 77 14 13
1005 50 28 10
1006 54 78 13
1007 71 60 15
1008 86 39 10
1009 31 26 10
1010 32 47 12
1011 2 49 10
1012 55 50 12
1013 74 59 10
1014 3 87 14
1015 36 37 15
1016 42 70 10
1017 12 42 15
1018 83 12 13
1019 52 38 11
1020 74 52 15
1021 21 66 10
1022 37 12 10
1023 45 0 12
1024 2 83 14
1025 52 78 14
1026 24 15 12
1027 20 42 12
1028 20 31 15
1029 20 17 15
1030 41 64 14
1031 82 56 15
1032 38 30 12
1033 34 7 15
1034 39 63 13
1035 22 43 15
1036 76 46 10
1037 13 11 10
1038 42 20 12
1039 40 64 15
1040 55 23 13
1041 57 69 14
1042 68 22 13
1043 10 56 12
1044 68 75 10
1045 30 2 12
1046 45 68 14
1047 0 75 13
1048 15 69 13
1049 8 39 11
1050 22 77 11
1051 47 42 15
1052 46 76 11
1053 5 41 15
1054 45 72 13
1055 56 41 13
1056 63 76 14
1057 11 13 15
1058 24 57 14
1059 70 28 10
1060 39 42 13
1061 52 18 13
1062 32 41 15
1063 49 0 14
1064 72 45 14
1065 73 59 10
1066 13 44 15
1067 21 23 10
1068 26 25 13
1069 66 76 13
1070 65 25 12
1071 58 55 15
1072 9 16 15
1073 64 81 14
1074 66 75 14
1075 87 63 12
1076 49 13 15
1077 14 31 15
1078 73 77 15
1079 61 73 14
1080 13 81 12
1081 50 6 11
1082 27 66 15
1083 62 69 14
1084 18 65 12
1085 82 71 14
1086 65 50 14
1087 83 13 14
1088 33 30 14
1089 59 50 15
1090 31 6 15
1091 72 1 15
1092 0 60 11
1093 63 75 12
1094 78 74 14
1095 83 38 12
1096 40 59 15
1097 82 84 12
1098 39 35 10
1099 5 57 13
1100 74 21 15
1101 54 17 13
1102 81 43 12
1103 83 29 12
1104 57 45 14
1105 13 88 13
1106 3 33 11
1107 43 74 15
1108 65 26 14
1109 66 42 15
1110 81 72 15
1111 6 59 14
1112 46 64 12
1113 57 64 11
1114 9 48 13
1115 67 39 11
1116 39 86 10
1117 26 7 13
1118 83 85 10
1119 87 59 13
1120 49 12 15
1121 81 24 12
1122 84 3 15
1123 80 0 13
1124 65 68 11
1125 49 74 11
1126 25 64 12
1127 30 24 13
1128 74 75 14
1129 43 16 14
1130 42 87 10
1131 23 28 10
1132 17 87 13
1133 40 25 11
1134 40 88 15
1135 42 15 12
1136 79 57 11
1137 88 6 11
1138 31 34 13
1139 62 9 12
1140 42 4 14
1141 31 45 12
1142 47 44 15
1143 57 5 11
1144 4 5 13
1145 14 60 12
1146 9 24 13
1147 39 33 12
1148 72 35 13
1149 50 14 11
1150 13 70 14
1151 31 84 14
1152 11 81 11
1153 1 53 12
1154 3 56 15
1155 51 13 11
1156 21 19 14
1157 83 30 15
1158 80 3 12
1159 49 37 12
1160 53 71 15
1161 45 31 15
1162 0 32 12
1163 42 6 11
1164 52 27 15
1165 42 54 10
1166 63 62 14
1167 77 86 12
1168 82 17 13
1169 52 24 14
1170 76 7 12
1171 86 52 10
1172 3 66 11
1173 88 31 13
1174 72 48 15
1175 84 18 13
1176 23 87 11
1177 19 7 14
1178 56 47 12
1179 86 2 13
1180 13 58 14
1181 4 55 15
1182 59 3 15
1183 8 43 15
1184 13 22 10
1185 7 26 14
1186 26 32 12
1187 78 4 13
1188 55 76 13
1189 20 14 13
1190 23 9 14
1191 87 30 15
1192 29 75 15
1193 81 9 15
1194 76 20 14
1195 48 83 14
1196 18 14 10
1197 43 28 10
1198 20 22 13
1199 5 7 14
1200 16 18 14
1201 29 83 13
1202 56 35 11
1203 58 6 12
1204 36 79 14
1205 41 62 15
1206 69 68 13
1207 21 70 11
1208 7 51 11
1209 19 20 15
1210 84 66 15
1211 3 10 11
1212 53 73 14
1213 6 37 12
1214 53 46 14
1215 74 41 11
1216 34 62 13
1217 1 72 13
1218 88 2 15
1219 54 33 13
1220 19 88 15
1221 32 43 11
1222 46 59 11
1223 57 70 13
1224 88 32 13
1225 63 70 14
1226 33 1 13
1227 0 77 12
1228 53 40 13
1229 59 58 10
1230 55 11 11
1231 78 65 14
1232 19 69 12
1233 19 51 14
1234 7 76 11
1235 51 87 15
1236 9 82 13
1237 32 15 13
1238 3 0 12
1239 25 63 10
1240 82 66 13
1241 4 42 13
1242 65 1 11
1243 9 88 15
1244 51 48 12
1245 60 73 12
1246 81 8 11
1247 67 24 10
1248 22 33 11
1249 71 87 12
1250 30 47 15
1251 87 34 10
1252 51 2 10
1253 10 78 14
1254 87 33 14
1255 2 66 13
1256 0 15 13
1257 0 88 14
1258 87 51 13
1259 13 46 11
1260 5 61 13
1261 7 60 12
1262 7 36 11
1263 28 54 14
1264 74 47 15
1265 56 76 13
1266 57 19 15
1267 37 52 10
1268 85 6 12
1269 8 11 10
1270 73 0 10
1271 86 60 10
1272 13 63 14
1273 46 3 15
1274 22 1 12
1275 6 19 12
1276 85 36 14
1277 60 20 15
1278 80 29 15
1279 87 79 11
1280 1 86 11
1281 79 60 12
1282 79 77 13
1283 34 82 13
1284 42 81 11
1285 41 76 15
1286 57 39 12
1287 21 44 11
1288 49 84 15
1289 87 78 15
1290 33 85 15
1291 21 7 12
1292 10 51 12
1293 14 44 15
1294 37 5 15
1295 46 11 11
1296 30 58 14
1297 29 56 13
1298 50 73 15
1299 77 57 13
1300 68 14 15
1301 86 48 10
1302 67 40 12
1303 63 11 13
1304 38 76 15
1305 78 50 14
1306 35 34 14
1307 65 7 11
1308 51 21 12
1309 5 86 12
1310 56 32 12
1311 72 79 14
1312 71 55 11
1313 23 33 12
1314 31 40 11
1315 13 12 10
1316 11 88 10
1317 66 47 15
1318 9 68 12
1319 52 86 13
1320 65 78 14
1321 85 41 14
1322 45 73 13
1323 15 64 15
1324 84 58 15
1325 88 25 15
1326 35 88 14
1327 19 18 15
1328 53 33 11
1329 44 78 13
1330 84 17 10
1331 69 20 14
1332 66 61 14
1333 13 78 11
1334 8 36 13
1335 87 32 14
1336 69 35 13
1337 39 49 10
1338 37 22 14
1339 31 58 10
1340 61 70 12
1341 87 60 11
1342 10 33 13
1343 10 58 11
1344 63 43 14
1345 44 18 14
1346 23 54 13
1347 54 79 14
1348 66 83 14
1349 58 75 14
1350 67 59 13
1351 35 42 14
1352 33 57 12
1353 8 30 12
1354 0 14 14
1355 17 74 15
1356 27 53 10
1357 88 42 14
1358 58 42 15
1359 8 74 11
1360 32 48 11
1361 66 77 10
1362 14 19 12
1363 67 36 12
1364 31 54 15
1365 85 44 13
1366 15 8 12
1367 52 70 13
1368 30 7 13
1369 53 42 14
1370 3 40 11
1371 13 48 10
1372 16 57 15
1373 86 22 15
1374 62 8 14
1375 52 81 15
1376 20 36 12
1377 58 45 13
1378 24 8 10
1379 16 80 10
1380 26 69 15
1381 1 62 14
1382 23 71 13
1383 69 6 13
1384 53 9 12
1385 38 44 14
1386 65 42 14
1387 29 45 13
1388 41 37 10
1389 66 3 11
1390 80 70 15
1391 66 22 12
1392 17 9 11
1393 69 48 13
1394 74 5 12
1395 78 34 13
1396 75 77 14
1397 39 22 14
1398 64 20 15
1399 68 36 13
1400 19 5 11
1401 28 86 11
1402 78 69 14
1403 21 26 15
1404 20 2 11
1405 66 55 12
1406 16 56 15
1407 61 69 13
1408 17 54 14
1409 84 43 11
1410 60 18 14
1411 59 48 10
1412 31 19 10
1413 64 61 13
1414 71 28 12
1415 56 10 15
1416 68 29 11
1417 34 81 15
1418 44 81 15
1419 47 61 11
1420 43 54 11
1421 24 83 11
1422 57 63 15
1423 4 7 12
1424 42 27 12
1425 67 45 15
1426 74 60 11
1427 7 16 13
1428 28 81 15
1429 16 21 14
1430 44 57 10
1431 39 20 12
1432 5 19 12
1433 52 66 14
1434 87 28 14
1435 57 58 15
1436 4 37 10
1437 13 53 13
1438 71 68 10
1439 53 81 12
1440 51 82 13
1441 29 67 13
1442 43 48 14
1443 1 38 12
1444 65 85 12
1445 85 55 13
1446 29 26 11
1447 22 79 10
1448 88 20 12
1449 69 77 12
1450 59 88 13
1451 84 54 11
1452 30 86 14
1453 33 40 14
1454 75 86 12
1455 20 53 12
1456 52 3 15
1457 71 76 12
1458 10 16 15
1459 31 73 14
1460 3 88 10
1461 30 64 13
1462 11 48 11
1463 69 28 11
1464 45 54 14
1465 79 6 12
1466 70 9 10
1467 69 86 10
1468 14 46 11
1469 26 58 12
1470 25 41 13
1471 58 2 11
1472 81 83 13
1473 62 21 14
1474 46 77 13
1475 74 85 12
1476 43 72 12
1477 78 72 12
1478 47 3 12
1479 41 83 11
1480 88 80 13
1481 17 72 15
1482 80 10 13
1483 14 38 14
1484 46 36 10
1485 79 44 11
1486 88 40 11
1487 84 46 11
1488 7 58 15
1489 67 82 14
1490 20 9 13
1491 83 40 10
1492 8 78 15
1493 23 11 12
1494 47 62 12
1495 37 40 11
1496 5 85 11
1497 60 80 13
1498 79 33 13
1499 25 3 14
1500 70 18 12
1501 7 24 15
1502 46 87 11
1503 22 11 11
1504 22 74 11
1505 55 29 12
1506 82 2 14
1507 32 11 11
1508 11 70 10
1509 46 84 11
1510 73 40 14
1511 72 7 15
1512 3 36 13
1513 77 32 10
1514 17 83 11
1515 19 41 12
1516 52 1 10
1517 11 14 11
1518 38 29 12
1519 64 46 13
1520 8 25 11
1521 76 87 14
1522 55 88 11
1523 59 54 14
1524 53 11 11
1525 63 30 12
1526 16 14 10
1527 19 3 11
1528 79 11 15
1529 26 64 10
1530 11 37 14
1531 39 71 10
1532 67 77 10
1533 71 69 15
1534 67 8 14
1535 48 86 13
1536 20 24 10
1537 73 13 15
1538 73 75 10
1539 65 19 10
1540 85 27 11
1541 41 50 14
1542 26 12 13
1543 55 80 13
1544 62 6 12
1545 8 61 10
1546 1 83 11
1547 88 70 14
1548 11 79 10
1549 37 4 12
1550 3 14 11
1551 26 20 10
1552 33 75 12
1553 55 3 13
1554 9 32 14
1555 44 7 15
1556 63 58 12
1557 19 45 15
1558 83 58 11
1559 28 9 13
1560 26 15 13
1561 3 25 15
1562 63 82 14
1563 9 11 15
1564 56 3 11
1565 48 26 10
1566 54 51 13
1567 2 1 12
1568 76 77 12
1569 51 76 13
1570 50 87 14
1571 31 17 11
1572 59 7 10
1573 63 13 15
1574 87 40 14
1575 1 3 14
1576 63 8 12
1577 83 6 14
1578 53 25 11
1579 23 27 12
1580 27 3 13
1581 62 37 12
1582 69 88 14
1583 70 24 14
1584 31 59 12
1585 76 0 14
1586 63 23 11
1587 67 41 14
1588 88 18 15
1589 47 70 12
1590 35 45 12
1591 14 27 14
1592 14 73 13
1593 3 27 12
1594 66 21 11
1595 54 63 14
1596 71 26 14
1597 62 25 13
1598 72 81 11
1599 18 30 14
1600 2 4 12
1601 88 30 13
1602 32 56 12
1603 66 39 13
1604 53 35 14
1605 55 61 15
1606 34 12 13
1607 29 62 10
1608 16 4 13
1609 29 13 13
1610 42 44 11
1611 73 56 13
1612 51 4 10
1613 33 45 14
1614 38 0 14
1615 34 32 10
1616 47 56 11
1617 39 27 15
1618 48 8 10
1619 53 68 13
1620 15 13 12
1621 49 3 11
1622 48 9 10
1623 21 51 15
1624 2 42 12
1625 43 80 12
1626 33 22 15
1627 50 64 11
1628 48 64 12
1629 29 63 13
1630 37 86 12
1631 80 87 12
1632 35 43 14
1633 45 86 13
1634 54 3 10
1635 11 76 13
1636 19 63 11
1637 28 66 13
1638 75 60 12
1639 87 16 15
1640 49 67 11
1641 68 47 15
1642 7 74 12
1643 86 80 13
1644 2 74 11
1645 33 3 15
1646 77 73 10
1647 52 87 12
1648 4 69 10
1649 8 24 13
1650 88 33 10
1651 30 35 14
1652 80 32 14
1653 60 59 10
1654 1 88 13
1655 22 62 14
1656 42 84 14
1657 39 23 14
1658 45 32 12
1659 78 49 13
1660 37 17 10
1661 60 45 13
1662 43 21 14
1663 0 1 10
1664 82 57 11
1665 34 39 13
1666 74 84 12
1667 23 29 12
1668 86 15 13
1669 27 70 11
1670 20 54 12
1671 65 77 13
1672 87 5 10
1673 11 56 10
1674 59 71 10
1675 16 87 15
1676 79 36 15
1677 83 43 13
1678 51 9 15
1679 34 72 12
1680 71 36 10
1681 80 81 11
1682 40 44 11
1683 69 25 15
1684 27 61 11
1685 86 68 13
1686 45 51 15
1687 62 73 14
1688 15 84 11
1689 6 17 13
1690 41 48 12
1691 81 58 15
1692 60 12 10
1693 43 66 14
1694 16 8 14
1695 59 4 15
1696 35 9 15
1697 0 62 15
1698 73 15 10
1699 53 15 10
1700 38 51 12
1701 83 10 10
1702 74 64 11
1703 7 73 13
1704 46 38 11
1705 27 85 14
1706 69 83 12
1707 23 30 13
1708 85 61 12
1709 71 86 15
1710 0 7 13
1711 71 15 15
1712 18 43 11
1713 22 42 10
1714 20 11 15
1715 71 3 14
1716 20 21 13
1717 74 7 14
1718 52 85 13
1719 52 2 11
1720 46 26 14
1721 27 73 15
1722 46 58 10
1723 52 39 13
1724 85 67 11
1725 13 0 10
1726 60 1 15
1727 31 62 14
1728 7 67 15
1729 55 74 11
1730 21 4 13
1731 4 73 14
1732 30 34 14
1733 34 76 11
1734 88 55 13
1735 38 69 13
1736 22 78 13
1737 60 36 15
1738 34 43 13
1739 40 56 11
1740 54 60 13
1741 46 86 12
1742 65 20 14
1743 13 57 14
1744 34 63 13
1745 73 44 10
1746 5 24 12
1747 42 16 11
1748 7 23 13
1749 22 50 14
1750 28 7 11
1751 16 49 15
1752 21 47 13
1753 28 30 10
1754 59 33 10
1755 48 29 12
1756 11 55 14
1757 82 19 12
1758 59 51 15
1759 15 16 12
1760 71 25 13
1761 81 73 14
1762 3 7 15
1763 45 26 13
1764 52 76 11
1765 24 17 13
1766 27 33 11
1767 19 68 12
1768 51 20 14
1769 29 59 11
1770 28 63 15
1771 26 13 10
1772 29 60 15
1773 6 0 14
1774 39 18 15
1775 4 26 15
1776 57 1 12
1777 25 24 11
1778 25 87 10
1779 80 68 14
