otherCase
0
1 83
2 83
3 83
4 15
5 15
6 15
7 15
8 83
9 15
10 83
11 83
12 15
13 15
14 15
15 15
16 83
17 15
18 15
19 15
20 15
21 15
22 15
23 83
24 15
25 15
26 15
27 83
28 15
29 83
30 83
31 15
32 83
33 83
34 15
35 83
36 83
37 83
38 83
39 15
40 15
41 15
42 83
43 15
44 15
45 83
46 83
47 15
48 15
49 83
50 83
51 15
52 83
53 83
54 15
55 83
56 15
57 83
58 15
59 83
60 15
61 15
62 15
63 15
64 15
65 15
66 15
67 15
68 15
69 15
70 15
71 83
72 15
73 83
74 83
75 15
76 15
77 15
78 15
79 83
80 15
81 83
82 83
83 83
84 83
85 15
1
0 33
2 33
3 33
4 33
5 75
6 75
7 75
8 8
9 33
10 33
11 33
12 75
13 44
14 44
15 75
16 33
17 33
18 33
19 33
20 75
21 75
22 54
23 33
24 33
25 33
26 33
27 75
28 33
29 44
30 33
31 44
32 33
33 33
34 49
35 49
36 33
37 33
38 33
39 75
40 33
41 44
42 33
43 44
44 44
45 33
46 33
47 33
48 75
49 49
50 33
51 33
52 54
53 33
54 54
55 33
56 33
57 33
58 33
59 33
60 33
61 33
62 75
63 75
64 44
65 44
66 33
67 75
68 33
69 54
70 75
71 33
72 44
73 54
74 49
75 75
76 44
77 44
78 75
79 33
80 33
81 33
82 33
83 33
84 54
85 33
2
0 57
1 27
3 57
4 48
5 27
6 71
7 19
8 27
9 27
10 48
11 57
12 27
13 71
14 48
15 19
16 48
17 71
18 19
19 19
20 27
21 81
22 71
23 19
24 48
25 71
26 48
27 27
28 48
29 71
30 71
31 19
32 71
33 57
34 71
35 71
36 48
37 57
38 71
39 27
40 48
41 57
42 71
43 48
44 71
45 57
46 57
47 48
48 48
49 71
50 57
51 81
52 71
53 71
54 71
55 48
56 19
57 57
58 19
59 71
60 71
61 71
62 48
63 27
64 48
65 19
66 81
67 71
68 48
69 48
70 27
71 71
72 48
73 71
74 57
75 27
76 19
77 71
78 19
79 57
80 71
81 81
82 57
83 57
84 81
85 19
3
0 57
1 32
2 57
4 32
5 18
6 74
7 18
8 32
9 57
10 57
11 57
12 18
13 32
14 74
15 18
16 57
17 32
18 18
19 18
20 18
21 57
22 18
23 18
24 57
25 32
26 32
27 57
28 32
29 32
30 74
31 18
32 32
33 32
34 74
35 74
36 18
37 57
38 74
39 18
40 32
41 18
42 32
43 18
44 18
45 57
46 57
47 32
48 57
49 74
50 57
51 18
52 74
53 32
54 32
55 32
56 18
57 57
58 18
59 32
60 74
61 32
62 18
63 18
64 18
65 18
66 18
67 32
68 32
69 18
70 18
71 32
72 18
73 74
74 74
75 18
76 18
77 18
78 18
79 57
80 32
81 57
82 57
83 57
84 18
85 18
4
0 28
1 28
2 28
3 28
5 28
6 28
7 28
8 28
9 28
10 28
11 28
12 28
13 28
14 28
15 28
16 28
17 28
18 28
19 28
20 28
21 28
22 28
23 72
24 28
25 28
26 40
27 28
28 28
29 28
30 28
31 72
32 28
33 28
34 28
35 28
36 28
37 28
38 28
39 28
40 40
41 72
42 28
43 28
44 72
45 72
46 28
47 40
48 28
49 28
50 28
51 28
52 28
53 28
54 28
55 28
56 28
57 28
58 28
59 28
60 28
61 28
62 28
63 28
64 28
65 72
66 28
67 28
68 40
69 28
70 28
71 28
72 72
73 28
74 28
75 28
76 72
77 28
78 72
79 28
80 28
81 28
82 28
83 28
84 28
85 28
5
0 62
1 63
2 13
3 13
4 13
6 63
7 62
8 63
9 62
10 13
11 62
12 63
13 13
14 13
15 62
16 62
17 13
18 63
19 13
20 63
21 63
22 13
23 63
24 62
25 13
26 13
27 63
28 13
29 13
30 13
31 13
32 13
33 63
34 62
35 13
36 62
37 62
38 13
39 63
40 13
41 63
42 13
43 13
44 13
45 62
46 13
47 13
48 62
49 13
50 13
51 63
52 13
53 62
54 63
55 13
56 13
57 13
58 63
59 13
60 13
61 13
62 62
63 63
64 13
65 63
66 63
67 63
68 13
69 13
70 63
71 13
72 13
73 13
74 13
75 63
76 63
77 13
78 63
79 62
80 13
81 13
82 62
83 62
84 63
85 13
6
0 30
1 67
2 30
3 30
4 30
5 67
7 65
8 67
9 30
10 30
11 30
12 67
13 30
14 30
15 65
16 30
17 67
18 65
19 30
20 67
21 67
22 65
23 65
24 65
25 67
26 30
27 67
28 30
29 65
30 30
31 65
32 30
33 30
34 67
35 30
36 30
37 30
38 30
39 67
40 30
41 65
42 30
43 30
44 65
45 30
46 30
47 30
48 30
49 67
50 30
51 30
52 30
53 30
54 65
55 30
56 65
57 30
58 65
59 30
60 30
61 67
62 67
63 67
64 30
65 65
66 65
67 67
68 30
69 65
70 67
71 30
72 65
73 30
74 30
75 67
76 65
77 65
78 65
79 30
80 65
81 67
82 30
83 30
84 30
85 30
7
0 15
1 78
2 58
3 58
4 16
5 15
6 56
8 78
9 15
10 16
11 58
12 78
13 16
14 15
15 15
16 16
17 56
18 58
19 58
20 58
21 78
22 78
23 58
24 15
25 56
26 16
27 58
28 16
29 78
30 16
31 58
32 16
33 16
34 56
35 16
36 16
37 16
38 16
39 78
40 16
41 78
42 16
43 58
44 78
45 58
46 58
47 16
48 16
49 78
50 58
51 15
52 56
53 16
54 56
55 16
56 56
57 16
58 58
59 16
60 16
61 56
62 15
63 58
64 58
65 56
66 56
67 78
68 16
69 58
70 58
71 16
72 78
73 16
74 58
75 78
76 78
77 15
78 78
79 16
80 56
81 56
82 58
83 16
84 16
85 58
8
0 1
1 1
2 1
3 1
4 1
5 1
6 1
7 1
9 1
10 1
11 1
12 1
13 1
14 1
15 1
16 1
17 1
18 1
19 1
20 1
21 1
22 1
23 1
24 1
25 1
26 1
27 1
28 1
29 1
30 1
31 1
32 1
33 1
34 1
35 1
36 1
37 1
38 1
39 1
40 1
41 1
42 1
43 1
44 1
45 1
46 1
47 1
48 1
49 1
50 1
51 1
52 1
53 1
54 1
55 1
56 1
57 1
58 1
59 1
60 1
61 1
62 1
63 1
64 1
65 1
66 1
67 1
68 1
69 1
70 1
71 1
72 1
73 1
74 1
75 1
76 1
77 1
78 1
79 1
80 1
81 1
82 1
83 1
84 1
85 1
9
0 53
1 53
2 62
3 82
4 62
5 62
6 34
7 62
8 53
10 53
11 34
12 63
13 62
14 62
15 62
16 62
17 34
18 63
19 62
20 63
21 34
22 34
23 63
24 62
25 34
26 62
27 63
28 62
29 34
30 53
31 63
32 53
33 53
34 34
35 34
36 62
37 53
38 53
39 63
40 62
41 82
42 34
43 62
44 34
45 82
46 82
47 62
48 62
49 34
50 82
51 63
52 34
53 53
54 34
55 53
56 34
57 82
58 63
59 34
60 53
61 34
62 62
63 63
64 62
65 63
66 63
67 34
68 62
69 53
70 63
71 34
72 82
73 34
74 34
75 63
76 63
77 62
78 63
79 82
80 34
81 62
82 82
83 53
84 63
85 62
10
0 16
1 14
2 16
3 16
4 16
5 14
6 60
7 16
8 14
9 14
11 60
12 16
13 14
14 14
15 14
16 16
17 60
18 16
19 16
20 14
21 14
22 60
23 14
24 14
25 60
26 16
27 14
28 16
29 14
30 60
31 14
32 16
33 16
34 60
35 16
36 16
37 16
38 60
39 16
40 16
41 14
42 16
43 14
44 14
45 60
46 16
47 16
48 16
49 14
50 16
51 14
52 60
53 60
54 60
55 60
56 16
57 16
58 16
59 16
60 60
61 60
62 14
63 14
64 14
65 16
66 14
67 60
68 16
69 14
70 14
71 16
72 14
73 60
74 60
75 16
76 14
77 14
78 16
79 16
80 60
81 14
82 60
83 16
84 14
85 16
11
0 82
1 34
2 82
3 82
4 34
5 34
6 34
7 82
8 34
9 34
10 73
12 34
13 34
14 73
15 34
16 82
17 34
18 82
19 82
20 34
21 34
22 34
23 82
24 34
25 34
26 34
27 34
28 34
29 34
30 73
31 82
32 34
33 55
34 34
35 34
36 82
37 73
38 73
39 34
40 34
41 82
42 34
43 55
44 34
45 82
46 82
47 34
48 34
49 34
50 82
51 82
52 73
53 55
54 73
55 55
56 34
57 82
58 82
59 34
60 73
61 34
62 34
63 34
64 55
65 82
66 82
67 34
68 34
69 55
70 34
71 34
72 82
73 73
74 34
75 34
76 82
77 34
78 34
79 82
80 34
81 82
82 82
83 82
84 73
85 55
12
0 39
1 39
2 39
3 39
4 39
5 39
6 39
7 39
8 39
9 39
10 39
11 39
13 39
14 39
15 39
16 39
17 39
18 39
19 39
20 39
21 39
22 39
23 39
24 39
25 39
26 39
27 39
28 39
29 39
30 39
31 39
32 39
33 39
34 39
35 39
36 39
37 39
38 39
39 39
40 39
41 39
42 39
43 39
44 39
45 39
46 39
47 39
48 39
49 39
50 39
51 39
52 39
53 39
54 39
55 39
56 39
57 39
58 39
59 39
60 39
61 39
62 39
63 39
64 39
65 39
66 39
67 39
68 39
69 39
70 39
71 39
72 39
73 39
74 39
75 39
76 39
77 39
78 39
79 39
80 39
81 39
82 39
83 39
84 39
85 39
13
0 5
1 77
2 71
3 71
4 71
5 5
6 71
7 43
8 77
9 5
10 77
11 43
12 5
14 77
15 5
16 71
17 71
18 5
19 71
20 5
21 71
22 43
23 5
24 5
25 71
26 71
27 5
28 71
29 71
30 71
31 77
32 71
33 71
34 71
35 71
36 43
37 71
38 71
39 5
40 71
41 77
42 71
43 43
44 77
45 71
46 43
47 71
48 43
49 71
50 43
51 77
52 71
53 71
54 43
55 43
56 71
57 71
58 43
59 71
60 71
61 71
62 5
63 5
64 43
65 77
66 5
67 71
68 71
69 43
70 5
71 71
72 71
73 71
74 71
75 5
76 77
77 77
78 5
79 71
80 71
81 71
82 71
83 71
84 5
85 43
14
0 24
1 77
2 24
3 60
4 24
5 24
6 60
7 10
8 77
9 24
10 10
11 60
12 24
13 77
15 24
16 10
17 60
18 51
19 10
20 51
21 51
22 60
23 51
24 24
25 60
26 24
27 24
28 24
29 77
30 60
31 77
32 60
33 60
34 24
35 60
36 10
37 10
38 60
39 24
40 24
41 77
42 60
43 77
44 77
45 60
46 10
47 24
48 24
49 77
50 10
51 51
52 51
53 60
54 60
55 60
56 60
57 10
58 10
59 10
60 60
61 60
62 24
63 24
64 77
65 24
66 51
67 60
68 24
69 77
70 51
71 60
72 77
73 60
74 60
75 24
76 77
77 77
78 24
79 10
80 60
81 51
82 60
83 10
84 51
85 10
15
0 0
1 78
2 0
3 0
4 24
5 24
6 78
7 7
8 78
9 24
10 7
11 0
12 78
13 24
14 24
16 7
17 78
18 7
19 7
20 24
21 78
22 78
23 7
24 24
25 78
26 24
27 24
28 24
29 78
30 0
31 7
32 0
33 0
34 24
35 7
36 7
37 0
38 24
39 78
40 24
41 78
42 0
43 7
44 78
45 78
46 0
47 24
48 24
49 78
50 0
51 24
52 78
53 0
54 78
55 0
56 7
57 0
58 7
59 7
60 24
61 78
62 24
63 24
64 7
65 78
66 78
67 78
68 24
69 78
70 24
71 7
72 78
73 24
74 0
75 78
76 78
77 24
78 78
79 0
80 78
81 78
82 0
83 0
84 0
85 7
16
0 83
1 83
2 36
3 83
4 36
5 24
6 7
7 7
8 83
9 24
10 10
11 83
12 7
13 59
14 10
15 7
17 59
18 7
19 7
20 10
21 7
22 7
23 7
24 24
25 59
26 36
27 24
28 36
29 59
30 83
31 7
32 59
33 83
34 24
35 59
36 36
37 83
38 10
39 7
40 36
41 7
42 59
43 36
44 7
45 83
46 59
47 36
48 36
49 59
50 59
51 10
52 83
53 83
54 7
55 83
56 7
57 83
58 7
59 59
60 10
61 59
62 24
63 24
64 36
65 7
66 7
67 7
68 36
69 36
70 10
71 59
72 7
73 10
74 10
75 7
76 7
77 10
78 7
79 83
80 7
81 36
82 83
83 83
84 83
85 59
17
0 61
1 61
2 61
3 61
4 61
5 61
6 61
7 61
8 61
9 61
10 61
11 61
12 61
13 61
14 61
15 61
16 61
18 61
19 61
20 61
21 61
22 61
23 61
24 61
25 61
26 61
27 61
28 61
29 61
30 61
31 61
32 61
33 61
34 61
35 61
36 61
37 61
38 61
39 61
40 61
41 61
42 61
43 61
44 61
45 61
46 61
47 61
48 61
49 61
50 61
51 61
52 61
53 61
54 61
55 61
56 61
57 61
58 61
59 61
60 61
61 61
62 61
63 61
64 61
65 61
66 61
67 61
68 61
69 61
70 61
71 61
72 61
73 61
74 61
75 61
76 61
77 61
78 61
79 61
80 61
81 61
82 61
83 61
84 61
85 61
18
0 3
1 23
2 3
3 3
4 3
5 23
6 23
7 58
8 23
9 23
10 58
11 23
12 23
13 3
14 23
15 58
16 58
17 3
19 58
20 23
21 23
22 23
23 23
24 23
25 3
26 3
27 23
28 3
29 3
30 3
31 31
32 3
33 23
34 3
35 3
36 58
37 3
38 3
39 23
40 3
41 23
42 3
43 58
44 31
45 23
46 3
47 3
48 58
49 3
50 3
51 23
52 23
53 23
54 23
55 23
56 58
57 3
58 58
59 58
60 3
61 3
62 23
63 23
64 58
65 23
66 23
67 23
68 3
69 23
70 23
71 3
72 23
73 3
74 3
75 23
76 23
77 31
78 23
79 23
80 23
81 23
82 23
83 3
84 23
85 58
19
0 2
1 58
2 2
3 2
4 2
5 2
6 2
7 58
8 58
9 2
10 58
11 2
12 2
13 2
14 2
15 58
16 58
17 2
18 58
20 2
21 2
22 2
23 58
24 2
25 2
26 2
27 2
28 2
29 2
30 2
31 58
32 2
33 58
34 2
35 2
36 58
37 2
38 2
39 2
40 2
41 58
42 2
43 2
44 58
45 2
46 2
47 2
48 2
49 2
50 2
51 2
52 2
53 2
54 2
55 2
56 58
57 2
58 58
59 2
60 2
61 2
62 2
63 2
64 2
65 58
66 2
67 2
68 2
69 2
70 2
71 2
72 2
73 2
74 2
75 2
76 58
77 2
78 58
79 2
80 2
81 2
82 2
83 2
84 2
85 58
20
0 51
1 63
2 63
3 63
4 63
5 63
6 63
7 63
8 63
9 63
10 51
11 63
12 63
13 63
14 51
15 51
16 51
17 51
18 63
19 63
21 51
22 63
23 63
24 51
25 51
26 63
27 63
28 63
29 51
30 51
31 63
32 63
33 63
34 63
35 63
36 63
37 51
38 51
39 63
40 63
41 63
42 63
43 63
44 51
45 63
46 63
47 63
48 63
49 63
50 63
51 51
52 51
53 63
54 51
55 63
56 51
57 63
58 63
59 51
60 51
61 51
62 63
63 63
64 63
65 63
66 51
67 63
68 63
69 63
70 70
71 63
72 63
73 51
74 51
75 63
76 63
77 51
78 63
79 63
80 51
81 51
82 63
83 63
84 51
85 63
21
0 67
1 67
2 81
3 81
4 67
5 67
6 67
7 67
8 67
9 67
10 67
11 67
12 67
13 67
14 81
15 67
16 67
17 67
18 81
19 81
20 67
22 67
23 81
24 67
25 67
26 67
27 81
28 67
29 67
30 67
31 67
32 67
33 67
34 67
35 67
36 81
37 81
38 67
39 67
40 67
41 67
42 67
43 81
44 67
45 81
46 81
47 67
48 81
49 67
50 81
51 81
52 81
53 67
54 67
55 67
56 67
57 81
58 81
59 67
60 67
61 67
62 67
63 67
64 81
65 67
66 81
67 67
68 67
69 67
70 67
71 67
72 67
73 67
74 67
75 67
76 67
77 67
78 67
79 67
80 67
81 81
82 81
83 81
84 81
85 67
22
0 76
1 54
2 25
3 25
4 25
5 25
6 25
7 76
8 54
9 25
10 25
11 25
12 39
13 25
14 25
15 76
16 25
17 25
18 76
19 25
20 39
21 25
23 76
24 76
25 25
26 25
27 25
28 25
29 76
30 25
31 76
32 25
33 25
34 25
35 25
36 69
37 54
38 25
39 39
40 25
41 76
42 25
43 69
44 76
45 76
46 25
47 25
48 69
49 54
50 25
51 25
52 54
53 69
54 54
55 69
56 25
57 25
58 76
59 25
60 25
61 25
62 25
63 39
64 69
65 76
66 25
67 25
68 25
69 69
70 39
71 25
72 76
73 54
74 25
75 39
76 76
77 76
78 76
79 76
80 25
81 25
82 76
83 25
84 54
85 69
23
0 33
1 33
2 58
3 18
4 76
5 63
6 76
7 58
8 33
9 63
10 33
11 82
12 63
13 63
14 66
15 58
16 33
17 33
18 18
19 58
20 63
21 66
22 76
24 63
25 33
26 33
27 63
28 33
29 33
30 82
31 18
32 33
33 33
34 63
35 18
36 58
37 33
38 82
39 63
40 33
41 76
42 33
43 58
44 76
45 82
46 58
47 33
48 58
49 33
50 58
51 66
52 66
53 33
54 33
55 33
56 33
57 82
58 58
59 58
60 33
61 33
62 63
63 63
64 58
65 76
66 66
67 63
68 33
69 76
70 63
71 33
72 76
73 82
74 18
75 63
76 76
77 76
78 76
79 82
80 33
81 66
82 82
83 33
84 66
85 58
24
0 15
1 14
2 62
3 16
4 62
5 62
6 15
7 15
8 14
9 62
10 14
11 62
12 15
13 14
14 14
15 15
16 16
17 14
18 15
19 15
20 14
21 14
22 15
23 62
25 14
26 62
27 62
28 62
29 14
30 14
31 14
32 16
33 16
34 62
35 16
36 16
37 16
38 14
39 15
40 62
41 15
42 16
43 62
44 14
45 62
46 16
47 62
48 62
49 14
50 16
51 14
52 14
53 62
54 14
55 62
56 15
57 16
58 15
59 16
60 14
61 14
62 62
63 62
64 62
65 15
66 14
67 15
68 62
69 62
70 14
71 16
72 15
73 14
74 14
75 15
76 15
77 14
78 15
79 16
80 14
81 14
82 62
83 16
84 14
85 16
25
0 80
1 22
2 71
3 71
4 71
5 71
6 67
7 80
8 22
9 34
10 80
11 34
12 22
13 71
14 80
15 80
16 71
17 61
18 22
19 71
20 34
21 67
22 22
23 22
24 34
26 71
27 71
28 71
29 34
30 67
31 22
32 71
33 80
34 34
35 34
36 71
37 22
38 71
39 22
40 71
41 22
42 71
43 22
44 22
45 22
46 71
47 71
48 71
49 34
50 71
51 80
52 22
53 34
54 22
55 22
56 80
57 71
58 22
59 71
60 80
61 61
62 34
63 34
64 22
65 22
66 80
67 67
68 71
69 22
70 34
71 71
72 22
73 34
74 34
75 67
76 22
77 71
78 80
79 34
80 80
81 67
82 34
83 80
84 22
85 71
26
0 68
1 68
2 68
3 68
4 68
5 68
6 68
7 68
8 68
9 68
10 68
11 68
12 68
13 68
14 68
15 68
16 68
17 68
18 68
19 68
20 68
21 68
22 68
23 68
24 68
25 68
27 68
28 68
29 68
30 68
31 68
32 68
33 68
34 68
35 68
36 68
37 68
38 68
39 68
40 68
41 68
42 68
43 68
44 68
45 68
46 68
47 68
48 68
49 68
50 68
51 68
52 68
53 68
54 68
55 68
56 68
57 68
58 68
59 68
60 68
61 68
62 68
63 68
64 68
65 68
66 68
67 68
68 68
69 68
70 68
71 68
72 68
73 68
74 68
75 68
76 68
77 68
78 68
79 68
80 68
81 68
82 68
83 68
84 68
85 68
27
0 2
1 63
2 2
3 2
4 2
5 63
6 63
7 2
8 63
9 63
10 2
11 2
12 63
13 2
14 63
15 63
16 2
17 2
18 63
19 2
20 63
21 2
22 2
23 63
24 63
25 2
26 2
28 2
29 2
30 2
31 63
32 2
33 63
34 63
35 2
36 2
37 2
38 2
39 63
40 2
41 63
42 2
43 2
44 63
45 2
46 2
47 2
48 2
49 2
50 2
51 63
52 2
53 63
54 63
55 63
56 2
57 2
58 2
59 2
60 2
61 2
62 63
63 63
64 2
65 63
66 2
67 63
68 2
69 2
70 63
71 2
72 2
73 2
74 2
75 63
76 63
77 2
78 63
79 2
80 2
81 2
82 2
83 2
84 2
85 2
28
0 48
1 71
2 48
3 71
4 4
5 48
6 71
7 48
8 71
9 48
10 48
11 71
12 71
13 71
14 48
15 48
16 48
17 71
18 48
19 48
20 48
21 48
22 71
23 48
24 48
25 71
26 40
27 48
29 71
30 71
31 48
32 71
33 71
34 71
35 71
36 48
37 48
38 71
39 71
40 40
41 4
42 71
43 48
44 71
45 4
46 71
47 40
48 48
49 71
50 71
51 48
52 71
53 71
54 71
55 48
56 71
57 48
58 48
59 71
60 71
61 71
62 48
63 48
64 48
65 4
66 48
67 71
68 40
69 48
70 48
71 71
72 4
73 71
74 71
75 48
76 4
77 71
78 71
79 71
80 71
81 48
82 71
83 48
84 48
85 48
29
0 32
1 44
2 32
3 32
4 32
5 32
6 44
7 44
8 44
9 35
10 44
11 35
12 44
13 32
14 44
15 44
16 32
17 32
18 32
19 32
20 32
21 32
22 44
23 32
24 44
25 32
26 32
27 32
28 32
30 32
31 44
32 32
33 32
34 35
35 35
36 32
37 32
38 32
39 44
40 32
41 44
42 32
43 32
44 44
45 44
46 32
47 32
48 32
49 35
50 32
51 44
52 44
53 32
54 44
55 32
56 32
57 32
58 32
59 32
60 32
61 32
62 35
63 32
64 32
65 44
66 32
67 32
68 32
69 44
70 32
71 32
72 44
73 32
74 35
75 44
76 44
77 44
78 44
79 32
80 32
81 32
82 32
83 32
84 44
85 32
30
0 79
1 6
2 38
3 38
4 38
5 38
6 6
7 6
8 6
9 38
10 38
11 38
12 6
13 38
14 38
15 6
16 79
17 6
18 38
19 38
20 6
21 6
22 6
23 38
24 38
25 6
26 38
27 38
28 38
29 38
31 6
32 38
33 38
34 6
35 38
36 79
37 79
38 38
39 6
40 38
41 6
42 38
43 38
44 6
45 38
46 38
47 38
48 38
49 38
50 38
51 38
52 38
53 38
54 38
55 38
56 6
57 38
58 38
59 38
60 38
61 6
62 38
63 6
64 38
65 6
66 38
67 6
68 38
69 38
70 6
71 38
72 6
73 38
74 38
75 6
76 6
77 38
78 6
79 79
80 38
81 6
82 38
83 79
84 38
85 38
31
0 18
1 44
2 18
3 18
4 44
5 18
6 44
7 18
8 44
9 18
10 44
11 18
12 44
13 44
14 44
15 18
16 18
17 44
18 18
19 18
20 18
21 18
22 44
23 18
24 44
25 44
26 18
27 18
28 18
29 44
30 18
32 18
33 18
34 44
35 44
36 18
37 18
38 18
39 44
40 18
41 44
42 18
43 18
44 44
45 18
46 18
47 18
48 18
49 44
50 18
51 18
52 44
53 18
54 44
55 18
56 18
57 18
58 18
59 18
60 44
61 44
62 18
63 18
64 18
65 44
66 18
67 44
68 18
69 44
70 18
71 18
72 44
73 18
74 18
75 44
76 44
77 44
78 44
79 18
80 18
81 18
82 18
83 18
84 18
85 18
32
0 33
1 33
2 71
3 3
4 71
5 71
6 71
7 3
8 33
9 33
10 33
11 3
12 33
13 71
14 29
15 33
16 33
17 71
18 3
19 71
20 33
21 71
22 71
23 33
24 33
25 71
26 71
27 71
28 71
29 29
30 71
31 3
33 33
34 29
35 29
36 3
37 33
38 71
39 33
40 71
41 29
42 71
43 71
44 29
45 3
46 3
47 71
48 71
49 29
50 3
51 33
52 33
53 33
54 33
55 33
56 33
57 3
58 3
59 71
60 33
61 71
62 33
63 33
64 71
65 29
66 33
67 71
68 71
69 33
70 33
71 71
72 71
73 71
74 3
75 33
76 29
77 29
78 33
79 33
80 33
81 71
82 3
83 33
84 33
85 71
33
0 83
1 1
2 32
3 32
4 32
5 23
6 1
7 23
8 1
9 53
10 80
11 23
12 1
13 32
14 80
15 80
16 83
17 80
18 23
19 23
20 23
21 1
22 1
23 23
24 83
25 80
26 32
27 23
28 32
29 32
30 53
31 1
32 32
34 53
35 1
36 23
37 83
38 53
39 1
40 32
41 23
42 32
43 23
44 1
45 23
46 83
47 32
48 23
49 1
50 83
51 23
52 1
53 53
54 1
55 53
56 80
57 83
58 23
59 32
60 80
61 80
62 23
63 23
64 23
65 23
66 23
67 1
68 32
69 53
70 23
71 32
72 23
73 53
74 32
75 1
76 23
77 1
78 80
79 83
80 80
81 23
82 23
83 83
84 1
85 23
34
0 9
1 35
2 25
3 35
4 25
5 9
6 25
7 25
8 35
9 9
10 25
11 11
12 25
13 25
14 9
15 9
16 9
17 25
18 9
19 25
20 9
21 25
22 25
23 9
24 9
25 25
26 25
27 9
28 25
29 35
30 9
31 35
32 25
33 9
35 35
36 9
37 9
38 9
39 25
40 25
41 9
42 25
43 9
44 35
45 9
46 9
47 25
48 9
49 35
50 9
51 9
52 11
53 9
54 25
55 11
56 25
57 9
58 9
59 25
60 25
61 25
62 9
63 9
64 9
65 25
66 25
67 25
68 25
69 11
70 9
71 25
72 9
73 11
74 35
75 9
76 25
77 25
78 25
79 9
80 25
81 25
82 9
83 9
84 11
85 25
35
0 29
1 49
2 71
3 74
4 71
5 71
6 34
7 71
8 49
9 34
10 71
11 34
12 34
13 71
14 29
15 29
16 71
17 34
18 74
19 71
20 34
21 34
22 34
23 29
24 34
25 34
26 71
27 71
28 71
29 29
30 71
31 29
32 29
33 29
34 34
36 71
37 29
38 71
39 34
40 71
41 29
42 71
43 71
44 29
45 34
46 71
47 71
48 71
49 49
50 71
51 29
52 34
53 34
54 49
55 34
56 34
57 71
58 71
59 71
60 71
61 34
62 34
63 34
64 71
65 29
66 34
67 34
68 71
69 34
70 34
71 71
72 71
73 34
74 74
75 49
76 29
77 29
78 29
79 34
80 34
81 71
82 34
83 29
84 49
85 71
36
0 16
1 16
2 48
3 58
4 48
5 48
6 16
7 16
8 16
9 48
10 16
11 58
12 16
13 48
14 16
15 16
16 16
17 16
18 58
19 58
20 48
21 48
22 48
23 58
24 16
25 16
26 48
27 48
28 48
29 16
30 16
31 58
32 16
33 16
34 48
35 16
37 16
38 16
39 16
40 48
41 58
42 16
43 48
44 58
45 58
46 58
47 48
48 48
49 16
50 58
51 16
52 16
53 16
54 16
55 48
56 16
57 16
58 58
59 16
60 16
61 16
62 48
63 48
64 48
65 16
66 58
67 16
68 48
69 48
70 48
71 16
72 48
73 16
74 58
75 16
76 58
77 16
78 16
79 16
80 16
81 48
82 58
83 16
84 16
85 58
37
0 83
1 83
2 83
3 83
4 83
5 83
6 83
7 83
8 83
9 83
10 83
11 83
12 84
13 83
14 83
15 83
16 83
17 83
18 83
19 83
20 84
21 84
22 84
23 83
24 83
25 83
26 83
27 83
28 83
29 83
30 83
31 83
32 83
33 83
34 83
35 83
36 83
38 83
39 84
40 83
41 83
42 83
43 83
44 83
45 83
46 83
47 83
48 83
49 83
50 83
51 84
52 84
53 83
54 84
55 83
56 83
57 83
58 83
59 83
60 83
61 83
62 83
63 83
64 83
65 83
66 84
67 83
68 83
69 84
70 84
71 83
72 83
73 84
74 83
75 83
76 83
77 83
78 83
79 83
80 83
81 84
82 83
83 83
84 84
85 83
38
0 30
1 53
2 71
3 74
4 71
5 71
6 30
7 60
8 53
9 53
10 60
11 73
12 71
13 71
14 60
15 60
16 60
17 71
18 74
19 71
20 53
21 30
22 71
23 82
24 60
25 71
26 71
27 71
28 71
29 71
30 30
31 74
32 71
33 53
34 53
35 71
36 60
37 30
39 71
40 71
41 82
42 71
43 71
44 53
45 82
46 71
47 71
48 71
49 71
50 71
51 60
52 73
53 53
54 60
55 53
56 60
57 82
58 82
59 71
60 60
61 71
62 53
63 53
64 71
65 30
66 60
67 30
68 71
69 53
70 53
71 71
72 71
73 73
74 74
75 30
76 82
77 60
78 60
79 30
80 60
81 71
82 82
83 30
84 73
85 71
39
0 75
1 75
2 22
3 22
4 22
5 75
6 75
7 75
8 75
9 75
10 22
11 22
12 12
13 22
14 22
15 75
16 75
17 22
18 22
19 22
20 75
21 75
22 22
23 22
24 75
25 22
26 22
27 75
28 22
29 22
30 75
31 22
32 22
33 75
34 22
35 22
36 22
37 22
38 22
40 22
41 22
42 22
43 22
44 22
45 22
46 22
47 22
48 22
49 75
50 22
51 75
52 22
53 22
54 22
55 22
56 22
57 22
58 22
59 22
60 22
61 22
62 75
63 75
64 22
65 22
66 22
67 75
68 22
69 22
70 75
71 22
72 22
73 22
74 22
75 75
76 22
77 22
78 75
79 22
80 22
81 75
82 22
83 75
84 22
85 22
40
0 28
1 28
2 28
3 28
4 4
5 28
6 28
7 28
8 28
9 28
10 28
11 28
12 28
13 28
14 28
15 28
16 28
17 28
18 28
19 28
20 28
21 28
22 28
23 4
24 28
25 28
26 47
27 28
28 28
29 28
30 28
31 4
32 28
33 28
34 28
35 28
36 28
37 28
38 28
39 28
41 4
42 28
43 28
44 4
45 4
46 28
47 47
48 28
49 28
50 28
51 28
52 28
53 28
54 28
55 28
56 28
57 28
58 28
59 28
60 28
61 28
62 28
63 28
64 28
65 4
66 28
67 28
68 47
69 28
70 28
71 28
72 4
73 28
74 28
75 28
76 4
77 28
78 4
79 28
80 28
81 28
82 28
83 28
84 28
85 28
41
0 76
1 76
2 45
3 45
4 72
5 76
6 76
7 76
8 76
9 45
10 45
11 45
12 76
13 76
14 76
15 76
16 76
17 76
18 76
19 76
20 76
21 76
22 76
23 76
24 76
25 76
26 72
27 76
28 72
29 76
30 45
31 76
32 76
33 76
34 45
35 76
36 76
37 45
38 45
39 76
40 72
42 45
43 76
44 76
45 45
46 45
47 72
48 72
49 76
50 45
51 76
52 76
53 45
54 76
55 45
56 76
57 45
58 76
59 45
60 45
61 76
62 45
63 76
64 76
65 76
66 76
67 76
68 72
69 76
70 76
71 45
72 72
73 45
74 45
75 76
76 76
77 76
78 76
79 45
80 76
81 76
82 45
83 45
84 76
85 76
42
0 46
1 71
2 71
3 46
4 71
5 71
6 71
7 46
8 71
9 46
10 71
11 46
12 71
13 71
14 71
15 46
16 71
17 71
18 46
19 71
20 71
21 71
22 71
23 46
24 71
25 71
26 71
27 71
28 71
29 71
30 71
31 46
32 71
33 71
34 71
35 71
36 46
37 46
38 71
39 71
40 71
41 46
43 46
44 71
45 46
46 46
47 71
48 71
49 71
50 46
51 71
52 71
53 71
54 71
55 71
56 71
57 46
58 46
59 71
60 71
61 71
62 71
63 71
64 46
65 71
66 71
67 71
68 71
69 46
70 71
71 71
72 71
73 71
74 71
75 71
76 71
77 71
78 71
79 46
80 71
81 71
82 46
83 46
84 46
85 46
43
0 48
1 13
2 48
3 13
4 48
5 13
6 13
7 85
8 13
9 48
10 13
11 69
12 69
13 13
14 13
15 48
16 48
17 13
18 85
19 48
20 13
21 48
22 69
23 85
24 48
25 13
26 48
27 48
28 48
29 13
30 13
31 13
32 13
33 13
34 13
35 13
36 48
37 48
38 13
39 69
40 48
41 69
42 13
44 13
45 13
46 85
47 48
48 48
49 13
50 85
51 13
52 69
53 69
54 69
55 69
56 85
57 48
58 85
59 85
60 13
61 13
62 48
63 13
64 64
65 69
66 48
67 13
68 48
69 69
70 13
71 13
72 48
73 13
74 13
75 13
76 69
77 13
78 69
79 13
80 13
81 48
82 13
83 48
84 69
85 85
44
0 1
1 1
2 29
3 29
4 76
5 77
6 76
7 76
8 1
9 1
10 77
11 29
12 1
13 77
14 77
15 76
16 1
17 76
18 31
19 31
20 1
21 1
22 76
23 76
24 77
25 76
26 29
27 1
28 29
29 29
30 76
31 31
32 29
33 1
34 29
35 29
36 31
37 1
38 1
39 1
40 29
41 76
42 29
43 77
45 76
46 1
47 29
48 77
49 1
50 1
51 77
52 1
53 1
54 1
55 1
56 76
57 1
58 31
59 29
60 77
61 76
62 1
63 1
64 77
65 76
66 76
67 1
68 29
69 76
70 1
71 29
72 76
73 1
74 29
75 1
76 76
77 77
78 76
79 1
80 1
81 76
82 76
83 1
84 1
85 31
45
0 82
1 41
2 82
3 82
4 41
5 82
6 41
7 41
8 41
9 82
10 82
11 82
12 41
13 82
14 82
15 41
16 82
17 41
18 82
19 82
20 82
21 82
22 41
23 82
24 82
25 41
26 41
27 82
28 41
29 41
30 82
31 41
32 82
33 82
34 82
35 82
36 82
37 82
38 82
39 41
40 41
41 41
42 82
43 41
44 41
46 82
47 41
48 82
49 41
50 82
51 82
52 82
53 82
54 41
55 82
56 41
57 82
58 82
59 82
60 82
61 41
62 82
63 82
64 41
65 41
66 82
67 41
68 41
69 41
70 82
71 82
72 41
73 82
74 82
75 41
76 41
77 41
78 41
79 82
80 41
81 82
82 82
83 82
84 82
85 82
46
0 57
1 57
2 57
3 57
4 42
5 42
6 42
7 85
8 57
9 57
10 57
11 57
12 42
13 42
14 42
15 57
16 57
17 42
18 57
19 57
20 57
21 57
22 42
23 57
24 57
25 42
26 42
27 57
28 42
29 42
30 42
31 57
32 42
33 57
34 42
35 42
36 85
37 57
38 42
39 42
40 42
41 57
42 42
43 85
44 42
45 57
47 42
48 57
49 42
50 50
51 57
52 42
53 42
54 42
55 57
56 85
57 57
58 85
59 85
60 42
61 42
62 57
63 57
64 85
65 57
66 57
67 42
68 42
69 85
70 57
71 42
72 42
73 42
74 57
75 42
76 57
77 42
78 85
79 57
80 42
81 57
82 57
83 57
84 57
85 85
47
0 40
1 40
2 40
3 40
4 40
5 40
6 40
7 40
8 40
9 40
10 40
11 40
12 40
13 40
14 40
15 40
16 40
17 40
18 40
19 40
20 40
21 40
22 40
23 40
24 40
25 40
26 68
27 40
28 40
29 40
30 40
31 40
32 40
33 40
34 40
35 40
36 40
37 40
38 40
39 40
40 40
41 40
42 40
43 40
44 40
45 40
46 40
48 40
49 40
50 40
51 40
52 40
53 40
54 40
55 40
56 40
57 40
58 40
59 40
60 40
61 40
62 40
63 40
64 40
65 40
66 40
67 40
68 68
69 40
70 40
71 40
72 40
73 40
74 40
75 40
76 40
77 40
78 40
79 40
80 40
81 40
82 40
83 40
84 40
85 40
48
0 2
1 62
2 2
3 2
4 28
5 62
6 2
7 36
8 62
9 62
10 36
11 2
12 43
13 43
14 62
15 62
16 36
17 2
18 36
19 2
20 62
21 2
22 43
23 36
24 62
25 2
26 28
27 2
28 28
29 2
30 2
31 36
32 2
33 2
34 62
35 2
36 36
37 2
38 2
39 43
40 28
41 28
42 2
43 43
44 43
45 2
46 2
47 28
49 2
50 2
51 2
52 2
53 62
54 43
55 43
56 36
57 2
58 36
59 2
60 2
61 2
62 62
63 62
64 43
65 36
66 2
67 2
68 28
69 43
70 62
71 2
72 28
73 2
74 2
75 62
76 36
77 43
78 36
79 2
80 2
81 2
82 2
83 2
84 2
85 43
49
0 1
1 1
2 35
3 35
4 35
5 1
6 1
7 1
8 1
9 35
10 1
11 35
12 1
13 35
14 1
15 1
16 1
17 35
18 1
19 35
20 1
21 1
22 1
23 1
24 1
25 35
26 35
27 1
28 35
29 35
30 35
31 1
32 1
33 1
34 35
35 35
36 1
37 1
38 35
39 1
40 35
41 1
42 35
43 35
44 1
45 1
46 35
47 35
48 35
50 35
51 1
52 1
53 1
54 1
55 1
56 1
57 1
58 1
59 35
60 1
61 35
62 1
63 1
64 35
65 1
66 1
67 1
68 35
69 1
70 1
71 35
72 1
73 1
74 35
75 1
76 1
77 1
78 1
79 1
80 1
81 35
82 1
83 1
84 1
85 35
50
0 46
1 46
2 46
3 46
4 46
5 46
6 46
7 46
8 46
9 46
10 46
11 46
12 46
13 46
14 46
15 46
16 46
17 46
18 46
19 46
20 46
21 46
22 46
23 46
24 46
25 46
26 46
27 46
28 46
29 46
30 46
31 46
32 46
33 46
34 46
35 46
36 46
37 46
38 46
39 46
40 46
41 46
42 46
43 46
44 46
45 46
46 46
47 46
48 46
49 46
51 46
52 46
53 46
54 46
55 46
56 46
57 46
58 46
59 46
60 46
61 46
62 46
63 46
64 46
65 46
66 46
67 46
68 46
69 46
70 46
71 46
72 46
73 46
74 46
75 46
76 46
77 46
78 46
79 46
80 46
81 46
82 46
83 46
84 46
85 46
51
0 14
1 14
2 66
3 66
4 14
5 20
6 14
7 14
8 14
9 20
10 14
11 66
12 20
13 14
14 14
15 14
16 14
17 66
18 66
19 66
20 20
21 66
22 66
23 66
24 14
25 66
26 14
27 20
28 14
29 14
30 14
31 14
32 66
33 66
34 20
35 14
36 14
37 66
38 14
39 20
40 14
41 66
42 14
43 14
44 14
45 66
46 66
47 14
48 14
49 14
50 66
52 66
53 14
54 66
55 14
56 66
57 66
58 66
59 14
60 14
61 66
62 14
63 20
64 14
65 66
66 66
67 20
68 14
69 14
70 20
71 14
72 66
73 14
74 14
75 20
76 66
77 14
78 66
79 66
80 66
81 66
82 66
83 14
84 66
85 66
52
0 84
1 54
2 73
3 73
4 73
5 54
6 73
7 54
8 54
9 73
10 54
11 73
12 54
13 73
14 54
15 54
16 84
17 54
18 84
19 73
20 84
21 84
22 54
23 84
24 54
25 54
26 73
27 54
28 73
29 54
30 73
31 54
32 54
33 54
34 73
35 54
36 84
37 84
38 73
39 54
40 73
41 54
42 73
43 54
44 54
45 73
46 73
47 73
48 54
49 54
50 73
51 84
53 73
54 54
55 73
56 54
57 73
58 84
59 73
60 54
61 54
62 54
63 54
64 54
65 54
66 84
67 54
68 73
69 54
70 84
71 73
72 54
73 73
74 73
75 54
76 54
77 54
78 54
79 73
80 54
81 84
82 73
83 84
84 84
85 54
53
0 33
1 33
2 38
3 33
4 38
5 9
6 38
7 33
8 33
9 9
10 38
11 55
12 9
13 38
14 38
15 9
16 33
17 9
18 33
19 33
20 9
21 9
22 55
23 33
24 9
25 9
26 38
27 9
28 38
29 33
30 38
31 33
32 33
33 33
34 9
35 9
36 9
37 33
38 38
39 9
40 38
41 9
42 38
43 55
44 33
45 9
46 9
47 38
48 9
49 33
50 9
51 9
52 38
54 33
55 55
56 33
57 9
58 33
59 38
60 38
61 9
62 9
63 9
64 55
65 33
66 33
67 9
68 38
69 55
70 9
71 38
72 9
73 38
74 38
75 9
76 33
77 33
78 33
79 9
80 33
81 33
82 9
83 33
84 33
85 33
54
0 1
1 1
2 22
3 1
4 22
5 1
6 1
7 80
8 1
9 1
10 80
11 52
12 22
13 1
14 80
15 80
16 1
17 22
18 1
19 1
20 1
21 1
22 22
23 1
24 80
25 22
26 22
27 1
28 22
29 1
30 52
31 1
32 1
33 1
34 22
35 1
36 1
37 84
38 52
39 22
40 22
41 22
42 22
43 22
44 1
45 22
46 1
47 22
48 22
49 1
50 1
51 80
52 52
53 1
55 22
56 80
57 1
58 1
59 22
60 80
61 22
62 1
63 1
64 22
65 22
66 80
67 1
68 22
69 22
70 1
71 22
72 22
73 52
74 1
75 1
76 22
77 1
78 80
79 1
80 80
81 80
82 1
83 1
84 84
85 22
55
0 53
1 53
2 11
3 11
4 53
5 53
6 53
7 11
8 53
9 53
10 53
11 11
12 69
13 69
14 53
15 53
16 53
17 11
18 11
19 11
20 53
21 11
22 69
23 11
24 53
25 11
26 53
27 53
28 53
29 11
30 53
31 11
32 53
33 53
34 11
35 11
36 69
37 53
38 53
39 69
40 53
41 11
42 53
43 69
44 53
45 11
46 11
47 53
48 69
49 11
50 11
51 11
52 11
53 53
54 69
56 53
57 11
58 11
59 53
60 53
61 11
62 53
63 53
64 69
65 69
66 11
67 11
68 53
69 69
70 53
71 53
72 11
73 11
74 53
75 53
76 69
77 69
78 53
79 11
80 53
81 11
82 11
83 53
84 11
85 69
56
0 7
1 80
2 7
3 7
4 65
5 7
6 65
7 7
8 80
9 80
10 7
11 80
12 7
13 80
14 80
15 7
16 7
17 80
18 7
19 7
20 80
21 65
22 65
23 7
24 7
25 80
26 80
27 7
28 80
29 65
30 65
31 7
32 80
33 80
34 80
35 80
36 7
37 7
38 80
39 7
40 80
41 65
42 80
43 7
44 65
45 65
46 7
47 80
48 7
49 80
50 7
51 80
52 80
53 80
54 80
55 80
57 7
58 7
59 7
60 80
61 80
62 7
63 7
64 7
65 65
66 80
67 65
68 80
69 65
70 80
71 80
72 65
73 80
74 80
75 7
76 65
77 65
78 7
79 7
80 80
81 80
82 7
83 7
84 80
85 7
57
0 83
1 83
2 2
3 3
4 2
5 2
6 82
7 83
8 83
9 82
10 83
11 82
12 2
13 2
14 82
15 83
16 83
17 2
18 3
19 2
20 2
21 2
22 2
23 82
24 83
25 2
26 2
27 2
28 2
29 3
30 82
31 3
32 3
33 83
34 82
35 2
36 2
37 83
38 82
39 2
40 2
41 82
42 46
43 2
44 3
45 82
46 46
47 2
48 2
49 2
50 46
51 2
52 82
53 82
54 83
55 82
56 83
58 2
59 2
60 82
61 2
62 2
63 2
64 2
65 82
66 2
67 2
68 2
69 2
70 2
71 2
72 82
73 82
74 3
75 2
76 82
77 2
78 82
79 82
80 83
81 2
82 82
83 83
84 83
85 46
58
0 7
1 23
2 19
3 18
4 36
5 23
6 7
7 7
8 23
9 23
10 7
11 23
12 7
13 85
14 7
15 7
16 7
17 7
18 18
19 19
20 23
21 19
22 23
23 23
24 7
25 7
26 36
27 19
28 36
29 18
30 23
31 18
32 18
33 23
34 23
35 18
36 36
37 7
38 23
39 7
40 36
41 23
42 85
43 85
44 18
45 23
46 85
47 36
48 36
49 23
50 85
51 23
52 23
53 23
54 7
55 23
56 7
57 18
59 85
60 7
61 7
62 23
63 23
64 85
65 7
66 23
67 7
68 36
69 85
70 23
71 19
72 23
73 23
74 18
75 7
76 23
77 18
78 7
79 23
80 7
81 19
82 23
83 7
84 23
85 85
59
0 16
1 16
2 71
3 71
4 71
5 71
6 71
7 16
8 16
9 16
10 16
11 71
12 71
13 71
14 16
15 16
16 16
17 71
18 85
19 71
20 16
21 71
22 71
23 85
24 16
25 71
26 71
27 71
28 71
29 71
30 71
31 85
32 71
33 16
34 71
35 71
36 16
37 16
38 71
39 71
40 71
41 16
42 71
43 85
44 71
45 71
46 85
47 71
48 16
49 71
50 85
51 16
52 71
53 71
54 71
55 71
56 16
57 16
58 85
60 16
61 71
62 16
63 16
64 85
65 16
66 71
67 71
68 71
69 85
70 16
71 71
72 71
73 71
74 71
75 16
76 16
77 71
78 16
79 16
80 71
81 71
82 71
83 16
84 16
85 85
60
0 10
1 80
2 38
3 38
4 38
5 14
6 38
7 10
8 80
9 38
10 10
11 38
12 80
13 14
14 14
15 14
16 10
17 80
18 38
19 38
20 14
21 80
22 80
23 38
24 14
25 80
26 38
27 38
28 38
29 14
30 38
31 14
32 38
33 80
34 80
35 38
36 10
37 10
38 38
39 80
40 38
41 38
42 38
43 14
44 14
45 38
46 38
47 38
48 10
49 38
50 38
51 14
52 38
53 38
54 80
55 38
56 80
57 38
58 10
59 10
61 80
62 14
63 14
64 14
65 80
66 80
67 80
68 38
69 38
70 14
71 38
72 38
73 38
74 38
75 80
76 80
77 14
78 80
79 38
80 80
81 80
82 38
83 10
84 80
85 10
61
0 25
1 25
2 25
3 25
4 25
5 25
6 25
7 25
8 25
9 25
10 25
11 25
12 25
13 25
14 25
15 25
16 25
17 17
18 25
19 25
20 25
21 25
22 25
23 25
24 25
25 25
26 25
27 25
28 25
29 25
30 25
31 25
32 25
33 25
34 25
35 25
36 25
37 25
38 25
39 25
40 25
41 25
42 25
43 25
44 25
45 25
46 25
47 25
48 25
49 25
50 25
51 25
52 25
53 25
54 25
55 25
56 25
57 25
58 25
59 25
60 25
62 25
63 25
64 25
65 25
66 25
67 25
68 25
69 25
70 25
71 25
72 25
73 25
74 25
75 25
76 25
77 25
78 25
79 25
80 25
81 25
82 25
83 25
84 25
85 25
62
0 24
1 63
2 48
3 9
4 48
5 5
6 63
7 24
8 63
9 9
10 24
11 9
12 63
13 5
14 24
15 24
16 24
17 9
18 63
19 48
20 63
21 48
22 9
23 63
24 24
25 9
26 48
27 63
28 48
29 9
30 9
31 63
32 5
33 9
34 9
35 9
36 48
37 24
38 9
39 63
40 48
41 9
42 5
43 48
44 5
45 9
46 9
47 48
48 48
49 9
50 9
51 24
52 9
53 9
54 63
55 9
56 24
57 9
58 48
59 24
60 24
61 9
63 63
64 48
65 24
66 63
67 63
68 48
69 48
70 63
71 5
72 48
73 9
74 9
75 63
76 63
77 5
78 24
79 9
80 9
81 48
82 9
83 24
84 63
85 48
63
0 23
1 75
2 27
3 23
4 62
5 5
6 75
7 23
8 75
9 9
10 20
11 9
12 75
13 5
14 20
15 62
16 62
17 9
18 23
19 23
20 20
21 75
22 23
23 23
24 62
25 9
26 62
27 27
28 62
29 9
30 9
31 23
32 23
33 23
34 9
35 9
36 23
37 23
38 9
39 75
40 62
41 23
42 5
43 5
44 23
45 9
46 9
47 62
48 62
49 75
50 9
51 20
52 23
53 9
54 75
55 9
56 23
57 9
58 23
59 5
60 9
61 9
62 62
64 5
65 23
66 23
67 75
68 62
69 5
70 20
71 5
72 23
73 9
74 9
75 75
76 23
77 5
78 75
79 9
80 23
81 23
82 9
83 23
84 23
85 23
64
0 43
1 43
2 43
3 43
4 43
5 43
6 43
7 43
8 43
9 43
10 43
11 43
12 43
13 43
14 43
15 43
16 43
17 43
18 43
19 43
20 43
21 43
22 43
23 43
24 43
25 43
26 43
27 43
28 43
29 43
30 43
31 43
32 43
33 43
34 43
35 43
36 43
37 43
38 43
39 43
40 43
41 43
42 43
43 43
44 43
45 43
46 43
47 43
48 43
49 43
50 43
51 43
52 43
53 43
54 43
55 43
56 43
57 43
58 43
59 43
60 43
61 43
62 43
63 43
65 43
66 43
67 43
68 43
69 43
70 43
71 43
72 43
73 43
74 43
75 43
76 43
77 43
78 43
79 43
80 43
81 43
82 43
83 43
84 43
85 43
65
0 78
1 76
2 6
3 76
4 76
5 76
6 6
7 56
8 76
9 76
10 56
11 76
12 76
13 76
14 56
15 78
16 56
17 6
18 76
19 56
20 76
21 6
22 76
23 76
24 78
25 6
26 76
27 76
28 6
29 76
30 6
31 76
32 56
33 56
34 6
35 76
36 56
37 6
38 6
39 76
40 76
41 76
42 6
43 76
44 76
45 76
46 56
47 76
48 56
49 76
50 56
51 56
52 56
53 6
54 56
55 76
56 56
57 76
58 56
59 56
60 56
61 6
62 76
63 76
64 76
66 56
67 6
68 76
69 76
70 76
71 6
72 76
73 6
74 6
75 78
76 76
77 76
78 78
79 6
80 56
81 6
82 76
83 6
84 56
85 56
66
0 23
1 23
2 81
3 23
4 23
5 23
6 23
7 23
8 23
9 23
10 51
11 23
12 23
13 23
14 51
15 80
16 23
17 80
18 23
19 23
20 51
21 81
22 23
23 23
24 51
25 80
26 80
27 23
28 80
29 23
30 23
31 23
32 23
33 23
34 80
35 80
36 23
37 84
38 23
39 23
40 80
41 23
42 80
43 23
44 23
45 23
46 23
47 80
48 81
49 23
50 23
51 51
52 84
53 23
54 80
55 23
56 80
57 23
58 23
59 23
60 80
61 80
62 23
63 23
64 23
65 23
67 80
68 80
69 23
70 51
71 80
72 23
73 84
74 23
75 23
76 23
77 51
78 80
79 23
80 80
81 81
82 23
83 23
84 84
85 23
67
0 75
1 75
2 21
3 25
4 25
5 75
6 6
7 75
8 75
9 25
10 25
11 25
12 75
13 25
14 25
15 75
16 25
17 25
18 75
19 21
20 75
21 21
22 25
23 75
24 75
25 25
26 25
27 75
28 25
29 25
30 6
31 75
32 25
33 25
34 25
35 25
36 21
37 6
38 6
39 75
40 25
41 6
42 25
43 25
44 75
45 6
46 25
47 25
48 21
49 75
50 25
51 21
52 25
53 6
54 25
55 25
56 6
57 21
58 75
59 25
60 25
61 25
62 75
63 75
64 25
65 6
66 21
68 25
69 25
70 75
71 25
72 6
73 6
74 6
75 75
76 6
77 25
78 75
79 6
80 25
81 21
82 6
83 6
84 21
85 25
68
0 47
1 47
2 47
3 47
4 47
5 47
6 47
7 47
8 47
9 47
10 47
11 47
12 47
13 47
14 47
15 47
16 47
17 47
18 47
19 47
20 47
21 47
22 47
23 47
24 47
25 47
26 26
27 47
28 47
29 47
30 47
31 47
32 47
33 47
34 47
35 47
36 47
37 47
38 47
39 47
40 47
41 47
42 47
43 47
44 47
45 47
46 47
47 47
48 47
49 47
50 47
51 47
52 47
53 47
54 47
55 47
56 47
57 47
58 47
59 47
60 47
61 47
62 47
63 47
64 47
65 47
66 47
67 47
69 47
70 47
71 47
72 47
73 47
74 47
75 47
76 47
77 47
78 47
79 47
80 47
81 47
82 47
83 47
84 47
85 47
69
0 22
1 22
2 43
3 22
4 43
5 43
6 22
7 22
8 22
9 55
10 22
11 55
12 22
13 43
14 43
15 22
16 43
17 22
18 22
19 43
20 22
21 22
22 22
23 22
24 43
25 22
26 43
27 43
28 43
29 22
30 55
31 22
32 22
33 55
34 22
35 22
36 43
37 22
38 55
39 22
40 43
41 22
42 22
43 43
44 22
45 22
46 43
47 43
48 43
49 22
50 43
51 22
52 22
53 55
54 22
55 55
56 22
57 43
58 43
59 43
60 22
61 22
62 43
63 22
64 43
65 22
66 22
67 22
68 43
70 22
71 22
72 22
73 55
74 55
75 22
76 22
77 43
78 22
79 55
80 22
81 43
82 55
83 55
84 22
85 43
70
0 20
1 20
2 20
3 20
4 20
5 20
6 20
7 20
8 20
9 20
10 20
11 20
12 20
13 20
14 20
15 20
16 20
17 20
18 20
19 20
20 20
21 20
22 20
23 20
24 20
25 20
26 20
27 20
28 20
29 20
30 20
31 20
32 20
33 20
34 20
35 20
36 20
37 20
38 20
39 20
40 20
41 20
42 20
43 20
44 20
45 20
46 20
47 20
48 20
49 20
50 20
51 20
52 20
53 20
54 20
55 20
56 20
57 20
58 20
59 20
60 20
61 20
62 20
63 20
64 20
65 20
66 20
67 20
68 20
69 20
71 20
72 20
73 20
74 20
75 20
76 20
77 20
78 20
79 20
80 20
81 20
82 20
83 20
84 20
85 20
71
0 2
1 32
2 2
3 32
4 28
5 13
6 25
7 59
8 32
9 25
10 38
11 25
12 25
13 13
14 13
15 25
16 59
17 25
18 32
19 2
20 2
21 2
22 25
23 32
24 59
25 25
26 28
27 2
28 28
29 32
30 38
31 13
32 32
33 32
34 25
35 35
36 2
37 2
38 38
39 25
40 28
41 25
42 42
43 13
44 13
45 38
46 42
47 28
48 2
49 35
50 42
51 2
52 38
53 38
54 25
55 38
56 25
57 2
58 2
59 59
60 38
61 25
62 2
63 2
64 13
65 25
66 2
67 25
68 28
69 13
70 2
72 28
73 38
74 35
75 25
76 25
77 13
78 25
79 38
80 25
81 2
82 38
83 2
84 2
85 59
72
0 41
1 41
2 4
3 4
4 4
5 4
6 41
7 41
8 41
9 41
10 4
11 41
12 41
13 4
14 41
15 41
16 4
17 4
18 41
19 4
20 41
21 4
22 41
23 41
24 4
25 4
26 4
27 4
28 4
29 41
30 4
31 41
32 4
33 41
34 4
35 4
36 4
37 41
38 4
39 41
40 4
41 41
42 4
43 4
44 41
45 41
46 4
47 4
48 4
49 4
50 4
51 41
52 41
53 4
54 41
55 41
56 41
57 41
58 41
59 4
60 4
61 4
62 4
63 41
64 4
65 41
66 41
67 4
68 4
69 41
70 41
71 4
73 4
74 4
75 41
76 41
77 41
78 41
79 41
80 41
81 4
82 41
83 41
84 41
85 4
73
0 11
1 52
2 38
3 38
4 38
5 38
6 38
7 11
8 52
9 11
10 38
11 11
12 52
13 38
14 38
15 38
16 38
17 11
18 11
19 38
20 11
21 11
22 52
23 11
24 38
25 11
26 38
27 38
28 38
29 11
30 38
31 11
32 38
33 38
34 11
35 11
36 11
37 52
38 38
39 52
40 38
41 11
42 38
43 11
44 52
45 11
46 11
47 38
48 38
49 11
50 11
51 38
52 52
53 38
54 52
55 11
56 38
57 11
58 11
59 38
60 38
61 11
62 11
63 11
64 11
65 38
66 52
67 11
68 38
69 11
70 11
71 38
72 11
74 38
75 52
76 11
77 38
78 38
79 11
80 38
81 38
82 11
83 11
84 52
85 38
74
0 3
1 35
2 3
3 3
4 35
5 35
6 38
7 3
8 35
9 35
10 38
11 35
12 35
13 35
14 38
15 3
16 3
17 35
18 3
19 3
20 3
21 3
22 35
23 3
24 38
25 35
26 35
27 3
28 35
29 35
30 38
31 3
32 3
33 3
34 35
35 35
36 3
37 3
38 38
39 35
40 35
41 38
42 35
43 35
44 35
45 38
46 3
47 35
48 3
49 35
50 3
51 38
52 38
53 38
54 35
55 38
56 38
57 3
58 3
59 35
60 38
61 35
62 35
63 3
64 35
65 38
66 3
67 35
68 35
69 38
70 3
71 35
72 35
73 38
75 35
76 3
77 35
78 38
79 38
80 38
81 3
82 38
83 3
84 38
85 3
75
0 78
1 1
2 63
3 1
4 63
5 63
6 67
7 78
8 1
9 63
10 78
11 63
12 39
13 63
14 1
15 78
16 78
17 67
18 63
19 63
20 63
21 67
22 39
23 63
24 63
25 67
26 63
27 63
28 63
29 1
30 67
31 1
32 1
33 1
34 63
35 1
36 63
37 1
38 1
39 39
40 63
41 78
42 67
43 39
44 1
45 63
46 1
47 63
48 63
49 1
50 1
51 63
52 1
53 1
54 1
55 1
56 78
57 1
58 63
59 67
60 78
61 67
62 63
63 63
64 39
65 78
66 63
67 67
68 63
69 39
70 63
71 67
72 78
73 1
74 1
76 78
77 1
78 78
79 1
80 78
81 67
82 63
83 1
84 1
85 63
76
0 78
1 44
2 22
3 23
4 41
5 23
6 65
7 78
8 44
9 23
10 44
11 23
12 22
13 44
14 44
15 78
16 78
17 22
18 23
19 23
20 23
21 22
22 22
23 23
24 78
25 22
26 41
27 23
28 22
29 44
30 65
31 44
32 23
33 23
34 22
35 44
36 23
37 22
38 23
39 22
40 41
41 41
42 22
43 22
44 44
45 41
46 23
47 41
48 22
49 44
50 23
51 23
52 22
53 23
54 22
55 22
56 65
57 23
58 23
59 22
60 78
61 22
62 23
63 23
64 22
65 65
66 23
67 22
68 41
69 22
70 23
71 22
72 41
73 22
74 23
75 78
77 44
78 78
79 23
80 78
81 23
82 23
83 23
84 22
85 23
77
0 14
1 44
2 13
3 13
4 13
5 13
6 44
7 14
8 44
9 13
10 14
11 13
12 44
13 13
14 14
15 14
16 14
17 13
18 44
19 13
20 14
21 13
22 44
23 44
24 14
25 13
26 13
27 13
28 13
29 44
30 13
31 44
32 13
33 44
34 13
35 13
36 13
37 14
38 13
39 44
40 13
41 44
42 13
43 13
44 44
45 44
46 13
47 13
48 13
49 44
50 13
51 14
52 44
53 13
54 44
55 13
56 14
57 13
58 13
59 13
60 14
61 13
62 13
63 13
64 13
65 44
66 14
67 13
68 13
69 13
70 14
71 13
72 44
73 13
74 13
75 44
76 44
78 44
79 13
80 14
81 13
82 13
83 14
84 14
85 13
78
0 15
1 75
2 7
3 7
4 76
5 75
6 65
7 7
8 75
9 75
10 7
11 76
12 75
13 75
14 15
15 15
16 7
17 80
18 7
19 7
20 75
21 75
22 76
23 76
24 15
25 80
26 76
27 75
28 80
29 76
30 65
31 76
32 80
33 80
34 80
35 75
36 7
37 7
38 80
39 75
40 76
41 76
42 80
43 7
44 76
45 76
46 7
47 76
48 7
49 75
50 7
51 80
52 80
53 80
54 80
55 76
56 7
57 7
58 7
59 7
60 80
61 80
62 15
63 75
64 7
65 65
66 80
67 75
68 76
69 76
70 75
71 80
72 76
73 80
74 80
75 75
76 76
77 76
79 7
80 80
81 80
82 76
83 7
84 80
85 7
79
0 83
1 83
2 82
3 82
4 30
5 82
6 30
7 83
8 83
9 82
10 83
11 82
12 30
13 30
14 30
15 83
16 83
17 30
18 82
19 82
20 82
21 30
22 82
23 82
24 83
25 30
26 30
27 82
28 30
29 83
30 30
31 82
32 83
33 83
34 82
35 30
36 83
37 83
38 30
39 30
40 30
41 82
42 30
43 30
44 82
45 82
46 82
47 30
48 82
49 83
50 82
51 82
52 30
53 30
54 83
55 82
56 30
57 82
58 82
59 83
60 30
61 30
62 82
63 82
64 30
65 30
66 82
67 30
68 30
69 82
70 82
71 30
72 82
73 30
74 30
75 30
76 82
77 30
78 30
80 83
81 82
82 82
83 83
84 83
85 82
80
0 33
1 33
2 25
3 33
4 25
5 25
6 25
7 56
8 33
9 25
10 60
11 25
12 25
13 25
14 60
15 78
16 33
17 25
18 33
19 25
20 66
21 25
22 25
23 33
24 60
25 25
26 25
27 25
28 25
29 33
30 60
31 33
32 33
33 33
34 25
35 25
36 33
37 33
38 60
39 25
40 25
41 78
42 25
43 25
44 33
45 33
46 25
47 25
48 25
49 33
50 25
51 66
52 54
53 33
54 54
55 33
56 56
57 33
58 33
59 25
60 60
61 25
62 25
63 33
64 25
65 56
66 66
67 25
68 25
69 25
70 66
71 25
72 78
73 54
74 60
75 78
76 78
77 60
78 78
79 33
81 66
82 33
83 33
84 54
85 25
81
0 2
1 21
2 2
3 2
4 2
5 2
6 21
7 2
8 21
9 2
10 66
11 2
12 21
13 2
14 66
15 66
16 2
17 2
18 66
19 2
20 66
21 21
22 2
23 66
24 2
25 2
26 2
27 2
28 2
29 2
30 2
31 66
32 2
33 66
34 2
35 2
36 2
37 66
38 2
39 21
40 2
41 66
42 2
43 2
44 66
45 2
46 2
47 2
48 2
49 2
50 2
51 66
52 66
53 2
54 66
55 2
56 66
57 2
58 2
59 2
60 66
61 2
62 2
63 2
64 2
65 21
66 66
67 21
68 2
69 2
70 66
71 2
72 2
73 2
74 2
75 21
76 66
77 2
78 66
79 2
80 66
82 2
83 2
84 66
85 2
82
0 57
1 23
2 57
3 57
4 38
5 9
6 38
7 23
8 23
9 9
10 38
11 11
12 9
13 38
14 38
15 9
16 57
17 9
18 23
19 23
20 9
21 23
22 23
23 23
24 9
25 9
26 38
27 9
28 38
29 9
30 38
31 23
32 23
33 23
34 9
35 9
36 23
37 57
38 38
39 9
40 38
41 45
42 38
43 9
44 23
45 45
46 57
47 38
48 9
49 9
50 57
51 23
52 11
53 9
54 11
55 11
56 23
57 57
58 23
59 38
60 38
61 9
62 9
63 9
64 9
65 23
66 23
67 9
68 38
69 11
70 9
71 38
72 45
73 11
74 38
75 9
76 23
77 23
78 23
79 79
80 23
81 23
83 57
84 23
85 23
83
0 0
1 33
2 57
3 57
4 16
5 16
6 79
7 16
8 33
9 33
10 16
11 57
12 33
13 16
14 16
15 0
16 16
17 33
18 33
19 57
20 33
21 57
22 33
23 33
24 16
25 33
26 16
27 57
28 16
29 33
30 79
31 33
32 33
33 33
34 33
35 16
36 16
37 37
38 33
39 33
40 16
41 33
42 57
43 16
44 33
45 57
46 57
47 16
48 16
49 33
50 57
51 16
52 37
53 33
54 33
55 33
56 16
57 57
58 16
59 16
60 16
61 33
62 16
63 33
64 16
65 0
66 33
67 33
68 16
69 33
70 33
71 16
72 33
73 33
74 57
75 33
76 33
77 16
78 0
79 79
80 33
81 57
82 57
84 37
85 16
84
0 37
1 54
2 66
3 37
4 52
5 66
6 37
7 37
8 54
9 66
10 37
11 52
12 54
13 52
14 66
15 37
16 37
17 54
18 66
19 66
20 66
21 66
22 54
23 66
24 37
25 54
26 52
27 66
28 52
29 54
30 37
31 54
32 37
33 37
34 52
35 54
36 37
37 37
38 52
39 54
40 52
41 54
42 37
43 54
44 54
45 66
46 37
47 52
48 66
49 54
50 37
51 66
52 52
53 37
54 54
55 52
56 54
57 37
58 66
59 37
60 54
61 54
62 66
63 66
64 54
65 54
66 66
67 54
68 52
69 54
70 66
71 52
72 54
73 52
74 52
75 54
76 54
77 54
78 54
79 37
80 54
81 66
82 66
83 37
85 66
85
0 46
1 58
2 43
3 46
4 43
5 43
6 58
7 58
8 58
9 43
10 59
11 43
12 43
13 43
14 43
15 58
16 59
17 59
18 58
19 58
20 58
21 43
22 43
23 58
24 59
25 59
26 43
27 43
28 43
29 59
30 59
31 58
32 59
33 58
34 59
35 59
36 58
37 46
38 59
39 43
40 43
41 58
42 46
43 43
44 43
45 46
46 46
47 43
48 43
49 59
50 46
51 58
52 43
53 43
54 43
55 43
56 58
57 46
58 58
59 59
60 59
61 59
62 43
63 58
64 43
65 58
66 58
67 59
68 43
69 43
70 58
71 59
72 43
73 59
74 46
75 58
76 58
77 43
78 58
79 46
80 58
81 43
82 46
83 46
84 58
136
0
15 61
1
70 84
2
59 83
3
30 37
4
53 81
5
28 23
6
36 48
7
83 85
9
42 37
10
52 25
11
15 59
12
63 26
13
8 65
14
13 63
15
72 49
16
72 46
17
52 41
18
1 5
19
29 28
20
40 19
22
34 66
23
81 17
24
1 72
25
23 16
26
11 33
29
25 58
31
50 52
32
34 8
33
18 54
34
27 7
35
79 60
36
69 9
37
62 19
38
75 71
39
15 2
42
24 77
43
21 77
44
47 4
45
85 39
47
33 3
48
55 82
52
84 37
54
79 3
55
56 64
57
55 50
58
77 39
62
52 64
63
45 2
73
77 21
74
7 34
75
22 24
76
30 32
82
65 50
84
66 60
89
66 54
90
41 53
94
83 30
97
74 24
98
60 53
101
77 31
102
78 70
103
11 20
105
27 12
107
0 80
108
30 74
110
9 24
115
62 5
118
23 4
119
23 79
124
1 0
128
43 27
130
27 65
137
17 61
143
72 82
145
14 48
152
46 18
153
5 20
155
55 59
160
10 51
175
35 9
180
70 37
187
34 84
188
5 43
201
9 79
212
80 84
217
10 31
218
84 66
233
44 29
239
82 23
248
32 3
249
31 73
255
74 71
284
10 80
290
62 82
293
75 76
305
30 6
306
59 71
313
6 81
315
1 54
321
66 62
324
9 34
329
53 5
335
33 78
343
35 34
359
68 26
399
81 6
414
10 16
421
78 36
527
6 54
535
52 81
559
36 51
627
34 73
648
49 1
674
4 40
687
65 6
773
84 52
809
74 32
839
59 85
874
13 48
966
51 60
972
78 65
986
75 78
1149
5 69
1176
65 80
1206
18 58
1235
36 18
1248
29 74
1271
29 80
1360
60 7
1375
55 69
1400
58 19
1424
63 31
1435
68 40
1483
6 75
1631
15 24
1633
41 45
1674
