86 163 1720 3
0 0 15 36
1 0 83 37
2 1 8 35
3 1 33 31
4 1 44 44
5 1 49 30
6 1 54 34
7 1 75 38
8 2 19 38
9 2 27 30
10 2 48 39
11 2 57 36
12 2 71 32
13 2 81 30
14 3 18 30
15 3 32 44
16 3 57 45
17 3 74 33
18 4 28 35
19 4 40 37
20 4 72 40
21 5 13 37
22 5 62 34
23 5 63 45
24 6 30 45
25 6 65 37
26 6 67 45
27 7 15 43
28 7 16 41
29 7 56 40
30 7 58 38
31 7 78 44
32 9 34 42
33 9 53 32
34 9 62 44
35 9 63 34
36 9 82 44
37 10 14 41
38 10 16 45
39 10 60 37
40 11 34 40
41 11 55 40
42 11 73 39
43 11 82 33
44 12 39 39
45 13 43 44
46 13 71 33
47 13 77 35
48 14 24 42
49 14 51 43
50 14 60 43
51 14 77 33
52 15 24 40
53 15 78 37
54 16 24 36
55 16 36 34
56 16 59 38
57 16 83 35
58 17 61 44
59 18 23 31
60 18 31 34
61 18 58 32
62 19 58 41
63 20 51 31
64 20 63 33
65 20 70 36
66 21 67 38
67 21 81 37
68 22 25 37
69 22 39 31
70 22 54 43
71 22 69 35
72 22 76 45
73 23 33 40
74 23 58 35
75 23 63 39
76 23 66 44
77 23 76 45
78 23 82 36
79 24 62 36
80 25 34 32
81 25 61 34
82 25 67 31
83 25 71 37
84 25 80 44
85 26 68 33
86 27 63 33
87 28 40 34
88 28 48 44
89 28 71 41
90 29 32 37
91 29 35 41
92 29 44 40
93 30 38 44
94 30 79 32
95 31 44 39
96 32 33 35
97 32 71 32
98 33 53 32
99 33 80 43
100 33 83 35
101 34 35 35
102 35 49 31
103 35 71 42
104 35 74 40
105 36 48 32
106 36 58 31
107 37 83 30
108 37 84 38
109 38 53 38
110 38 60 36
111 38 71 42
112 38 73 38
113 38 74 36
114 38 82 42
115 39 75 38
116 40 47 39
117 41 45 38
118 41 72 36
119 41 76 35
120 42 46 43
121 42 71 32
122 43 48 38
123 43 64 34
124 43 69 35
125 43 85 30
126 44 76 31
127 44 77 44
128 45 82 34
129 46 50 35
130 46 57 44
131 46 85 42
132 47 68 37
133 48 62 40
134 51 66 35
135 52 54 44
136 52 73 31
137 52 84 44
138 53 55 40
139 54 80 45
140 54 84 33
141 55 69 31
142 56 65 36
143 56 80 36
144 57 82 41
145 57 83 36
146 58 85 31
147 59 71 30
148 59 85 31
149 60 80 31
150 62 63 31
151 63 75 43
152 65 76 36
153 65 78 34
154 66 80 40
155 66 81 43
156 66 84 45
157 67 75 44
158 75 78 40
159 76 78 39
160 78 80 42
161 79 82 41
162 79 83 43
0 15 61 11
1 70 84 12
2 59 83 10
3 30 37 12
4 53 81 11
5 28 23 15
6 36 48 12
7 83 85 13
8 67 36 10
9 42 37 15
10 52 25 12
11 15 59 12
12 63 26 12
13 8 65 12
14 13 63 13
15 72 49 12
16 72 46 14
17 52 41 13
18 1 5 15
19 29 28 13
20 40 19 11
21 72 50 15
22 34 66 12
23 81 17 10
24 1 72 11
25 23 16 12
26 11 33 12
27 45 61 14
28 81 47 15
29 25 58 15
30 16 29 13
31 50 52 10
32 34 8 12
33 18 54 12
34 27 7 11
35 79 60 10
36 69 9 11
37 62 19 11
38 75 71 11
39 15 2 14
40 25 46 15
41 19 39 15
42 24 77 11
43 21 77 15
44 47 4 10
45 85 39 14
46 50 17 14
47 33 3 13
48 55 82 15
49 75 42 11
50 77 6 14
51 59 68 11
52 84 37 13
53 51 58 15
54 79 3 10
55 56 64 11
56 39 38 13
57 55 50 13
58 77 39 15
59 71 28 13
60 0 72 15
61 39 26 14
62 52 64 11
63 45 2 14
64 41 42 14
65 23 42 15
66 54 21 14
67 61 23 13
68 48 72 11
69 26 18 12
70 57 20 13
71 31 80 12
72 52 69 15
73 77 21 13
74 7 34 13
75 22 24 15
76 30 32 15
77 32 55 13
78 50 13 10
79 45 12 12
80 76 49 10
81 69 6 13
82 65 50 11
83 64 70 13
84 66 60 14
85 21 34 12
86 77 32 10
87 31 83 15
88 79 46 10
89 66 54 14
90 41 53 10
91 29 85 12
92 34 6 14
93 69 29 15
94 83 30 10
95 69 31 14
96 3 15 13
97 74 24 12
98 60 53 14
99 8 17 15
100 26 63 13
101 77 31 15
102 78 70 10
103 11 20 11
104 3 9 13
105 27 12 14
106 46 23 10
107 0 80 11
108 30 74 10
109 46 19 11
110 9 24 11
111 50 81 15
112 27 8 12
113 0 75 14
114 22 10 11
115 62 5 11
116 31 15 14
117 76 54 13
118 23 4 10
119 23 79 12
120 77 2 11
121 12 84 13
122 62 81 12
123 51 73 15
124 1 0 15
125 0 13 15
126 74 81 15
127 10 59 13
128 43 27 11
129 37 39 14
130 27 65 13
131 14 47 10
132 40 36 15
133 63 38 13
134 79 14 10
135 59 80 10
136 70 57 10
137 17 61 11
138 68 23 10
139 32 6 10
140 79 30 15
141 66 1 14
142 25 36 15
143 72 82 10
144 22 26 11
145 14 48 15
146 1 3 12
147 76 27 11
148 33 9 14
149 29 17 15
150 44 23 15
151 57 49 11
152 46 18 15
153 5 20 10
154 28 14 10
155 55 59 14
156 44 37 11
157 67 27 11
158 49 63 15
159 3 12 15
160 10 51 13
161 64 14 10
162 68 52 15
163 17 76 10
164 22 40 10
165 42 24 14
166 50 32 11
167 55 56 11
168 2 21 11
169 5 78 14
170 38 10 13
171 43 26 15
172 2 36 15
173 1 46 11
174 9 77 14
175 35 9 10
176 85 43 10
177 57 41 12
178 0 67 12
179 64 40 11
180 70 37 13
181 62 57 10
182 29 63 14
183 57 78 13
184 6 0 14
185 83 29 10
186 83 57 13
187 34 84 12
188 5 43 14
189 29 41 12
190 0 10 13
191 20 56 11
192 58 82 14
193 56 31 15
194 17 70 11
195 72 3 10
196 70 30 11
197 13 11 11
198 8 24 12
199 3 54 11
200 49 68 10
201 9 79 14
202 5 46 10
203 22 38 10
204 51 40 10
205 8 60 15
206 34 60 10
207 11 58 10
208 85 50 12
209 69 45 13
210 72 55 14
211 71 51 11
212 80 84 10
213 20 32 10
214 57 84 14
215 3 39 15
216 38 69 15
217 10 31 14
218 84 66 10
219 73 7 10
220 12 35 12
221 52 63 15
222 51 59 13
223 53 9 14
224 43 16 12
225 72 51 15
226 61 4 14
227 19 12 13
228 54 39 12
229 9 61 13
230 5 16 11
231 85 26 14
232 0 32 15
233 44 29 12
234 57 64 11
235 56 58 15
236 17 41 11
237 19 7 14
238 45 81 14
239 82 23 14
240 34 67 14
241 71 60 11
242 46 64 13
243 22 58 11
244 79 77 11
245 27 80 15
246 43 60 15
247 80 2 11
248 32 3 14
249 31 73 14
250 51 85 13
251 25 77 14
252 39 49 12
253 68 36 12
254 17 58 11
255 74 71 11
256 40 50 15
257 44 16 15
258 30 77 10
259 70 53 15
260 58 51 11
261 19 60 11
262 42 28 11
263 39 0 13
264 80 20 10
265 13 52 13
266 24 31 12
267 7 14 12
268 17 11 12
269 50 25 12
270 43 22 13
271 27 51 11
272 67 71 13
273 23 27 11
274 46 58 10
275 36 35 12
276 46 15 15
277 83 39 11
278 34 37 11
279 10 9 10
280 59 43 12
281 73 33 12
282 72 42 13
283 82 36 11
284 10 80 14
285 68 38 11
286 80 38 13
287 30 64 10
288 46 9 11
289 15 52 12
290 62 82 14
291 22 32 15
292 49 36 11
293 75 76 14
294 56 22 12
295 56 26 12
296 27 83 14
297 79 67 13
298 47 82 14
299 15 46 11
300 0 7 13
301 40 15 12
302 47 83 10
303 67 28 12
304 61 72 11
305 30 6 12
306 59 71 11
307 33 41 15
308 25 9 10
309 64 11 11
310 32 51 12
311 30 61 14
312 81 49 11
313 6 81 10
314 34 80 13
315 1 54 13
316 75 49 10
317 3 48 14
318 80 52 11
319 57 39 14
320 13 18 10
321 66 62 14
322 80 4 13
323 43 1 13
324 9 34 13
325 10 44 14
326 1 13 10
327 21 40 10
328 17 24 10
329 53 5 10
330 23 61 11
331 71 79 14
332 53 65 11
333 14 22 10
334 70 50 10
335 33 78 14
336 37 18 12
337 4 59 14
338 50 48 14
339 77 81 13
340 64 33 11
341 4 7 15
342 8 36 10
343 35 34 11
344 32 50 10
345 82 60 11
346 62 21 11
347 68 54 10
348 45 74 12
349 21 66 15
350 41 76 15
351 76 34 13
352 41 84 13
353 55 27 13
354 77 64 11
355 75 29 10
356 43 40 13
357 61 73 13
358 84 76 15
359 68 26 13
360 56 55 10
361 60 39 15
362 80 12 10
363 47 75 11
364 77 34 15
365 68 13 12
366 0 35 11
367 72 7 11
368 43 55 15
369 3 17 14
370 45 70 15
371 52 79 15
372 49 54 15
373 1 79 13
374 27 45 12
375 59 50 10
376 62 41 10
377 21 11 10
378 11 64 12
379 16 49 11
380 84 17 13
381 39 83 12
382 13 67 10
383 16 35 12
384 74 37 10
385 64 44 14
386 81 29 12
387 51 47 11
388 43 20 12
389 82 31 13
390 58 75 12
391 4 57 15
392 53 46 12
393 58 28 13
394 32 71 15
395 45 19 12
396 9 21 11
397 42 70 12
398 53 58 14
399 81 6 10
400 84 62 12
401 21 20 13
402 75 81 11
403 79 35 14
404 54 41 11
405 26 79 13
406 63 32 15
407 74 72 14
408 6 18 10
409 28 85 14
410 43 34 10
411 56 0 10
412 71 33 10
413 43 73 15
414 10 16 12
415 18 53 14
416 40 60 12
417 28 69 12
418 8 25 15
419 77 61 13
420 31 42 11
421 78 36 13
422 9 39 11
423 55 21 10
424 34 7 14
425 45 18 10
426 50 31 11
427 33 52 10
428 8 67 14
429 63 67 13
430 24 57 11
431 66 22 15
432 48 44 14
433 24 84 11
434 64 5 12
435 13 78 10
436 61 10 13
437 6 31 11
438 29 7 14
439 47 37 12
440 11 67 15
441 38 31 13
442 83 55 10
443 85 23 15
444 2 80 14
445 25 11 11
446 60 70 14
447 6 20 15
448 8 4 14
449 30 53 13
450 58 59 13
451 43 58 13
452 39 45 12
453 38 42 14
454 7 26 12
455 78 42 15
456 32 25 12
457 14 13 10
458 17 48 14
459 26 73 12
460 47 26 11
461 6 68 14
462 31 24 15
463 10 26 12
464 8 39 15
465 66 40 12
466 3 59 10
467 18 48 12
468 2 55 11
469 54 1 13
470 56 36 15
471 13 40 15
472 15 38 12
473 64 61 13
474 20 13 13
475 36 71 11
476 32 84 11
477 58 74 13
478 31 6 11
479 74 36 10
480 55 72 12
481 61 21 12
482 21 85 10
483 20 29 15
484 79 26 13
485 59 14 11
486 47 69 11
487 68 33 14
488 71 77 10
489 75 85 15
490 75 38 14
491 45 10 13
492 42 79 14
493 8 74 12
494 38 55 12
495 41 18 11
496 74 0 10
497 47 21 12
498 19 67 13
499 63 68 12
500 42 32 13
501 1 8 14
502 75 60 13
503 76 44 10
504 48 57 10
505 78 29 13
506 62 18 15
507 43 5 15
508 16 64 15
509 3 7 15
510 39 85 10
511 59 61 15
512 4 81 13
513 30 34 15
514 54 5 15
515 31 13 13
516 12 28 15
517 38 1 15
518 62 75 14
519 16 11 13
520 34 44 13
521 41 22 13
522 44 36 15
523 22 64 15
524 85 25 11
525 62 64 12
526 11 45 15
527 6 54 13
528 66 65 10
529 44 45 15
530 41 46 13
531 53 10 13
532 53 71 14
533 38 5 14
534 30 49 12
535 52 81 10
536 43 72 12
537 52 14 10
538 28 26 14
539 42 53 11
540 33 47 10
541 65 19 12
542 50 77 13
543 8 75 11
544 10 18 15
545 54 72 13
546 39 71 15
547 49 74 13
548 70 38 14
549 64 80 14
550 10 73 13
551 28 7 12
552 20 63 15
553 6 33 15
554 26 49 14
555 23 44 14
556 10 54 12
557 17 30 10
558 15 17 13
559 36 51 14
560 1 14 13
561 49 26 10
562 77 11 14
563 64 54 11
564 2 67 12
565 85 44 11
566 49 0 13
567 19 22 11
568 1 52 11
569 44 53 13
570 26 82 15
571 45 62 13
572 47 50 14
573 37 21 14
574 66 39 10
575 0 38 10
576 4 27 15
577 20 60 11
578 2 27 11
579 39 67 11
580 56 38 15
581 48 26 15
582 41 16 15
583 29 43 13
584 10 14 14
585 1 31 14
586 0 54 15
587 74 42 14
588 85 52 11
589 84 8 14
590 42 25 15
591 85 8 15
592 13 12 15
593 20 64 10
594 59 62 14
595 3 26 15
596 50 54 13
597 50 29 13
598 83 78 12
599 61 22 14
600 9 83 11
601 20 53 12
602 74 65 12
603 24 25 15
604 62 78 10
605 22 85 15
606 76 35 10
607 28 62 12
608 27 44 15
609 25 85 15
610 13 84 11
611 19 32 15
612 57 42 13
613 57 12 14
614 80 43 10
615 47 51 14
616 58 71 10
617 58 8 11
618 50 42 11
619 36 79 12
620 69 77 10
621 64 45 11
622 76 64 11
623 64 21 10
624 9 41 10
625 35 75 13
626 56 63 13
627 34 73 10
628 31 51 15
629 10 52 12
630 56 52 12
631 17 65 11
632 17 49 10
633 72 83 12
634 84 34 15
635 72 85 10
636 16 72 12
637 24 85 15
638 32 40 13
639 61 52 13
640 9 30 14
641 68 55 12
642 2 4 15
643 74 11 15
644 47 76 12
645 51 56 14
646 24 18 11
647 46 75 11
648 49 1 10
649 11 19 15
650 58 3 13
651 49 13 14
652 41 85 11
653 52 4 15
654 67 63 14
655 5 56 11
656 0 85 11
657 3 28 15
658 27 70 14
659 12 8 11
660 1 73 14
661 54 50 13
662 54 28 13
663 20 2 11
664 82 56 11
665 37 32 14
666 28 48 12
667 53 61 10
668 58 81 10
669 74 80 15
670 0 44 13
671 84 41 13
672 36 24 14
673 52 62 13
674 4 40 12
675 50 57 11
676 76 31 10
677 76 0 14
678 54 70 15
679 68 63 15
680 30 84 10
681 45 66 14
682 54 68 10
683 7 20 12
684 17 75 11
685 54 53 11
686 40 34 13
687 65 6 15
688 4 72 12
689 66 6 12
690 1 11 12
691 49 15 12
692 77 59 15
693 74 85 10
694 26 66 14
695 40 32 13
696 56 29 15
697 39 63 12
698 73 29 14
699 81 4 14
700 77 35 10
701 26 13 14
702 67 40 14
703 48 63 10
704 18 13 11
705 1 44 12
706 16 84 14
707 81 32 15
708 22 45 15
709 8 13 10
710 74 83 10
711 25 45 14
712 73 37 11
713 84 73 12
714 8 23 12
715 72 57 14
716 79 75 10
717 31 71 14
718 57 53 13
719 49 55 10
720 80 49 11
721 67 73 12
722 9 25 12
723 2 82 11
724 72 78 13
725 70 27 14
726 59 36 12
727 85 83 11
728 12 65 11
729 52 30 11
730 26 81 14
731 57 1 11
732 49 48 11
733 65 21 10
734 60 15 12
735 10 70 12
736 15 28 11
737 13 9 13
738 65 53 10
739 43 56 13
740 51 57 13
741 9 75 11
742 85 71 14
743 77 17 10
744 56 40 13
745 34 4 12
746 64 79 11
747 30 1 11
748 53 1 13
749 56 62 14
750 61 14 14
751 82 21 12
752 76 60 15
753 22 48 12
754 43 59 10
755 24 51 12
756 73 53 13
757 33 46 10
758 39 40 11
759 57 45 11
760 45 56 15
761 38 66 14
762 18 41 11
763 53 83 14
764 73 6 15
765 14 66 12
766 13 14 12
767 55 60 11
768 29 69 12
769 9 40 13
770 54 36 15
771 53 63 10
772 83 47 10
773 84 52 14
774 1 77 14
775 25 64 15
776 26 8 14
777 28 33 13
778 41 7 11
779 62 40 14
780 54 6 11
781 44 48 11
782 30 26 14
783 73 19 11
784 38 79 12
785 17 35 12
786 57 6 12
787 67 81 11
788 51 24 14
789 69 0 15
790 25 21 12
791 18 59 10
792 48 14 15
793 67 85 13
794 20 65 15
795 48 74 13
796 32 61 13
797 80 60 10
798 26 71 12
799 83 35 13
800 71 56 15
801 23 52 14
802 12 73 11
803 15 78 11
804 22 73 12
805 11 22 15
806 28 17 14
807 0 50 11
808 44 30 15
809 74 32 15
810 12 64 12
811 35 43 12
812 35 8 14
813 78 21 12
814 68 67 11
815 10 33 10
816 6 29 12
817 51 28 10
818 25 20 14
819 19 55 13
820 24 41 15
821 38 78 10
822 39 57 14
823 69 48 12
824 56 12 13
825 64 74 15
826 55 83 11
827 11 24 11
828 46 7 14
829 53 22 14
830 52 68 12
831 49 37 15
832 26 38 13
833 49 6 15
834 67 68 11
835 26 2 14
836 21 46 14
837 66 76 15
838 81 37 13
839 59 85 11
840 50 26 10
841 31 2 14
842 37 49 10
843 13 60 11
844 50 19 14
845 1 30 11
846 51 39 14
847 6 65 12
848 85 63 12
849 73 10 15
850 11 55 11
851 32 83 15
852 28 4 11
853 12 7 15
854 12 49 13
855 30 48 13
856 22 18 14
857 35 46 12
858 39 9 12
859 0 68 15
860 42 58 14
861 48 19 11
862 73 45 10
863 13 81 10
864 65 39 14
865 54 10 10
866 48 53 15
867 5 84 10
868 23 49 10
869 37 53 14
870 2 81 10
871 56 33 14
872 84 42 11
873 65 81 14
874 13 48 11
875 39 35 10
876 3 53 13
877 80 62 14
878 69 36 12
879 60 28 11
880 9 55 12
881 7 22 15
882 35 19 11
883 24 44 12
884 32 1 13
885 9 8 15
886 1 59 11
887 78 66 12
888 3 21 11
889 84 3 12
890 81 3 13
891 12 32 14
892 43 29 11
893 84 25 10
894 63 10 12
895 58 73 12
896 45 32 15
897 8 21 14
898 70 21 12
899 74 22 11
900 0 23 14
901 85 70 10
902 45 83 11
903 75 45 11
904 14 56 13
905 70 0 10
906 77 55 11
907 42 5 12
908 7 61 15
909 35 76 10
910 29 76 12
911 31 21 12
912 5 21 13
913 32 76 13
914 19 30 14
915 29 64 12
916 37 6 15
917 29 61 15
918 50 45 12
919 26 76 14
920 75 34 11
921 71 45 15
922 67 2 11
923 28 3 14
924 32 12 12
925 71 52 15
926 31 16 14
927 83 5 14
928 40 2 12
929 85 65 13
930 84 13 12
931 74 3 12
932 15 71 11
933 27 59 13
934 21 13 10
935 78 6 13
936 32 36 12
937 60 73 15
938 29 72 10
939 9 60 10
940 62 32 15
941 25 32 12
942 50 67 15
943 64 35 14
944 62 26 13
945 37 35 14
946 48 51 13
947 0 56 11
948 28 50 13
949 7 37 13
950 33 13 11
951 0 71 10
952 24 55 14
953 76 26 14
954 81 19 12
955 16 68 15
956 36 0 12
957 27 74 11
958 46 14 13
959 2 17 13
960 77 42 13
961 56 47 11
962 55 53 14
963 37 71 10
964 27 85 15
965 12 54 11
966 51 60 14
967 8 58 12
968 19 33 15
969 70 8 11
970 43 31 13
971 49 34 11
972 78 65 11
973 78 28 10
974 45 30 14
975 46 17 15
976 50 5 14
977 83 68 12
978 24 23 14
979 71 59 11
980 37 3 10
981 10 32 14
982 77 62 15
983 38 58 12
984 34 62 11
985 59 4 12
986 75 78 10
987 58 68 10
988 46 49 12
989 73 61 13
990 29 78 13
991 12 4 15
992 2 43 13
993 26 51 14
994 74 12 10
995 66 2 12
996 14 63 12
997 54 79 15
998 35 27 10
999 60 20 10
1000 64 84 14
1001 58 84 13
1002 8 54 14
1003 75 12 13
1004 40 64 13
1005 23 29 13
1006 31 39 10
1007 15 4 12
1008 68 42 13
1009 71 53 13
1010 14 18 13
1011 41 61 15
1012 20 70 10
1013 70 18 14
1014 15 21 13
1015 82 68 14
1016 46 83 11
1017 33 73 15
1018 74 8 14
1019 51 3 15
1020 67 37 10
1021 44 71 12
1022 47 24 13
1023 58 53 11
1024 15 67 12
1025 47 72 13
1026 63 2 13
1027 15 55 14
1028 32 70 15
1029 12 34 15
1030 52 5 11
1031 30 15 10
1032 20 74 13
1033 67 20 11
1034 71 64 15
1035 42 39 11
1036 58 26 15
1037 34 33 14
1038 62 73 15
1039 76 19 12
1040 14 82 14
1041 61 24 13
1042 52 80 12
1043 35 57 15
1044 46 65 13
1045 71 85 15
1046 31 85 13
1047 8 7 15
1048 41 24 14
1049 18 45 15
1050 75 7 13
1051 63 58 10
1052 71 41 11
1053 51 0 15
1054 37 28 15
1055 2 32 10
1056 20 44 13
1057 7 5 12
1058 15 25 10
1059 52 50 13
1060 59 45 11
1061 61 0 13
1062 14 19 13
1063 73 59 10
1064 27 41 10
1065 52 37 11
1066 58 20 14
1067 77 3 15
1068 37 26 14
1069 70 80 10
1070 62 52 13
1071 21 56 10
1072 18 44 12
1073 31 9 13
1074 73 8 12
1075 53 34 13
1076 16 42 13
1077 6 36 13
1078 59 65 11
1079 26 55 14
1080 2 50 15
1081 44 4 15
1082 23 50 10
1083 3 79 13
1084 28 11 11
1085 55 49 13
1086 55 51 12
1087 36 83 10
1088 41 29 15
1089 81 22 12
1090 20 80 15
1091 14 52 14
1092 35 28 12
1093 28 21 14
1094 55 9 13
1095 70 85 10
1096 46 70 10
1097 30 66 10
1098 42 57 11
1099 23 14 11
1100 48 56 14
1101 83 71 13
1102 37 45 12
1103 47 17 13
1104 14 40 10
1105 3 56 10
1106 44 85 12
1107 63 1 12
1108 20 79 12
1109 4 71 13
1110 11 16 11
1111 43 75 14
1112 69 75 13
1113 83 22 12
1114 71 50 14
1115 19 51 11
1116 40 55 10
1117 4 49 15
1118 8 46 10
1119 61 75 13
1120 74 25 13
1121 66 32 14
1122 42 27 10
1123 25 34 12
1124 42 67 15
1125 2 85 10
1126 79 63 13
1127 20 14 11
1128 34 53 10
1129 50 35 15
1130 48 9 12
1131 42 31 11
1132 18 16 15
1133 33 57 10
1134 65 12 10
1135 13 34 14
1136 13 21 14
1137 56 9 14
1138 71 68 12
1139 5 71 14
1140 84 32 11
1141 57 38 14
1142 85 82 15
1143 51 65 10
1144 62 76 11
1145 1 66 10
1146 41 65 14
1147 75 77 10
1148 42 83 14
1149 5 69 10
1150 34 2 11
1151 27 36 15
1152 3 43 10
1153 70 14 15
1154 6 43 13
1155 28 43 15
1156 66 84 13
1157 75 4 15
1158 23 13 11
1159 8 12 13
1160 53 72 12
1161 53 2 11
1162 81 9 11
1163 37 55 13
1164 54 33 11
1165 19 44 14
1166 67 24 13
1167 20 6 13
1168 34 79 14
1169 74 41 14
1170 9 22 13
1171 0 74 11
1172 0 31 11
1173 55 47 13
1174 45 63 15
1175 15 53 13
1176 65 80 10
1177 27 2 12
1178 73 79 12
1179 7 38 11
1180 64 72 15
1181 50 37 15
1182 12 50 12
1183 45 5 14
1184 49 18 15
1185 72 41 11
1186 16 28 10
1187 60 18 12
1188 70 62 13
1189 12 27 15
1190 46 62 12
1191 41 69 13
1192 15 64 15
1193 1 41 14
1194 25 73 11
1195 39 4 14
1196 28 47 12
1197 81 35 11
1198 81 60 14
1199 67 45 14
1200 69 65 10
1201 75 22 10
1202 55 78 13
1203 47 48 14
1204 25 22 12
1205 85 76 13
1206 18 58 13
1207 20 17 11
1208 53 68 11
1209 10 22 13
1210 32 15 14
1211 26 78 15
1212 77 44 12
1213 71 4 11
1214 2 11 13
1215 37 46 10
1216 36 34 13
1217 28 46 15
1218 27 35 10
1219 31 79 10
1220 3 27 11
1221 67 55 15
1222 54 59 14
1223 54 81 13
1224 32 60 13
1225 82 81 11
1226 6 12 10
1227 84 7 12
1228 0 70 11
1229 65 32 11
1230 22 50 10
1231 10 82 14
1232 57 60 15
1233 60 79 12
1234 82 28 11
1235 36 18 11
1236 41 27 14
1237 28 78 11
1238 17 33 11
1239 46 63 13
1240 57 23 13
1241 58 32 12
1242 57 43 10
1243 67 44 11
1244 11 12 12
1245 67 39 13
1246 4 29 15
1247 48 24 14
1248 29 74 13
1249 68 62 14
1250 64 38 11
1251 36 59 12
1252 80 75 14
1253 31 47 15
1254 64 76 12
1255 7 49 14
1256 31 75 11
1257 67 43 11
1258 16 82 15
1259 6 19 12
1260 39 52 10
1261 53 85 15
1262 75 37 13
1263 56 82 13
1264 8 66 14
1265 66 55 11
1266 28 73 12
1267 79 37 15
1268 41 74 11
1269 8 14 15
1270 71 42 15
1271 29 80 12
1272 80 6 10
1273 58 27 13
1274 54 17 13
1275 74 48 12
1276 37 72 14
1277 63 59 14
1278 10 61 14
1279 80 19 11
1280 2 5 14
1281 82 15 10
1282 32 22 14
1283 52 85 13
1284 76 7 13
1285 23 40 10
1286 41 62 12
1287 75 43 10
1288 32 74 10
1289 80 85 10
1290 84 65 10
1291 0 33 15
1292 45 65 15
1293 34 20 15
1294 22 61 15
1295 82 37 15
1296 75 50 13
1297 44 84 11
1298 79 38 14
1299 25 5 12
1300 14 58 10
1301 75 59 11
1302 42 8 11
1303 83 27 12
1304 26 30 12
1305 29 55 13
1306 47 57 15
1307 61 63 13
1308 27 32 15
1309 42 68 13
1310 41 6 11
1311 1 38 15
1312 82 75 13
1313 76 11 12
1314 0 60 13
1315 9 80 15
1316 80 23 14
1317 3 52 10
1318 76 4 13
1319 33 50 13
1320 52 77 13
1321 85 34 13
1322 19 11 13
1323 37 29 12
1324 27 19 12
1325 25 49 14
1326 47 18 12
1327 41 68 13
1328 48 62 11
1329 40 1 13
1330 71 11 15
1331 7 84 13
1332 22 66 15
1333 28 83 14
1334 38 59 13
1335 9 23 15
1336 48 11 12
1337 78 81 14
1338 26 84 13
1339 85 30 10
1340 73 50 11
1341 56 42 13
1342 38 32 11
1343 74 4 14
1344 40 8 15
1345 77 43 13
1346 51 27 10
1347 7 83 13
1348 18 15 10
1349 45 9 13
1350 33 7 13
1351 65 59 15
1352 82 7 12
1353 64 13 10
1354 26 83 12
1355 25 60 15
1356 80 31 14
1357 20 61 15
1358 20 76 12
1359 74 69 13
1360 60 7 12
1361 46 38 14
1362 75 74 15
1363 4 60 10
1364 23 75 14
1365 49 77 14
1366 12 41 12
1367 70 23 13
1368 1 6 15
1369 16 73 11
1370 27 13 11
1371 16 50 14
1372 73 24 13
1373 33 53 10
1374 20 8 11
1375 55 69 14
1376 36 9 12
1377 63 61 10
1378 17 77 10
1379 67 34 11
1380 80 82 12
1381 45 52 10
1382 60 55 15
1383 46 43 14
1384 76 20 11
1385 46 16 15
1386 69 41 14
1387 62 85 10
1388 55 24 10
1389 85 19 11
1390 70 22 14
1391 28 30 12
1392 18 69 13
1393 67 78 13
1394 13 47 15
1395 76 83 13
1396 38 62 11
1397 52 67 15
1398 34 52 12
1399 46 41 10
1400 58 19 14
1401 1 15 14
1402 45 6 14
1403 69 61 12
1404 44 3 15
1405 43 69 10
1406 83 1 12
1407 67 1 10
1408 82 71 15
1409 53 62 14
1410 62 33 12
1411 63 55 10
1412 75 27 13
1413 68 70 13
1414 49 81 12
1415 49 42 11
1416 28 29 12
1417 56 35 15
1418 73 52 11
1419 25 61 14
1420 18 19 15
1421 78 9 12
1422 27 62 12
1423 26 70 15
1424 63 31 12
1425 40 6 12
1426 21 14 14
1427 37 1 12
1428 81 0 12
1429 60 16 13
1430 61 82 14
1431 54 20 14
1432 45 75 13
1433 57 30 13
1434 48 2 14
1435 68 40 14
1436 14 77 14
1437 11 56 12
1438 62 29 13
1439 55 46 11
1440 78 56 15
1441 67 57 12
1442 44 83 12
1443 57 14 11
1444 14 80 14
1445 68 32 12
1446 33 76 13
1447 8 55 11
1448 72 40 11
1449 43 61 12
1450 61 35 11
1451 56 81 11
1452 28 64 12
1453 65 58 13
1454 47 49 10
1455 79 10 14
1456 72 66 13
1457 42 47 13
1458 68 28 11
1459 23 76 10
1460 7 41 14
1461 1 40 12
1462 44 14 13
1463 29 48 12
1464 70 46 12
1465 4 41 15
1466 72 8 14
1467 28 35 12
1468 23 37 13
1469 60 13 11
1470 24 78 11
1471 31 7 13
1472 43 30 11
1473 47 78 13
1474 40 74 15
1475 69 2 14
1476 50 20 14
1477 23 15 14
1478 67 62 14
1479 62 80 12
1480 64 83 14
1481 18 60 11
1482 59 54 11
1483 6 75 13
1484 74 82 14
1485 31 55 13
1486 52 3 14
1487 63 84 14
1488 63 64 12
1489 42 1 10
1490 84 5 13
1491 51 20 14
1492 3 10 10
1493 56 78 11
1494 23 18 13
1495 57 66 11
1496 49 30 10
1497 38 85 10
1498 44 54 13
1499 15 8 13
1500 26 74 14
1501 56 21 12
1502 81 40 14
1503 11 75 14
1504 58 85 10
1505 64 85 14
1506 38 0 13
1507 42 40 11
1508 46 25 15
1509 50 43 14
1510 80 61 11
1511 55 66 11
1512 79 47 10
1513 44 10 11
1514 5 52 14
1515 53 57 11
1516 8 16 14
1517 49 70 11
1518 3 23 13
1519 66 42 11
1520 57 72 14
1521 19 14 12
1522 73 21 12
1523 10 28 13
1524 13 61 11
1525 24 72 10
1526 67 47 14
1527 27 4 13
1528 64 26 13
1529 66 15 13
1530 56 20 11
1531 68 50 13
1532 43 85 13
1533 5 51 13
1534 61 47 12
1535 72 45 13
1536 31 41 12
1537 12 0 12
1538 81 85 13
1539 61 84 11
1540 45 1 12
1541 5 22 12
1542 68 83 14
1543 8 3 15
1544 69 40 12
1545 19 27 12
1546 60 80 11
1547 5 67 10
1548 19 36 10
1549 10 47 10
1550 59 38 14
1551 31 14 13
1552 48 1 14
1553 85 15 13
1554 14 11 12
1555 81 46 15
1556 48 55 10
1557 29 82 12
1558 2 35 13
1559 84 83 12
1560 5 39 12
1561 4 82 14
1562 75 17 11
1563 2 51 14
1564 79 4 15
1565 49 39 14
1566 39 79 11
1567 42 55 15
1568 50 27 14
1569 37 62 11
1570 21 38 12
1571 12 62 10
1572 30 44 10
1573 37 82 15
1574 23 33 12
1575 78 80 15
1576 52 51 15
1577 77 4 10
1578 4 33 12
1579 27 75 15
1580 70 2 12
1581 70 69 15
1582 80 21 12
1583 13 38 10
1584 73 48 10
1585 56 6 14
1586 74 64 13
1587 26 9 13
1588 1 75 14
1589 14 50 13
1590 68 71 10
1591 28 2 11
1592 80 69 12
1593 48 77 10
1594 23 70 10
1595 46 6 10
1596 48 32 12
1597 49 19 12
1598 44 28 13
1599 13 16 13
1600 51 75 14
1601 57 50 11
1602 81 74 12
1603 62 35 12
1604 7 80 14
1605 82 64 14
1606 57 15 13
1607 29 83 11
1608 11 43 13
1609 4 35 11
1610 48 10 12
1611 32 57 10
1612 53 42 10
1613 47 23 13
1614 33 36 12
1615 84 64 15
1616 81 18 14
1617 53 76 12
1618 47 32 10
1619 14 28 15
1620 5 32 14
1621 64 62 13
1622 17 2 14
1623 24 70 11
1624 76 50 12
1625 21 39 11
1626 60 85 13
1627 0 62 12
1628 84 15 12
1629 55 33 12
1630 0 21 13
1631 15 24 12
1632 24 36 11
1633 41 45 12
1634 49 11 14
1635 25 18 13
1636 26 68 12
1637 44 9 10
1638 73 85 12
1639 34 16 15
1640 61 43 10
1641 69 64 15
1642 7 65 12
1643 82 67 11
1644 1 56 11
1645 60 9 11
1646 50 24 11
1647 84 23 15
1648 79 27 13
1649 67 13 15
1650 31 19 13
1651 57 31 11
1652 19 52 11
1653 57 54 13
1654 64 65 10
1655 68 57 15
1656 58 37 14
1657 19 73 12
1658 34 77 14
1659 24 9 11
1660 44 81 13
1661 20 51 13
1662 77 0 15
1663 42 29 13
1664 83 54 13
1665 26 23 10
1666 50 15 15
1667 61 57 14
1668 1 43 11
1669 13 83 12
1670 85 12 14
1671 2 13 13
1672 51 35 14
1673 1 20 11
1674 68 7 10
1675 76 28 14
1676 82 46 11
1677 9 14 12
1678 35 85 11
1679 72 61 14
1680 12 46 13
1681 31 33 10
1682 10 2 15
1683 48 54 10
1684 64 53 11
1685 45 7 12
1686 50 4 11
1687 52 83 11
1688 18 39 13
1689 70 81 14
1690 16 18 12
1691 54 82 10
1692 31 43 10
1693 53 16 10
1694 7 67 12
1695 4 9 12
1696 61 78 14
1697 63 83 10
1698 78 67 10
1699 78 61 15
1700 45 23 13
1701 67 50 13
1702 47 6 14
1703 27 53 14
1704 11 50 14
1705 37 5 13
1706 28 60 11
1707 6 67 15
1708 58 10 12
1709 25 74 10
1710 24 79 10
1711 77 19 10
1712 5 61 10
1713 80 22 15
1714 36 63 12
1715 65 41 15
1716 57 79 14
1717 8 29 11
1718 59 29 14
1719 15 42 11
