otherCase
0
1 30
2 30
3 30
4 30
5 30
6 30
7 30
8 30
9 58
10 30
11 50
12 30
13 58
14 58
15 30
16 50
17 30
18 30
19 30
20 30
21 30
22 50
23 50
24 30
25 30
26 30
27 30
28 50
29 30
30 30
31 30
32 30
33 58
34 30
35 30
36 58
37 30
38 30
39 30
40 30
41 58
42 30
43 30
44 50
45 30
46 50
47 30
48 30
49 30
50 50
51 30
52 58
53 30
54 50
55 30
56 50
57 30
58 58
59 58
60 30
61 58
62 30
63 30
64 30
65 30
66 30
67 50
68 30
69 50
70 30
71 58
72 30
73 58
74 30
75 30
76 30
77 30
78 30
79 30
80 30
81 30
82 30
83 30
84 50
85 30
1
0 9
2 67
3 9
4 67
5 60
6 9
7 9
8 9
9 9
10 9
11 67
12 67
13 9
14 9
15 60
16 9
17 60
18 60
19 60
20 9
21 9
22 9
23 9
24 67
25 60
26 9
27 67
28 67
29 60
30 60
31 67
32 9
33 9
34 9
35 60
36 9
37 67
38 9
39 9
40 9
41 9
42 60
43 67
44 9
45 67
46 67
47 67
48 9
49 9
50 67
51 60
52 9
53 67
54 67
55 67
56 67
57 60
58 9
59 9
60 60
61 9
62 9
63 60
64 67
65 9
66 9
67 67
68 60
69 60
70 60
71 9
72 9
73 9
74 60
75 60
76 60
77 60
78 60
79 9
80 60
81 9
82 67
83 60
84 9
85 9
2
0 30
1 67
3 17
4 27
5 17
6 17
7 30
8 30
9 48
10 53
11 67
12 30
13 63
14 17
15 17
16 27
17 17
18 17
19 48
20 17
21 27
22 27
23 48
24 30
25 48
26 30
27 27
28 67
29 48
30 30
31 30
32 17
33 63
34 48
35 63
36 27
37 48
38 17
39 17
40 30
41 17
42 17
43 27
44 27
45 63
46 48
47 48
48 48
49 63
50 67
51 17
52 17
53 53
54 48
55 27
56 17
57 48
58 17
59 27
60 30
61 17
62 30
63 63
64 27
65 48
66 48
67 67
68 48
69 17
70 48
71 17
72 48
73 17
74 27
75 63
76 17
77 30
78 17
79 27
80 27
81 30
82 30
83 30
84 48
85 53
3
0 41
1 41
2 51
4 51
5 51
6 41
7 51
8 51
9 41
10 51
11 51
12 51
13 41
14 41
15 51
16 41
17 51
18 41
19 51
20 41
21 51
22 41
23 41
24 51
25 41
26 51
27 51
28 51
29 51
30 51
31 51
32 41
33 51
34 41
35 51
36 41
37 51
38 51
39 41
40 51
41 41
42 51
43 51
44 41
45 41
46 51
47 41
48 51
49 51
50 41
51 51
52 41
53 51
54 41
55 51
56 51
57 41
58 41
59 41
60 51
61 51
62 41
63 51
64 51
65 51
66 41
67 41
68 51
69 51
70 51
71 41
72 41
73 51
74 51
75 51
76 51
77 51
78 51
79 51
80 51
81 51
82 41
83 41
84 41
85 41
4
0 80
1 47
2 47
3 80
5 18
6 18
7 32
8 18
9 18
10 80
11 18
12 47
13 18
14 18
15 18
16 18
17 18
18 18
19 47
20 18
21 32
22 32
23 32
24 47
25 47
26 80
27 80
28 18
29 32
30 80
31 47
32 32
33 61
34 18
35 18
36 61
37 47
38 18
39 18
40 47
41 18
42 80
43 32
44 18
45 18
46 47
47 47
48 47
49 47
50 47
51 80
52 18
53 80
54 18
55 32
56 18
57 47
58 61
59 18
60 18
61 61
62 32
63 18
64 32
65 47
66 47
67 47
68 32
69 47
70 32
71 18
72 18
73 61
74 18
75 32
76 18
77 47
78 18
79 80
80 80
81 80
82 47
83 47
84 32
85 80
5
0 49
1 51
2 38
3 51
4 51
6 38
7 38
8 64
9 38
10 49
11 56
12 64
13 75
14 38
15 51
16 38
17 38
18 56
19 49
20 38
21 51
22 38
23 70
24 49
25 56
26 64
27 38
28 49
29 49
30 49
31 56
32 70
33 75
34 38
35 56
36 75
37 56
38 38
39 56
40 49
41 51
42 51
43 64
44 56
45 75
46 38
47 56
48 49
49 49
50 56
51 51
52 49
53 38
54 56
55 64
56 56
57 56
58 38
59 75
60 51
61 75
62 70
63 49
64 64
65 51
66 38
67 56
68 49
69 38
70 70
71 38
72 56
73 38
74 74
75 75
76 38
77 56
78 51
79 51
80 51
81 38
82 64
83 49
84 70
85 38
6
0 81
1 71
2 16
3 18
4 18
5 38
7 81
8 34
9 71
10 38
11 16
12 81
13 18
14 18
15 18
16 16
17 38
18 18
19 16
20 38
21 16
22 16
23 16
24 34
25 34
26 81
27 16
28 18
29 16
30 81
31 81
32 18
33 16
34 34
35 18
36 16
37 18
38 38
39 18
40 81
41 18
42 81
43 81
44 16
45 18
46 16
47 18
48 16
49 16
50 16
51 18
52 16
53 38
54 18
55 34
56 18
57 34
58 16
59 16
60 18
61 18
62 81
63 18
64 34
65 71
66 38
67 16
68 16
69 34
70 16
71 71
72 18
73 18
74 16
75 18
76 38
77 81
78 18
79 81
80 81
81 81
82 34
83 81
84 16
85 38
7
0 46
1 21
2 46
3 21
4 23
5 8
6 81
8 8
9 21
10 81
11 46
12 81
13 46
14 21
15 46
16 21
17 46
18 23
19 23
20 46
21 21
22 23
23 23
24 81
25 46
26 81
27 21
28 46
29 21
30 81
31 81
32 23
33 46
34 8
35 8
36 21
37 46
38 81
39 81
40 81
41 21
42 46
43 81
44 21
45 23
46 46
47 46
48 46
49 21
50 46
51 21
52 81
53 46
54 8
55 8
56 8
57 46
58 46
59 46
60 81
61 23
62 81
63 8
64 8
65 21
66 46
67 46
68 21
69 46
70 8
71 21
72 23
73 23
74 8
75 23
76 8
77 81
78 46
79 81
80 81
81 81
82 81
83 81
84 23
85 46
8
0 7
1 7
2 7
3 7
4 7
5 55
6 7
7 7
9 7
10 7
11 7
12 7
13 7
14 7
15 7
16 7
17 7
18 54
19 7
20 7
21 7
22 7
23 7
24 54
25 55
26 7
27 7
28 7
29 55
30 7
31 7
32 7
33 54
34 55
35 54
36 7
37 7
38 7
39 7
40 7
41 7
42 7
43 55
44 7
45 54
46 7
47 7
48 7
49 54
50 7
51 7
52 7
53 7
54 54
55 55
56 54
57 55
58 7
59 7
60 7
61 54
62 7
63 54
64 55
65 7
66 7
67 7
68 55
69 7
70 55
71 7
72 54
73 54
74 55
75 55
76 54
77 54
78 7
79 7
80 7
81 7
82 55
83 7
84 7
85 7
9
0 58
1 1
2 1
3 41
4 1
5 1
6 71
7 22
8 22
10 66
11 22
12 22
13 58
14 41
15 1
16 22
17 41
18 41
19 22
20 41
21 71
22 22
23 22
24 66
25 22
26 22
27 22
28 1
29 22
30 1
31 22
32 22
33 58
34 71
35 22
36 22
37 1
38 66
39 22
40 66
41 41
42 22
43 22
44 22
45 1
46 22
47 1
48 66
49 66
50 22
51 1
52 58
53 66
54 22
55 71
56 1
57 22
58 58
59 58
60 1
61 58
62 22
63 22
64 1
65 71
66 66
67 1
68 22
69 22
70 22
71 71
72 22
73 58
74 22
75 22
76 41
77 1
78 1
79 58
80 22
81 22
82 1
83 58
84 22
85 66
10
0 80
1 28
2 53
3 80
4 80
5 49
6 80
7 80
8 80
9 66
11 28
12 40
13 80
14 24
15 66
16 49
17 53
18 28
19 49
20 53
21 49
22 66
23 66
24 24
25 24
26 40
27 80
28 28
29 49
30 80
31 80
32 80
33 80
34 24
35 24
36 49
37 80
38 85
39 80
40 40
41 66
42 80
43 40
44 49
45 28
46 66
47 24
48 66
49 49
50 28
51 80
52 40
53 53
54 24
55 24
56 49
57 24
58 66
59 49
60 80
61 80
62 80
63 49
64 24
65 49
66 66
67 28
68 49
69 80
70 49
71 66
72 66
73 53
74 49
75 80
76 24
77 24
78 66
79 80
80 80
81 80
82 24
83 40
84 66
85 85
11
0 50
1 50
2 50
3 56
4 56
5 56
6 44
7 50
8 50
9 50
10 50
12 56
13 56
14 56
15 56
16 44
17 56
18 56
19 50
20 56
21 44
22 50
23 50
24 50
25 56
26 56
27 44
28 50
29 44
30 50
31 56
32 50
33 56
34 44
35 56
36 44
37 56
38 56
39 56
40 56
41 50
42 50
43 56
44 44
45 56
46 50
47 56
48 50
49 56
50 50
51 56
52 44
53 50
54 50
55 56
56 56
57 56
58 50
59 44
60 50
61 56
62 44
63 56
64 56
65 44
66 50
67 50
68 44
69 50
70 56
71 44
72 56
73 50
74 56
75 56
76 56
77 56
78 56
79 56
80 44
81 50
82 50
83 56
84 50
85 56
12
0 26
1 37
2 26
3 26
4 37
5 26
6 26
7 26
8 26
9 26
10 26
11 26
13 26
14 26
15 37
16 26
17 26
18 26
19 26
20 26
21 26
22 26
23 26
24 26
25 37
26 26
27 26
28 26
29 37
30 26
31 26
32 26
33 26
34 26
35 26
36 26
37 37
38 26
39 26
40 26
41 26
42 26
43 26
44 26
45 26
46 26
47 37
48 37
49 26
50 26
51 26
52 37
53 26
54 26
55 26
56 26
57 37
58 37
59 26
60 26
61 26
62 26
63 26
64 26
65 37
66 26
67 37
68 26
69 26
70 26
71 26
72 26
73 26
74 26
75 26
76 26
77 26
78 37
79 37
80 26
81 26
82 26
83 26
84 26
85 26
13
0 59
1 18
2 75
3 18
4 18
5 75
6 18
7 59
8 18
9 59
10 75
11 18
12 75
14 18
15 18
16 59
17 18
18 18
19 75
20 18
21 59
22 59
23 18
24 75
25 18
26 75
27 59
28 18
29 59
30 75
31 18
32 75
33 59
34 18
35 18
36 59
37 18
38 18
39 18
40 75
41 18
42 59
43 75
44 59
45 18
46 59
47 18
48 18
49 75
50 59
51 18
52 18
53 75
54 18
55 75
56 18
57 18
58 59
59 59
60 18
61 18
62 59
63 75
64 75
65 18
66 18
67 18
68 59
69 59
70 75
71 18
72 18
73 18
74 18
75 75
76 18
77 18
78 18
79 75
80 75
81 18
82 75
83 18
84 18
85 18
14
0 52
1 41
2 17
3 41
4 18
5 17
6 18
7 32
8 18
9 41
10 17
11 18
12 25
13 18
15 17
16 18
17 17
18 18
19 25
20 17
21 71
22 25
23 32
24 25
25 25
26 39
27 17
28 18
29 52
30 17
31 25
32 32
33 32
34 25
35 17
36 18
37 25
38 17
39 39
40 52
41 41
42 17
43 25
44 18
45 18
46 17
47 25
48 25
49 52
50 17
51 17
52 52
53 17
54 18
55 25
56 18
57 25
58 52
59 18
60 17
61 17
62 32
63 17
64 25
65 71
66 25
67 17
68 52
69 17
70 32
71 71
72 18
73 17
74 18
75 32
76 17
77 25
78 17
79 52
80 17
81 39
82 25
83 52
84 32
85 17
15
0 78
1 78
2 78
3 78
4 78
5 78
6 78
7 78
8 78
9 78
10 78
11 78
12 78
13 78
14 78
16 78
17 78
18 78
19 78
20 78
21 78
22 78
23 78
24 78
25 78
26 78
27 78
28 78
29 78
30 78
31 78
32 78
33 78
34 78
35 78
36 78
37 78
38 78
39 78
40 78
41 78
42 78
43 78
44 78
45 78
46 78
47 78
48 78
49 78
50 78
51 78
52 78
53 78
54 78
55 78
56 78
57 78
58 78
59 78
60 78
61 78
62 78
63 78
64 78
65 78
66 78
67 78
68 78
69 78
70 78
71 78
72 78
73 78
74 78
75 78
76 78
77 78
78 78
79 78
80 78
81 78
82 78
83 78
84 78
85 78
16
0 22
1 22
2 27
3 21
4 6
5 6
6 6
7 21
8 21
9 22
10 27
11 44
12 6
13 59
14 6
15 6
17 6
18 6
19 22
20 6
21 21
22 22
23 21
24 27
25 6
26 6
27 27
28 6
29 29
30 6
31 6
32 21
33 36
34 6
35 36
36 36
37 27
38 6
39 6
40 6
41 22
42 27
43 6
44 44
45 6
46 59
47 29
48 29
49 29
50 22
51 21
52 29
53 27
54 59
55 6
56 6
57 6
58 59
59 59
60 22
61 36
62 59
63 22
64 27
65 21
66 22
67 22
68 29
69 59
70 29
71 6
72 6
73 59
74 27
75 27
76 6
77 6
78 6
79 27
80 27
81 6
82 6
83 29
84 21
85 6
17
0 2
1 2
2 2
3 51
4 14
5 38
6 38
7 69
8 69
9 14
10 2
11 38
12 69
13 14
14 14
15 78
16 2
18 14
19 2
20 20
21 14
22 2
23 14
24 2
25 14
26 69
27 2
28 2
29 2
30 2
31 2
32 14
33 69
34 14
35 76
36 2
37 2
38 38
39 14
40 2
41 14
42 69
43 38
44 2
45 2
46 69
47 2
48 2
49 2
50 2
51 51
52 14
53 2
54 69
55 14
56 38
57 14
58 73
59 69
60 51
61 73
62 14
63 2
64 38
65 51
66 2
67 2
68 2
69 69
70 14
71 14
72 73
73 73
74 2
75 2
76 76
77 2
78 78
79 14
80 51
81 2
82 2
83 2
84 14
85 38
18
0 4
1 78
2 14
3 14
4 4
5 56
6 6
7 6
8 72
9 6
10 4
11 56
12 4
13 13
14 14
15 78
16 6
17 14
19 14
20 14
21 6
22 6
23 72
24 4
25 14
26 6
27 4
28 45
29 6
30 4
31 4
32 4
33 4
34 6
35 56
36 6
37 4
38 6
39 39
40 4
41 14
42 4
43 6
44 6
45 45
46 13
47 4
48 72
49 45
50 56
51 78
52 14
53 4
54 72
55 6
56 56
57 14
58 13
59 13
60 78
61 4
62 4
63 45
64 13
65 6
66 72
67 4
68 6
69 14
70 4
71 6
72 72
73 72
74 56
75 13
76 14
77 4
78 78
79 4
80 4
81 6
82 14
83 4
84 72
85 6
19
0 22
1 60
2 48
3 60
4 25
5 29
6 22
7 22
8 22
9 22
10 29
11 22
12 22
13 63
14 25
15 48
16 22
17 25
18 25
20 22
21 22
22 22
23 22
24 25
25 25
26 22
27 22
28 25
29 29
30 48
31 22
32 22
33 63
34 25
35 63
36 22
37 25
38 22
39 22
40 22
41 22
42 25
43 22
44 22
45 25
46 48
47 25
48 48
49 29
50 22
51 60
52 29
53 48
54 48
55 25
56 25
57 25
58 22
59 22
60 60
61 25
62 22
63 63
64 25
65 29
66 48
67 22
68 29
69 25
70 29
71 22
72 48
73 48
74 22
75 63
76 63
77 25
78 48
79 29
80 48
81 22
82 25
83 25
84 22
85 48
20
0 17
1 41
2 17
3 41
4 17
5 17
6 17
7 17
8 17
9 41
10 17
11 17
12 17
13 17
14 17
15 17
16 17
17 17
18 17
19 17
21 17
22 41
23 17
24 17
25 17
26 17
27 17
28 17
29 17
30 17
31 17
32 17
33 17
34 17
35 17
36 17
37 17
38 17
39 17
40 17
41 41
42 17
43 17
44 17
45 17
46 17
47 17
48 17
49 17
50 17
51 17
52 17
53 17
54 17
55 17
56 17
57 17
58 17
59 17
60 17
61 17
62 17
63 17
64 17
65 17
66 41
67 17
68 17
69 17
70 17
71 17
72 17
73 17
74 17
75 17
76 17
77 17
78 17
79 17
80 17
81 17
82 17
83 17
84 17
85 17
21
0 7
1 71
2 16
3 65
4 23
5 65
6 16
7 7
8 7
9 71
10 7
11 16
12 7
13 16
14 71
15 65
16 16
17 65
18 16
19 16
20 65
22 16
23 23
24 7
25 65
26 7
27 16
28 7
29 16
30 7
31 7
32 23
33 16
34 16
35 7
36 16
37 65
38 16
39 7
40 7
41 71
42 7
43 7
44 16
45 16
46 7
47 65
48 65
49 16
50 7
51 65
52 16
53 16
54 7
55 7
56 16
57 65
58 16
59 16
60 65
61 16
62 7
63 16
64 7
65 65
66 65
67 7
68 16
69 7
70 16
71 71
72 23
73 23
74 16
75 23
76 65
77 7
78 65
79 7
80 7
81 7
82 7
83 7
84 23
85 16
22
0 50
1 9
2 16
3 9
4 23
5 16
6 16
7 23
8 23
9 9
10 9
11 50
12 81
13 16
14 9
15 19
16 16
17 9
18 16
19 19
20 9
21 16
23 23
24 9
25 19
26 81
27 16
28 50
29 16
30 81
31 81
32 23
33 16
34 16
35 19
36 16
37 19
38 16
39 81
40 81
41 9
42 50
43 81
44 16
45 19
46 50
47 19
48 19
49 16
50 50
51 19
52 9
53 9
54 23
55 16
56 50
57 19
58 9
59 16
60 19
61 9
62 81
63 19
64 81
65 9
66 9
67 50
68 16
69 19
70 16
71 9
72 23
73 9
74 16
75 19
76 19
77 81
78 19
79 81
80 81
81 81
82 19
83 81
84 23
85 9
23
0 22
1 22
2 72
3 21
4 32
5 32
6 7
7 7
8 7
9 22
10 7
11 22
12 7
13 32
14 32
15 72
16 21
17 32
18 72
19 22
20 22
21 21
22 22
24 7
25 22
26 7
27 21
28 22
29 21
30 7
31 7
32 32
33 32
34 7
35 72
36 21
37 32
38 7
39 7
40 7
41 22
42 7
43 7
44 21
45 32
46 7
47 32
48 72
49 21
50 22
51 21
52 32
53 72
54 72
55 7
56 72
57 22
58 22
59 7
60 22
61 32
62 32
63 22
64 32
65 21
66 22
67 22
68 21
69 7
70 32
71 21
72 72
73 72
74 21
75 32
76 32
77 7
78 72
79 7
80 7
81 7
82 7
83 7
84 84
85 22
24
0 77
1 82
2 10
3 10
4 10
5 10
6 10
7 10
8 77
9 10
10 10
11 77
12 10
13 10
14 82
15 10
16 10
17 10
18 10
19 82
20 10
21 10
22 10
23 10
25 82
26 10
27 10
28 10
29 10
30 77
31 77
32 10
33 77
34 82
35 77
36 77
37 77
38 10
39 10
40 10
41 10
42 10
43 82
44 10
45 10
46 10
47 77
48 10
49 10
50 82
51 10
52 10
53 10
54 77
55 82
56 77
57 82
58 10
59 77
60 77
61 10
62 10
63 10
64 82
65 10
66 10
67 82
68 10
69 82
70 10
71 10
72 10
73 10
74 82
75 10
76 77
77 77
78 10
79 10
80 10
81 10
82 82
83 10
84 10
85 10
25
0 48
1 19
2 48
3 14
4 47
5 45
6 34
7 48
8 34
9 14
10 45
11 47
12 47
13 14
14 14
15 48
16 19
17 14
18 14
19 19
20 14
21 14
22 19
23 14
24 82
26 69
27 48
28 45
29 19
30 48
31 47
32 14
33 45
34 34
35 19
36 19
37 47
38 14
39 14
40 47
41 14
42 69
43 82
44 19
45 45
46 48
47 47
48 48
49 19
50 19
51 14
52 14
53 48
54 48
55 34
56 47
57 57
58 14
59 48
60 19
61 47
62 14
63 19
64 82
65 48
66 48
67 47
68 19
69 69
70 14
71 14
72 48
73 14
74 47
75 45
76 14
77 47
78 48
79 14
80 48
81 14
82 82
83 47
84 14
85 48
26
0 81
1 64
2 35
3 42
4 42
5 64
6 81
7 81
8 35
9 81
10 40
11 35
12 12
13 64
14 81
15 35
16 81
17 35
18 35
19 35
20 35
21 81
22 81
23 81
24 35
25 42
27 42
28 40
29 35
30 81
31 81
32 64
33 35
34 64
35 35
36 35
37 12
38 35
39 81
40 40
41 81
42 42
43 43
44 35
45 35
46 42
47 12
48 42
49 35
50 42
51 42
52 40
53 40
54 35
55 64
56 35
57 42
58 35
59 35
60 81
61 35
62 81
63 35
64 64
65 42
66 40
67 64
68 35
69 42
70 64
71 81
72 35
73 35
74 64
75 64
76 35
77 35
78 35
79 12
80 42
81 81
82 64
83 40
84 81
85 40
27
0 2
1 2
2 2
3 80
4 80
5 38
6 16
7 16
8 16
9 16
10 80
11 16
12 74
13 16
14 2
15 2
16 16
17 2
18 16
19 2
20 2
21 16
22 16
23 16
24 80
25 2
26 74
28 2
29 16
30 2
31 80
32 80
33 16
34 16
35 2
36 16
37 80
38 38
39 80
40 80
41 2
42 80
43 74
44 16
45 2
46 2
47 2
48 2
49 2
50 2
51 80
52 16
53 2
54 2
55 74
56 38
57 2
58 16
59 16
60 2
61 80
62 16
63 2
64 74
65 2
66 2
67 2
68 16
69 2
70 16
71 16
72 2
73 2
74 74
75 80
76 2
77 2
78 2
79 80
80 80
81 80
82 2
83 2
84 16
85 38
28
0 67
1 67
2 67
3 10
4 10
5 10
6 45
7 10
8 10
9 10
10 10
11 67
12 10
13 45
14 45
15 45
16 10
17 67
18 45
19 45
20 67
21 10
22 67
23 45
24 10
25 45
26 10
27 10
29 10
30 10
31 67
32 45
33 45
34 45
35 45
36 45
37 67
38 10
39 45
40 10
41 10
42 10
43 10
44 67
45 45
46 67
47 67
48 10
49 10
50 67
51 10
52 10
53 10
54 45
55 45
56 45
57 45
58 10
59 45
60 67
61 10
62 10
63 45
64 45
65 10
66 10
67 67
68 10
69 45
70 10
71 10
72 45
73 45
74 10
75 45
76 45
77 10
78 45
79 10
80 10
81 10
82 67
83 10
84 45
85 10
29
0 48
1 19
2 48
3 65
4 48
5 49
6 16
7 16
8 70
9 16
10 49
11 16
12 48
13 16
14 52
15 48
16 16
17 48
18 16
19 19
20 48
21 16
22 16
23 16
24 49
25 19
26 16
27 16
28 49
30 48
31 48
32 70
33 16
34 16
35 19
36 16
37 48
38 16
39 52
40 49
41 52
42 48
43 49
44 16
45 19
46 48
47 48
48 48
49 49
50 16
51 65
52 52
53 48
54 48
55 70
56 48
57 19
58 52
59 16
60 19
61 16
62 52
63 19
64 49
65 65
66 48
67 48
68 68
69 19
70 70
71 65
72 48
73 48
74 16
75 19
76 19
77 48
78 48
79 52
80 48
81 16
82 19
83 49
84 16
85 48
30
0 0
1 60
2 2
3 60
4 80
5 60
6 81
7 81
8 81
9 0
10 80
11 0
12 81
13 80
14 2
15 48
16 2
17 2
18 48
19 48
20 2
21 48
22 81
23 48
24 77
25 48
26 81
27 2
28 2
29 48
31 81
32 80
33 77
34 48
35 77
36 0
37 48
38 2
39 81
40 83
41 0
42 80
43 81
44 0
45 2
46 48
47 48
48 48
49 83
50 0
51 60
52 83
53 2
54 48
55 82
56 48
57 48
58 0
59 0
60 60
61 80
62 81
63 2
64 82
65 48
66 48
67 2
68 48
69 2
70 48
71 48
72 48
73 0
74 2
75 80
76 2
77 77
78 48
79 80
80 80
81 81
82 82
83 83
84 48
85 2
31
0 81
1 47
2 47
3 81
4 47
5 47
6 81
7 81
8 81
9 81
10 81
11 47
12 47
13 47
14 47
15 47
16 81
17 47
18 47
19 47
20 47
21 81
22 81
23 81
24 47
25 47
26 81
27 81
28 47
29 47
30 81
32 47
33 47
34 47
35 47
36 81
37 47
38 47
39 81
40 47
41 47
42 81
43 81
44 47
45 47
46 47
47 47
48 47
49 47
50 47
51 81
52 47
53 47
54 47
55 47
56 47
57 47
58 47
59 81
60 81
61 47
62 81
63 47
64 81
65 47
66 47
67 47
68 47
69 47
70 47
71 81
72 47
73 47
74 47
75 81
76 47
77 47
78 47
79 47
80 81
81 81
82 47
83 47
84 81
85 47
32
0 4
1 4
2 14
3 14
4 4
5 70
6 4
7 23
8 23
9 14
10 4
11 4
12 4
13 75
14 14
15 4
16 23
17 14
18 4
19 14
20 14
21 23
22 23
23 23
24 4
25 14
26 62
27 4
28 75
29 70
30 4
31 4
33 75
34 14
35 75
36 62
37 4
38 14
39 14
40 4
41 14
42 4
43 75
44 23
45 75
46 23
47 4
48 4
49 70
50 23
51 4
52 14
53 4
54 23
55 70
56 4
57 14
58 14
59 62
60 4
61 4
62 62
63 75
64 75
65 14
66 4
67 4
68 70
69 14
70 70
71 14
72 23
73 4
74 70
75 75
76 14
77 4
78 4
79 4
80 4
81 62
82 14
83 4
84 23
85 4
33
0 59
1 59
2 35
3 42
4 61
5 75
6 36
7 42
8 35
9 59
10 42
11 35
12 35
13 59
14 75
15 35
16 36
17 35
18 35
19 35
20 35
21 36
22 36
23 75
24 35
25 42
26 35
27 36
28 75
29 36
30 35
31 35
32 75
34 36
35 35
36 36
37 35
38 35
39 35
40 35
41 59
42 42
43 35
44 36
45 75
46 42
47 35
48 42
49 35
50 42
51 42
52 59
53 35
54 35
55 75
56 35
57 42
58 59
59 59
60 35
61 61
62 59
63 35
64 75
65 36
66 42
67 35
68 35
69 42
70 75
71 36
72 35
73 61
74 35
75 75
76 35
77 35
78 35
79 42
80 42
81 35
82 75
83 35
84 75
85 35
34
0 6
1 6
2 25
3 25
4 6
5 6
6 6
7 6
8 55
9 6
10 6
11 6
12 6
13 6
14 25
15 6
16 6
17 6
18 6
19 25
20 6
21 6
22 6
23 6
24 25
25 25
26 6
27 6
28 25
29 6
30 6
31 6
32 25
33 6
35 6
36 6
37 25
38 6
39 6
40 6
41 25
42 25
43 55
44 6
45 25
46 25
47 25
48 25
49 6
50 6
51 6
52 25
53 6
54 55
55 55
56 6
57 25
58 6
59 6
60 25
61 6
62 6
63 25
64 55
65 6
66 25
67 25
68 6
69 25
70 55
71 6
72 6
73 6
74 55
75 25
76 6
77 25
78 6
79 6
80 6
81 6
82 25
83 25
84 6
85 6
35
0 77
1 56
2 63
3 56
4 33
5 56
6 26
7 26
8 54
9 26
10 26
11 56
12 26
13 33
14 56
15 56
16 33
17 76
18 56
19 63
20 76
21 26
22 26
23 54
24 77
25 56
26 26
27 56
28 63
29 63
30 77
31 26
32 33
33 33
34 26
36 33
37 26
38 56
39 26
40 26
41 56
42 26
43 26
44 56
45 63
46 54
47 56
48 54
49 63
50 54
51 56
52 26
53 63
54 54
55 26
56 56
57 56
58 33
59 33
60 63
61 33
62 26
63 63
64 26
65 54
66 26
67 56
68 63
69 26
70 56
71 26
72 54
73 33
74 56
75 33
76 76
77 77
78 56
79 26
80 26
81 26
82 26
83 26
84 54
85 56
36
0 59
1 16
2 16
3 16
4 33
5 33
6 16
7 16
8 16
9 16
10 16
11 16
12 33
13 59
14 16
15 16
16 16
17 16
18 16
19 16
20 16
21 16
22 16
23 16
24 33
25 16
26 33
27 16
28 33
29 16
30 16
31 16
32 33
33 33
34 16
35 33
37 16
38 16
39 16
40 33
41 16
42 33
43 33
44 16
45 33
46 59
47 16
48 16
49 16
50 16
51 16
52 16
53 16
54 33
55 16
56 33
57 16
58 59
59 59
60 16
61 33
62 59
63 33
64 33
65 16
66 16
67 16
68 16
69 33
70 16
71 16
72 16
73 33
74 16
75 33
76 33
77 33
78 16
79 16
80 16
81 16
82 33
83 16
84 16
85 16
37
0 47
1 47
2 47
3 79
4 47
5 47
6 12
7 12
8 12
9 47
10 79
11 47
12 12
13 47
14 47
15 47
16 47
17 47
18 47
19 47
20 47
21 47
22 12
23 47
24 47
25 47
26 12
27 79
28 47
29 47
30 47
31 47
32 47
33 12
34 47
35 12
36 12
38 47
39 12
40 12
41 47
42 12
43 12
44 47
45 47
46 47
47 47
48 47
49 47
50 47
51 79
52 79
53 47
54 12
55 12
56 47
57 47
58 79
59 47
60 47
61 47
62 79
63 12
64 12
65 47
66 47
67 47
68 47
69 47
70 47
71 47
72 47
73 47
74 47
75 79
76 12
77 47
78 47
79 79
80 79
81 12
82 47
83 47
84 47
85 47
38
0 6
1 5
2 17
3 5
4 6
5 5
6 6
7 6
8 5
9 6
10 85
11 56
12 5
13 5
14 17
15 17
16 6
17 17
18 6
19 5
20 17
21 6
22 6
23 5
24 85
25 6
26 5
27 27
28 85
29 5
30 6
31 6
32 5
33 5
34 6
35 56
36 6
37 56
39 6
40 85
41 17
42 17
43 5
44 6
45 5
46 17
47 56
48 17
49 5
50 56
51 5
52 17
53 85
54 56
55 5
56 56
57 6
58 17
59 6
60 5
61 17
62 6
63 5
64 5
65 5
66 85
67 17
68 5
69 17
70 5
71 6
72 6
73 17
74 5
75 5
76 17
77 56
78 17
79 27
80 27
81 6
82 5
83 5
84 5
85 85
39
0 81
1 14
2 14
3 14
4 18
5 18
6 18
7 81
8 81
9 14
10 81
11 18
12 81
13 18
14 14
15 18
16 18
17 14
18 18
19 14
20 14
21 14
22 81
23 14
24 14
25 14
26 81
27 81
28 18
29 14
30 81
31 81
32 14
33 14
34 14
35 18
36 18
37 14
38 14
40 81
41 14
42 81
43 81
44 18
45 18
46 81
47 14
48 14
49 14
50 81
51 14
52 14
53 14
54 18
55 14
56 18
57 14
58 14
59 18
60 18
61 18
62 81
63 18
64 81
65 14
66 14
67 14
68 14
69 14
70 14
71 14
72 18
73 14
74 18
75 14
76 14
77 81
78 18
79 14
80 81
81 81
82 14
83 14
84 14
85 14
40
0 83
1 10
2 10
3 10
4 10
5 10
6 26
7 26
8 26
9 10
10 10
11 26
12 26
13 10
14 83
15 10
16 10
17 10
18 10
19 10
20 10
21 26
22 26
23 26
24 10
25 83
26 26
27 10
28 10
29 10
30 83
31 26
32 10
33 26
34 26
35 26
36 26
37 26
38 10
39 26
41 10
42 26
43 26
44 10
45 10
46 26
47 83
48 10
49 10
50 10
51 10
52 83
53 10
54 26
55 26
56 26
57 83
58 83
59 26
60 83
61 10
62 26
63 10
64 26
65 10
66 10
67 10
68 10
69 26
70 10
71 10
72 10
73 83
74 26
75 10
76 26
77 10
78 10
79 10
80 10
81 26
82 10
83 83
84 26
85 10
41
0 9
1 9
2 14
3 3
4 14
5 3
6 9
7 9
8 9
9 9
10 9
11 9
12 9
13 14
14 14
15 3
16 9
17 14
18 14
19 9
20 20
21 9
22 9
23 9
24 9
25 14
26 9
27 3
28 9
29 14
30 3
31 9
32 14
33 9
34 14
35 14
36 9
37 14
38 14
39 14
40 9
42 3
43 3
44 9
45 14
46 9
47 14
48 9
49 3
50 9
51 3
52 14
53 9
54 14
55 14
56 14
57 14
58 9
59 9
60 3
61 9
62 14
63 9
64 3
65 3
66 9
67 9
68 14
69 14
70 14
71 9
72 14
73 9
74 3
75 14
76 14
77 14
78 3
79 14
80 3
81 9
82 14
83 14
84 9
85 9
42
0 46
1 46
2 46
3 80
4 80
5 26
6 26
7 46
8 46
9 26
10 80
11 46
12 26
13 33
14 69
15 46
16 33
17 69
18 80
19 46
20 69
21 46
22 26
23 46
24 80
25 69
26 26
27 80
28 80
29 46
30 80
31 26
32 33
33 33
34 69
35 26
36 33
37 26
38 69
39 26
40 26
41 69
43 26
44 33
45 33
46 46
47 46
48 46
49 80
50 46
51 80
52 80
53 80
54 46
55 26
56 26
57 69
58 33
59 33
60 80
61 33
62 26
63 26
64 26
65 46
66 46
67 46
68 46
69 69
70 26
71 26
72 46
73 33
74 26
75 33
76 26
77 26
78 46
79 80
80 80
81 26
82 26
83 26
84 46
85 80
43
0 26
1 64
2 26
3 64
4 26
5 64
6 26
7 26
8 64
9 26
10 26
11 26
12 26
13 64
14 26
15 64
16 26
17 26
18 26
19 26
20 26
21 26
22 26
23 26
24 64
25 64
26 26
27 64
28 26
29 64
30 26
31 26
32 64
33 26
34 64
35 26
36 26
37 26
38 64
39 26
40 26
41 26
42 26
44 26
45 64
46 26
47 26
48 26
49 64
50 26
51 64
52 26
53 26
54 26
55 64
56 26
57 64
58 26
59 26
60 26
61 26
62 26
63 26
64 64
65 64
66 26
67 64
68 64
69 26
70 64
71 26
72 26
73 26
74 64
75 64
76 26
77 26
78 64
79 26
80 26
81 26
82 64
83 26
84 26
85 26
44
0 11
1 11
2 16
3 11
4 11
5 11
6 16
7 16
8 16
9 16
10 16
11 11
12 11
13 16
14 11
15 11
16 16
17 11
18 11
19 16
20 11
21 16
22 16
23 16
24 11
25 11
26 11
27 16
28 11
29 16
30 11
31 11
32 16
33 16
34 16
35 11
36 16
37 11
38 11
39 11
40 11
41 16
42 11
43 11
45 11
46 11
47 11
48 16
49 16
50 11
51 11
52 16
53 16
54 11
55 16
56 11
57 11
58 16
59 16
60 16
61 16
62 16
63 11
64 11
65 16
66 16
67 11
68 16
69 11
70 16
71 16
72 11
73 16
74 11
75 11
76 11
77 11
78 11
79 16
80 16
81 16
82 11
83 11
84 16
85 11
45
0 25
1 28
2 63
3 18
4 18
5 75
6 18
7 18
8 18
9 18
10 28
11 18
12 25
13 18
14 18
15 18
16 18
17 18
18 18
19 25
20 18
21 18
22 25
23 18
24 25
25 25
26 63
27 63
28 28
29 25
30 25
31 25
32 75
33 75
34 25
35 63
36 75
37 25
38 18
39 18
40 28
41 18
42 25
43 75
44 18
46 25
47 25
48 25
49 63
50 28
51 18
52 18
53 28
54 18
55 25
56 18
57 25
58 18
59 18
60 18
61 18
62 75
63 63
64 75
65 25
66 25
67 28
68 63
69 25
70 75
71 18
72 18
73 18
74 18
75 75
76 63
77 25
78 18
79 75
80 75
81 18
82 25
83 25
84 18
85 28
46
0 50
1 50
2 48
3 42
4 42
5 42
6 7
7 7
8 7
9 48
10 42
11 50
12 42
13 59
14 48
15 48
16 59
17 69
18 48
19 48
20 69
21 7
22 50
23 7
24 42
25 48
26 42
27 42
28 50
29 48
30 48
31 7
32 7
33 42
34 48
35 54
36 59
37 48
38 69
39 7
40 42
41 48
42 42
43 42
44 50
45 48
47 48
48 48
49 48
50 50
51 42
52 48
53 48
54 54
55 7
56 48
57 48
58 59
59 59
60 48
61 42
62 59
63 48
64 42
65 48
66 48
67 50
68 48
69 69
70 48
71 7
72 48
73 48
74 42
75 42
76 54
77 48
78 48
79 42
80 42
81 7
82 48
83 48
84 7
85 48
47
0 48
1 67
2 48
3 4
4 4
5 56
6 4
7 31
8 25
9 48
10 4
11 56
12 37
13 4
14 25
15 48
16 48
17 25
18 4
19 25
20 25
21 48
22 25
23 4
24 77
25 25
26 31
27 4
28 67
29 48
30 48
31 31
32 4
33 4
34 25
35 56
36 4
37 37
38 56
39 4
40 83
41 25
42 4
43 25
44 56
45 25
46 48
48 48
49 83
50 67
51 4
52 83
53 48
54 48
55 25
56 56
57 25
58 83
59 48
60 25
61 4
62 4
63 25
64 25
65 48
66 48
67 67
68 48
69 25
70 4
71 25
72 48
73 4
74 56
75 4
76 56
77 77
78 48
79 37
80 4
81 31
82 25
83 83
84 4
85 48
48
0 30
1 2
2 2
3 65
4 47
5 29
6 25
7 46
8 46
9 66
10 66
11 46
12 47
13 46
14 25
15 78
16 29
17 2
18 72
19 19
20 2
21 65
22 19
23 72
24 25
25 25
26 30
27 2
28 2
29 29
30 30
31 47
32 25
33 46
34 25
35 2
36 29
37 47
38 2
39 25
40 30
41 25
42 46
43 25
44 29
45 25
46 46
47 47
49 29
50 46
51 65
52 29
53 2
54 46
55 25
56 47
57 25
58 29
59 46
60 19
61 47
62 29
63 2
64 25
65 65
66 66
67 2
68 29
69 25
70 29
71 65
72 72
73 72
74 2
75 80
76 2
77 30
78 78
79 80
80 80
81 30
82 25
83 30
84 72
85 66
49
0 83
1 5
2 63
3 5
4 10
5 5
6 5
7 10
8 5
9 10
10 10
11 5
12 5
13 5
14 29
15 5
16 29
17 5
18 5
19 29
20 5
21 29
22 29
23 5
24 10
25 29
26 5
27 5
28 10
29 29
30 83
31 83
32 5
33 5
34 5
35 63
36 29
37 83
38 5
39 5
40 10
41 5
42 10
43 5
44 29
45 63
46 29
47 83
48 29
50 5
51 5
52 29
53 10
54 63
55 5
56 5
57 29
58 29
59 29
60 5
61 5
62 29
63 63
64 5
65 29
66 10
67 10
68 68
69 5
70 5
71 29
72 29
73 5
74 5
75 5
76 63
77 10
78 5
79 10
80 10
81 10
82 5
83 83
84 5
85 10
50
0 0
1 67
2 67
3 22
4 67
5 11
6 22
7 46
8 46
9 22
10 67
11 11
12 22
13 46
14 0
15 46
16 22
17 46
18 11
19 22
20 22
21 22
22 22
23 22
24 67
25 22
26 22
27 22
28 67
29 22
30 0
31 22
32 22
33 46
34 22
35 11
36 22
37 67
38 11
39 22
40 0
41 22
42 46
43 22
44 11
45 67
46 46
47 67
48 46
49 0
51 0
52 0
53 67
54 46
55 46
56 11
57 22
58 0
59 46
60 0
61 0
62 22
63 22
64 67
65 46
66 22
67 67
68 22
69 46
70 11
71 22
72 22
73 0
74 11
75 0
76 11
77 0
78 46
79 0
80 0
81 22
82 67
83 0
84 22
85 11
51
0 60
1 60
2 17
3 3
4 80
5 5
6 5
7 65
8 5
9 3
10 80
11 5
12 5
13 5
14 17
15 78
16 65
17 17
18 78
19 60
20 17
21 65
22 60
23 65
24 80
25 17
26 5
27 80
28 80
29 65
30 60
31 80
32 5
33 5
34 5
35 5
36 5
37 80
38 5
39 17
40 80
41 3
42 80
43 5
44 5
45 5
46 17
47 5
48 65
49 5
50 5
52 17
53 17
54 5
55 5
56 5
57 17
58 17
59 5
60 60
61 17
62 80
63 5
64 5
65 65
66 65
67 17
68 5
69 17
70 5
71 65
72 17
73 17
74 5
75 5
76 17
77 60
78 78
79 80
80 80
81 80
82 5
83 5
84 65
85 5
52
0 58
1 58
2 14
3 14
4 14
5 29
6 14
7 62
8 29
9 58
10 29
11 14
12 79
13 14
14 14
15 14
16 29
17 14
18 14
19 29
20 14
21 14
22 29
23 14
24 14
25 14
26 62
27 29
28 14
29 29
30 83
31 62
32 14
33 58
34 14
35 14
36 29
37 79
38 14
39 14
40 83
41 14
42 79
43 62
44 29
45 14
46 29
47 83
48 29
49 29
50 58
51 14
53 14
54 14
55 29
56 14
57 14
58 58
59 58
60 29
61 58
62 62
63 29
64 14
65 29
66 29
67 83
68 29
69 14
70 29
71 14
72 14
73 58
74 14
75 14
76 14
77 83
78 14
79 79
80 79
81 62
82 14
83 83
84 14
85 14
53
0 2
1 2
2 2
3 2
4 10
5 10
6 85
7 2
8 2
9 10
10 10
11 2
12 10
13 2
14 2
15 2
16 2
17 2
18 2
19 2
20 2
21 2
22 2
23 2
24 10
25 2
26 10
27 2
28 10
29 2
30 2
31 2
32 2
33 2
34 2
35 2
36 2
37 2
38 85
39 2
40 10
41 2
42 10
43 10
44 2
45 2
46 2
47 2
48 2
49 10
50 2
51 2
52 2
54 2
55 2
56 85
57 2
58 2
59 2
60 2
61 2
62 2
63 2
64 2
65 2
66 10
67 2
68 10
69 2
70 2
71 2
72 2
73 2
74 2
75 2
76 2
77 2
78 2
79 10
80 10
81 2
82 2
83 2
84 2
85 85
54
0 46
1 46
2 35
3 35
4 72
5 35
6 72
7 8
8 8
9 46
10 35
11 35
12 35
13 46
14 72
15 46
16 46
17 35
18 72
19 35
20 35
21 8
22 46
23 72
24 35
25 46
26 35
27 35
28 35
29 46
30 35
31 8
32 72
33 35
34 8
35 35
36 35
37 35
38 35
39 72
40 35
41 72
42 46
43 35
44 35
45 35
46 46
47 35
48 46
49 35
50 46
51 35
52 46
53 35
55 8
56 35
57 46
58 46
59 46
60 35
61 35
62 46
63 35
64 8
65 46
66 46
67 46
68 35
69 46
70 8
71 8
72 72
73 72
74 35
75 35
76 35
77 35
78 46
79 46
80 46
81 8
82 8
83 35
84 72
85 35
55
0 64
1 64
2 34
3 64
4 70
5 64
6 34
7 8
8 8
9 34
10 64
11 64
12 64
13 64
14 34
15 34
16 34
17 34
18 34
19 34
20 34
21 8
22 8
23 8
24 64
25 34
26 64
27 64
28 34
29 70
30 64
31 8
32 70
33 64
34 34
35 8
36 34
37 34
38 34
39 8
40 64
41 34
42 64
43 64
44 34
45 34
46 8
47 34
48 34
49 64
50 8
51 64
52 70
53 34
54 8
56 64
57 34
58 70
59 8
60 34
61 64
62 70
63 64
64 64
65 70
66 34
67 64
68 70
69 34
70 70
71 34
72 8
73 8
74 64
75 64
76 8
77 8
78 34
79 64
80 64
81 8
82 64
83 34
84 8
85 34
56
0 11
1 47
2 35
3 5
4 18
5 5
6 18
7 11
8 35
9 11
10 5
11 11
12 35
13 18
14 18
15 18
16 11
17 38
18 18
19 35
20 38
21 5
22 11
23 18
24 35
25 47
26 35
27 38
28 18
29 5
30 35
31 47
32 5
33 35
34 18
35 35
36 35
37 47
38 38
39 18
40 35
41 18
42 35
43 5
44 11
45 18
46 11
47 47
48 47
49 5
50 11
51 5
52 18
53 38
54 35
55 5
57 47
58 11
59 18
60 5
61 18
62 5
63 35
64 5
65 5
66 38
67 47
68 5
69 38
70 5
71 18
72 18
73 18
74 74
75 5
76 35
77 35
78 18
79 47
80 5
81 18
82 5
83 47
84 18
85 38
57
0 25
1 25
2 25
3 25
4 25
5 25
6 25
7 25
8 25
9 25
10 25
11 25
12 25
13 25
14 25
15 25
16 25
17 25
18 25
19 25
20 25
21 25
22 25
23 25
24 25
25 25
26 25
27 25
28 25
29 25
30 25
31 25
32 25
33 25
34 25
35 25
36 25
37 25
38 25
39 25
40 25
41 25
42 25
43 25
44 25
45 25
46 25
47 25
48 25
49 25
50 25
51 25
52 25
53 25
54 25
55 25
56 25
58 25
59 25
60 25
61 25
62 25
63 25
64 25
65 25
66 25
67 25
68 25
69 25
70 25
71 25
72 25
73 25
74 25
75 25
76 25
77 25
78 25
79 25
80 25
81 25
82 25
83 25
84 25
85 25
58
0 0
1 9
2 0
3 9
4 73
5 52
6 9
7 59
8 59
9 9
10 9
11 0
12 52
13 59
14 52
15 73
16 59
17 73
18 52
19 9
20 9
21 9
22 9
23 9
24 0
25 52
26 0
27 59
28 0
29 52
30 0
31 0
32 52
33 59
34 9
35 59
36 59
37 52
38 73
39 52
40 52
41 9
42 59
43 0
44 59
45 52
46 59
47 52
48 0
49 52
50 0
51 73
52 52
53 0
54 59
55 52
56 0
57 52
59 59
60 0
61 73
62 52
63 0
64 0
65 9
66 9
67 0
68 52
69 59
70 52
71 9
72 73
73 73
74 59
75 59
76 73
77 0
78 73
79 52
80 0
81 0
82 0
83 52
84 9
85 9
59
0 58
1 58
2 16
3 58
4 13
5 13
6 16
7 46
8 46
9 58
10 13
11 16
12 33
13 13
14 13
15 13
16 16
17 46
18 13
19 16
20 46
21 16
22 16
23 16
24 33
25 46
26 33
27 16
28 13
29 16
30 46
31 62
32 62
33 33
34 16
35 33
36 36
37 46
38 16
39 13
40 33
41 58
42 33
43 13
44 16
45 13
46 46
47 46
48 46
49 16
50 46
51 13
52 58
53 16
54 46
55 13
56 13
57 46
58 58
60 13
61 33
62 62
63 13
64 13
65 16
66 46
67 46
68 16
69 46
70 16
71 16
72 13
73 58
74 16
75 13
76 33
77 33
78 13
79 58
80 13
81 62
82 13
83 58
84 16
85 16
60
0 30
1 1
2 30
3 51
4 30
5 51
6 30
7 30
8 30
9 1
10 30
11 1
12 30
13 78
14 19
15 78
16 19
17 51
18 78
19 19
20 51
21 51
22 19
23 19
24 30
25 19
26 30
27 30
28 1
29 19
30 30
31 30
32 19
33 19
34 19
35 19
36 19
37 1
38 51
39 30
40 30
41 1
42 30
43 30
44 19
45 19
46 19
47 1
48 19
49 19
50 1
51 51
52 19
53 30
54 19
55 19
56 51
57 19
58 1
59 1
61 30
62 30
63 19
64 30
65 51
66 1
67 1
68 19
69 19
70 19
71 1
72 19
73 51
74 51
75 19
76 51
77 30
78 78
79 30
80 30
81 30
82 30
83 30
84 19
85 1
61
0 73
1 4
2 73
3 4
4 4
5 33
6 4
7 4
8 33
9 73
10 4
11 4
12 4
13 4
14 4
15 4
16 33
17 73
18 4
19 4
20 73
21 4
22 4
23 4
24 4
25 4
26 33
27 4
28 4
29 4
30 4
31 4
32 4
33 33
34 4
35 33
36 33
37 4
38 73
39 4
40 4
41 4
42 33
43 33
44 33
45 4
46 33
47 4
48 4
49 4
50 4
51 4
52 73
53 4
54 33
55 4
56 4
57 4
58 73
59 33
60 4
62 4
63 33
64 33
65 4
66 4
67 4
68 4
69 33
70 4
71 4
72 73
73 73
74 4
75 33
76 33
77 4
78 4
79 4
80 4
81 4
82 4
83 4
84 4
85 4
62
0 52
1 52
2 81
3 32
4 32
5 32
6 81
7 81
8 81
9 52
10 81
11 59
12 81
13 59
14 32
15 32
16 59
17 32
18 32
19 52
20 32
21 32
22 81
23 32
24 81
25 32
26 81
27 59
28 32
29 52
30 81
31 81
32 32
33 59
34 81
35 59
36 59
37 52
38 81
39 81
40 52
41 32
42 59
43 81
44 59
45 32
46 59
47 32
48 52
49 52
50 59
51 81
52 52
53 81
54 59
55 32
56 32
57 32
58 52
59 59
60 81
61 32
63 32
64 32
65 52
66 52
67 32
68 52
69 59
70 32
71 32
72 32
73 52
74 32
75 32
76 32
77 81
78 32
79 52
80 81
81 81
82 81
83 52
84 32
85 81
63
0 2
1 2
2 2
3 2
4 45
5 49
6 45
7 2
8 35
9 19
10 49
11 35
12 35
13 75
14 2
15 2
16 2
17 2
18 45
19 19
20 2
21 2
22 19
23 19
24 35
25 19
26 35
27 2
28 45
29 19
30 2
31 2
32 75
33 35
34 19
35 35
36 35
37 2
38 2
39 45
40 35
41 2
42 35
43 35
44 2
45 45
46 2
47 2
48 2
49 49
50 2
51 2
52 19
53 2
54 35
55 75
56 35
57 19
58 2
59 35
60 19
61 35
62 75
64 75
65 2
66 2
67 2
68 49
69 2
70 19
71 2
72 2
73 2
74 2
75 75
76 35
77 35
78 2
79 75
80 75
81 2
82 2
83 49
84 19
85 2
64
0 82
1 82
2 74
3 5
4 75
5 5
6 5
7 26
8 55
9 26
10 5
11 5
12 26
13 75
14 75
15 5
16 74
17 5
18 5
19 75
20 5
21 5
22 26
23 75
24 82
25 82
26 26
27 74
28 75
29 5
30 82
31 26
32 75
33 75
34 55
35 26
36 75
37 26
38 5
39 26
40 26
41 5
42 26
43 43
44 5
45 75
46 26
47 5
48 75
49 5
50 82
51 5
52 5
53 5
54 26
55 55
56 5
57 82
58 75
59 75
60 5
61 75
62 26
63 75
65 5
66 5
67 82
68 5
69 26
70 5
71 5
72 5
73 5
74 74
75 75
76 26
77 26
78 5
79 75
80 75
81 26
82 82
83 5
84 75
85 5
65
0 48
1 51
2 48
3 51
4 48
5 51
6 71
7 21
8 21
9 71
10 29
11 21
12 48
13 21
14 71
15 48
16 21
17 51
18 48
19 29
20 51
21 21
22 21
23 21
24 29
25 48
26 21
27 21
28 29
29 29
30 48
31 48
32 21
33 21
34 48
35 29
36 21
37 48
38 51
39 71
40 29
41 51
42 48
43 51
44 21
45 48
46 48
47 48
48 48
49 29
50 48
51 51
52 29
53 48
54 48
55 29
56 48
57 48
58 29
59 21
60 51
61 48
62 29
63 29
64 51
66 48
67 48
68 29
69 48
70 29
71 71
72 48
73 48
74 51
75 48
76 51
77 48
78 48
79 29
80 48
81 21
82 48
83 29
84 21
85 48
66
0 9
1 9
2 48
3 9
4 10
5 10
6 9
7 48
8 48
9 9
10 10
11 9
12 10
13 9
14 9
15 48
16 9
17 48
18 48
19 48
20 9
21 9
22 9
23 9
24 10
25 48
26 10
27 10
28 10
29 48
30 48
31 48
32 9
33 9
34 48
35 10
36 9
37 48
38 85
39 9
40 10
41 9
42 10
43 10
44 9
45 10
46 48
47 48
48 48
49 10
50 9
51 10
52 9
53 10
54 48
55 48
56 48
57 48
58 9
59 9
60 9
61 9
62 9
63 10
64 10
65 48
67 9
68 10
69 48
70 48
71 9
72 48
73 9
74 10
75 10
76 48
77 10
78 48
79 10
80 10
81 9
82 10
83 10
84 9
85 85
67
0 50
1 1
2 2
3 1
4 47
5 47
6 1
7 50
8 50
9 1
10 28
11 50
12 47
13 2
14 2
15 1
16 2
17 2
18 28
19 1
20 2
21 1
22 50
23 50
24 82
25 47
26 82
27 2
28 28
29 2
30 2
31 47
32 47
33 2
34 47
35 2
36 2
37 47
38 2
39 2
40 28
41 1
42 50
43 82
44 50
45 28
46 50
47 47
48 2
49 2
50 50
51 1
52 47
53 2
54 50
55 82
56 47
57 47
58 1
59 50
60 1
61 47
62 2
63 2
64 82
65 2
66 1
68 2
69 2
70 2
71 1
72 2
73 2
74 2
75 2
76 2
77 47
78 1
79 47
80 2
81 2
82 82
83 47
84 50
85 2
68
0 29
1 29
2 29
3 29
4 29
5 49
6 29
7 29
8 29
9 29
10 49
11 29
12 29
13 29
14 29
15 29
16 29
17 29
18 29
19 29
20 29
21 29
22 29
23 29
24 49
25 29
26 49
27 29
28 49
29 29
30 29
31 29
32 29
33 29
34 29
35 49
36 29
37 29
38 49
39 29
40 49
41 29
42 29
43 49
44 29
45 49
46 29
47 29
48 29
49 49
50 29
51 29
52 29
53 49
54 29
55 29
56 49
57 29
58 29
59 29
60 29
61 29
62 29
63 49
64 49
65 29
66 29
67 29
69 29
70 29
71 29
72 29
73 29
74 49
75 49
76 49
77 29
78 29
79 29
80 29
81 29
82 29
83 49
84 29
85 49
69
0 46
1 17
2 17
3 17
4 25
5 17
6 17
7 46
8 46
9 17
10 42
11 46
12 42
13 46
14 17
15 17
16 46
17 17
18 17
19 25
20 17
21 46
22 25
23 46
24 25
25 25
26 42
27 17
28 25
29 25
30 17
31 25
32 17
33 42
34 25
35 17
36 42
37 25
38 17
39 17
40 42
41 17
42 42
43 42
44 46
45 25
46 46
47 25
48 25
49 17
50 46
51 17
52 17
53 17
54 46
55 25
56 17
57 25
58 17
59 46
60 17
61 17
62 46
63 17
64 25
65 17
66 25
67 17
68 25
70 17
71 17
72 17
73 17
74 17
75 25
76 17
77 25
78 17
79 42
80 42
81 42
82 25
83 25
84 46
85 17
70
0 29
1 5
2 29
3 5
4 32
5 5
6 5
7 32
8 55
9 29
10 5
11 5
12 5
13 5
14 32
15 5
16 29
17 5
18 5
19 29
20 5
21 29
22 29
23 32
24 5
25 29
26 5
27 5
28 5
29 29
30 29
31 5
32 32
33 5
34 55
35 5
36 29
37 5
38 5
39 32
40 5
41 32
42 5
43 5
44 29
45 5
46 29
47 5
48 29
49 5
50 5
51 5
52 29
53 5
54 55
55 55
56 5
57 29
58 29
59 29
60 5
61 32
62 32
63 5
64 5
65 29
66 29
67 5
68 29
69 5
71 29
72 29
73 5
74 5
75 5
76 5
77 5
78 5
79 29
80 5
81 32
82 5
83 5
84 32
85 5
71
0 9
1 9
2 14
3 9
4 6
5 6
6 6
7 21
8 21
9 9
10 9
11 6
12 6
13 6
14 14
15 6
16 6
17 14
18 6
19 9
20 9
21 21
22 9
23 21
24 9
25 14
26 6
27 6
28 6
29 65
30 6
31 6
32 14
33 6
34 6
35 6
36 6
37 14
38 6
39 14
40 6
41 9
42 6
43 6
44 6
45 6
46 21
47 14
48 65
49 65
50 9
51 65
52 14
53 6
54 6
55 6
56 6
57 14
58 9
59 6
60 9
61 6
62 6
63 6
64 6
65 65
66 9
67 9
68 65
69 14
70 14
72 6
73 9
74 6
75 14
76 14
77 6
78 6
79 14
80 6
81 6
82 14
83 14
84 21
85 6
72
0 48
1 18
2 48
3 18
4 18
5 18
6 18
7 23
8 54
9 23
10 48
11 18
12 48
13 18
14 18
15 18
16 18
17 73
18 18
19 48
20 73
21 23
22 23
23 23
24 48
25 48
26 54
27 48
28 18
29 48
30 48
31 48
32 23
33 54
34 18
35 54
36 18
37 48
38 18
39 18
40 48
41 18
42 48
43 54
44 18
45 18
46 48
47 48
48 48
49 48
50 23
51 18
52 18
53 48
54 54
55 54
56 18
57 48
58 73
59 18
60 18
61 73
62 23
63 18
64 18
65 48
66 48
67 48
68 48
69 48
70 23
71 18
73 73
74 18
75 18
76 54
77 48
78 18
79 48
80 48
81 18
82 48
83 48
84 23
85 48
73
0 58
1 58
2 17
3 17
4 61
5 17
6 17
7 72
8 72
9 58
10 17
11 17
12 17
13 58
14 17
15 17
16 58
17 17
18 72
19 72
20 17
21 72
22 58
23 72
24 17
25 17
26 17
27 17
28 17
29 58
30 17
31 61
32 17
33 61
34 17
35 17
36 58
37 58
38 17
39 17
40 58
41 17
42 17
43 17
44 58
45 72
46 17
47 61
48 72
49 17
50 58
51 17
52 58
53 17
54 72
55 72
56 17
57 17
58 58
59 58
60 17
61 61
62 58
63 17
64 17
65 17
66 58
67 17
68 58
69 17
70 17
71 17
72 72
74 17
75 61
76 17
77 17
78 17
79 58
80 17
81 17
82 17
83 58
84 72
85 17
74
0 27
1 5
2 27
3 5
4 27
5 5
6 5
7 27
8 64
9 27
10 5
11 56
12 64
13 5
14 56
15 5
16 27
17 5
18 56
19 5
20 5
21 27
22 27
23 5
24 64
25 56
26 64
27 27
28 5
29 5
30 27
31 56
32 5
33 5
34 64
35 56
36 27
37 56
38 5
39 56
40 64
41 5
42 27
43 64
44 27
45 5
46 27
47 56
48 27
49 5
50 56
51 5
52 5
53 27
54 56
55 64
56 56
57 56
58 27
59 27
60 5
61 5
62 5
63 5
64 64
65 5
66 5
67 27
68 5
69 5
70 5
71 5
72 56
73 5
75 5
76 56
77 56
78 5
79 27
80 27
81 27
82 64
83 5
84 5
85 5
75
0 80
1 5
2 63
3 5
4 32
5 5
6 5
7 32
8 64
9 13
10 80
11 5
12 64
13 13
14 32
15 5
16 13
17 5
18 13
19 63
20 5
21 32
22 32
23 32
24 64
25 45
26 64
27 80
28 45
29 5
30 80
31 80
32 32
33 33
34 45
35 33
36 33
37 80
38 5
39 13
40 64
41 32
42 33
43 64
44 5
45 45
46 13
47 5
48 80
49 5
50 5
51 5
52 32
53 63
54 33
55 64
56 5
57 45
58 13
59 13
60 5
61 33
62 32
63 63
64 64
65 5
66 80
67 45
68 5
69 33
70 5
71 32
72 13
73 33
74 5
76 33
77 33
78 5
79 80
80 80
81 80
82 64
83 5
84 32
85 5
76
0 17
1 17
2 17
3 17
4 17
5 17
6 17
7 17
8 35
9 17
10 17
11 35
12 35
13 17
14 17
15 17
16 17
17 17
18 17
19 35
20 17
21 17
22 35
23 17
24 35
25 17
26 35
27 17
28 17
29 17
30 17
31 35
32 17
33 35
34 17
35 35
36 35
37 35
38 17
39 17
40 35
41 17
42 17
43 35
44 35
45 35
46 17
47 35
48 17
49 35
50 17
51 17
52 17
53 17
54 35
55 35
56 35
57 17
58 17
59 35
60 17
61 17
62 17
63 35
64 35
65 17
66 17
67 17
68 35
69 17
70 17
71 17
72 17
73 17
74 35
75 35
77 35
78 17
79 17
80 17
81 35
82 17
83 17
84 17
85 17
77
0 30
1 30
2 30
3 30
4 47
5 35
6 30
7 30
8 35
9 24
10 24
11 35
12 35
13 30
14 47
15 30
16 30
17 30
18 35
19 30
20 30
21 30
22 30
23 30
24 24
25 47
26 35
27 30
28 24
29 30
30 30
31 47
32 47
33 35
34 47
35 35
36 35
37 47
38 35
39 30
40 24
41 47
42 30
43 35
44 35
45 35
46 30
47 47
48 30
49 24
50 30
51 30
52 30
53 24
54 35
55 24
56 35
57 47
58 30
59 35
60 30
61 35
62 30
63 35
64 24
65 30
66 24
67 47
68 24
69 47
70 30
71 30
72 30
73 30
74 35
75 30
76 35
78 30
79 30
80 30
81 30
82 24
83 30
84 30
85 24
78
0 48
1 60
2 17
3 51
4 18
5 51
6 18
7 48
8 18
9 48
10 48
11 18
12 48
13 18
14 17
15 15
16 18
17 17
18 18
19 48
20 17
21 48
22 48
23 18
24 48
25 48
26 17
27 17
28 18
29 48
30 48
31 48
32 17
33 17
34 18
35 17
36 18
37 48
38 17
39 18
40 48
41 17
42 17
43 51
44 18
45 18
46 48
47 48
48 48
49 48
50 48
51 51
52 17
53 17
54 18
55 18
56 18
57 48
58 17
59 18
60 60
61 17
62 17
63 17
64 51
65 48
66 48
67 17
68 48
69 17
70 48
71 17
72 18
73 17
74 18
75 18
76 17
77 48
79 48
80 48
81 18
82 48
83 48
84 18
85 17
79
0 52
1 37
2 80
3 80
4 80
5 80
6 80
7 80
8 80
9 52
10 80
11 37
12 37
13 80
14 52
15 80
16 52
17 52
18 52
19 52
20 52
21 52
22 80
23 52
24 80
25 37
26 37
27 80
28 80
29 52
30 80
31 37
32 52
33 80
34 37
35 37
36 52
37 37
38 80
39 52
40 52
41 52
42 80
43 37
44 52
45 80
46 80
47 37
48 80
49 52
50 37
51 80
52 52
53 80
54 80
55 52
56 37
57 37
58 52
59 52
60 80
61 80
62 52
63 80
64 80
65 52
66 80
67 37
68 52
69 80
70 52
71 52
72 80
73 52
74 80
75 80
76 52
77 37
78 80
80 80
81 80
82 80
83 52
84 52
85 80
80
0 30
1 30
2 27
3 51
4 4
5 51
6 81
7 81
8 81
9 10
10 10
11 4
12 42
13 75
14 4
15 48
16 27
17 51
18 4
19 48
20 51
21 27
22 81
23 4
24 10
25 48
26 42
27 27
28 10
29 48
30 30
31 81
32 4
33 42
34 48
35 30
36 27
37 79
38 27
39 81
40 10
41 51
42 42
43 42
44 27
45 75
46 42
47 4
48 48
49 10
50 30
51 51
52 79
53 10
54 42
55 75
56 4
57 48
58 30
59 27
60 30
61 4
62 81
63 75
64 75
65 48
66 10
67 4
68 10
69 42
70 4
71 48
72 48
73 4
74 27
75 75
76 51
77 30
78 48
79 79
81 81
82 30
83 30
84 4
85 10
81
0 30
1 22
2 30
3 80
4 80
5 6
6 6
7 7
8 7
9 22
10 80
11 22
12 26
13 6
14 39
15 6
16 6
17 6
18 6
19 22
20 6
21 7
22 22
23 7
24 30
25 6
26 26
27 80
28 80
29 6
30 30
31 31
32 62
33 26
34 6
35 26
36 6
37 26
38 6
39 39
40 26
41 22
42 26
43 26
44 6
45 6
46 7
47 31
48 30
49 30
50 22
51 80
52 62
53 30
54 7
55 6
56 6
57 6
58 22
59 62
60 30
61 80
62 62
63 22
64 26
65 6
66 22
67 22
68 6
69 7
70 62
71 6
72 6
73 6
74 26
75 80
76 26
77 30
78 6
79 80
80 80
82 30
83 30
84 7
85 6
82
0 30
1 67
2 30
3 25
4 25
5 64
6 25
7 30
8 64
9 67
10 24
11 67
12 64
13 64
14 25
15 25
16 25
17 25
18 25
19 25
20 25
21 25
22 25
23 25
24 24
25 25
26 64
27 30
28 67
29 25
30 30
31 25
32 25
33 64
34 25
35 24
36 64
37 25
38 64
39 25
40 24
41 25
42 25
43 64
44 67
45 25
46 25
47 25
48 25
49 24
50 67
51 30
52 25
53 24
54 24
55 64
56 25
57 25
58 30
59 25
60 30
61 25
62 30
63 25
64 64
65 25
66 24
67 67
68 24
69 25
70 64
71 25
72 25
73 25
74 64
75 64
76 24
77 24
78 25
79 30
80 30
81 30
83 30
84 25
85 24
83
0 30
1 30
2 30
3 30
4 47
5 49
6 30
7 30
8 30
9 52
10 40
11 47
12 40
13 30
14 52
15 30
16 49
17 30
18 47
19 30
20 30
21 30
22 30
23 30
24 30
25 47
26 40
27 30
28 40
29 49
30 30
31 47
32 47
33 30
34 47
35 30
36 49
37 47
38 47
39 30
40 40
41 52
42 30
43 40
44 47
45 47
46 30
47 47
48 30
49 49
50 30
51 30
52 52
53 30
54 30
55 30
56 47
57 47
58 52
59 52
60 30
61 47
62 52
63 49
64 30
65 30
66 30
67 47
68 49
69 47
70 49
71 52
72 30
73 52
74 47
75 30
76 30
77 30
78 30
79 52
80 30
81 30
82 30
84 30
85 40
84
0 23
1 23
2 23
3 23
4 23
5 23
6 23
7 23
8 23
9 23
10 23
11 23
12 23
13 23
14 23
15 23
16 23
17 23
18 23
19 23
20 23
21 23
22 23
23 23
24 23
25 23
26 23
27 23
28 23
29 23
30 23
31 23
32 23
33 23
34 23
35 23
36 23
37 23
38 23
39 23
40 23
41 23
42 23
43 23
44 23
45 23
46 23
47 23
48 23
49 23
50 23
51 23
52 23
53 23
54 23
55 23
56 23
57 23
58 23
59 23
60 23
61 23
62 23
63 23
64 23
65 23
66 23
67 23
68 23
69 23
70 23
71 23
72 23
73 23
74 23
75 23
76 23
77 23
78 23
79 23
80 23
81 23
82 23
83 23
85 23
85
0 10
1 66
2 53
3 10
4 10
5 38
6 38
7 10
8 10
9 66
10 10
11 38
12 10
13 10
14 38
15 38
16 38
17 38
18 38
19 66
20 38
21 38
22 66
23 66
24 10
25 66
26 10
27 38
28 10
29 10
30 10
31 10
32 10
33 10
34 38
35 38
36 38
37 10
38 38
39 10
40 10
41 66
42 10
43 10
44 38
45 10
46 66
47 38
48 66
49 10
50 10
51 10
52 10
53 53
54 38
55 38
56 38
57 66
58 66
59 38
60 10
61 10
62 10
63 10
64 38
65 66
66 66
67 10
68 10
69 38
70 38
71 38
72 66
73 38
74 38
75 10
76 38
77 10
78 38
79 10
80 10
81 10
82 10
83 10
84 66
247
0
52 66
1
77 14
2
2 71
3
82 47
4
63 61
5
0 60
6
3 13
7
73 83
8
79 27
9
80 22
10
50 57
11
61 38
12
50 31
13
61 8
14
51 23
15
52 56
16
67 52
17
51 29
18
71 50
19
68 15
20
1 25
21
52 16
22
78 66
23
38 3
24
32 51
25
46 35
26
62 57
27
40 28
28
38 34
29
32 72
30
43 36
31
16 13
32
59 48
33
6 69
34
4 9
36
31 32
37
20 68
38
3 75
39
2 45
40
49 41
41
36 81
42
51 67
43
79 53
44
5 4
45
76 21
46
24 11
47
17 38
48
34 15
49
81 58
50
65 34
51
18 59
52
66 53
54
57 73
55
25 30
56
30 42
57
78 39
58
2 11
61
10 53
62
85 22
63
46 6
64
53 36
65
1 27
66
68 39
67
81 83
68
31 85
69
81 52
71
81 54
72
46 36
73
8 16
74
7 28
75
35 52
77
38 6
78
77 65
81
26 42
82
43 81
83
23 43
85
85 54
86
82 0
87
65 10
88
64 36
89
58 42
90
5 59
92
64 40
94
85 33
95
44 85
98
7 51
99
2 84
100
82 55
101
12 79
102
44 75
103
27 81
104
19 42
105
0 29
106
40 68
109
16 70
110
41 32
113
73 45
114
60 71
115
31 1
116
24 74
117
4 30
118
81 80
120
49 18
121
42 46
123
48 18
124
38 77
125
47 49
127
28 29
129
37 26
131
44 10
133
56 70
136
61 23
139
1 9
141
46 80
146
85 40
150
81 64
154
16 4
156
5 32
157
74 6
162
78 21
168
79 0
169
8 23
171
23 78
174
32 16
178
3 62
181
53 46
183
13 24
184
83 0
186
67 28
187
11 42
193
37 18
196
27 16
201
82 30
202
58 67
203
79 21
206
58 20
209
68 5
211
58 7
212
44 50
213
59 81
221
77 10
225
36 69
227
27 5
228
0 36
231
78 69
244
60 22
252
29 7
262
61 25
266
67 82
267
35 53
269
60 30
270
77 39
275
56 48
281
20 85
290
28 18
295
82 77
299
74 2
311
78 80
312
36 62
316
62 37
319
16 77
326
21 71
329
67 19
336
13 79
337
32 33
340
51 78
348
33 82
351
45 56
356
28 69
359
63 68
361
22 81
365
39 13
369
74 83
372
72 82
375
30 40
385
1 67
407
68 19
411
1 58
413
54 73
418
8 74
423
19 84
436
65 83
439
77 12
448
8 54
454
33 69
456
15 60
460
75 32
465
84 23
476
70 34
496
79 12
504
72 61
514
34 64
538
35 20
540
85 24
543
78 58
546
48 56
555
27 64
558
61 58
564
41 24
568
17 80
621
67 77
648
75 63
651
30 2
652
51 30
667
76 19
669
19 29
678
81 62
689
30 48
690
16 62
704
28 25
722
45 25
723
70 29
742
34 70
769
34 24
778
70 59
794
32 74
826
32 63
851
42 5
857
70 8
889
27 74
926
46 50
931
76 17
946
2 63
991
48 54
1010
28 9
1026
39 18
1054
75 19
1178
74 37
1179
78 17
1248
46 19
1290
65 29
1313
8 55
1353
60 78
1408
37 47
1448
22 7
1483
44 22
1489
30 80
1491
78 51
1532
6 65
1534
81 14
1560
85 53
1615
29 32
1634
69 17
1654
33 61
1675
75 80
1681
41 20
1694
62 52
3091
