86 218 1720 3
0 0 30 45
1 0 50 45
2 0 58 45
3 1 9 45
4 1 60 45
5 1 67 45
6 2 17 45
7 2 27 45
8 2 30 45
9 2 48 45
10 2 53 45
11 2 63 45
12 2 67 45
13 3 41 45
14 3 51 45
15 4 18 45
16 4 32 45
17 4 47 45
18 4 61 45
19 4 80 45
20 5 38 45
21 5 49 45
22 5 51 45
23 5 56 45
24 5 64 45
25 5 70 45
26 5 74 45
27 5 75 45
28 6 16 45
29 6 18 45
30 6 34 45
31 6 38 45
32 6 71 45
33 6 81 45
34 7 8 45
35 7 21 45
36 7 23 45
37 7 46 45
38 7 81 45
39 8 54 45
40 8 55 45
41 9 22 45
42 9 41 45
43 9 58 45
44 9 66 45
45 9 71 45
46 10 24 45
47 10 28 45
48 10 40 45
49 10 49 45
50 10 53 45
51 10 66 45
52 10 80 45
53 10 85 45
54 11 44 45
55 11 50 45
56 11 56 45
57 12 26 45
58 12 37 45
59 13 18 45
60 13 59 45
61 13 75 45
62 14 17 45
63 14 18 45
64 14 25 45
65 14 32 45
66 14 39 45
67 14 41 45
68 14 52 45
69 14 71 45
70 15 78 45
71 16 21 45
72 16 22 45
73 16 27 45
74 16 29 45
75 16 36 45
76 16 44 45
77 16 59 45
78 17 20 45
79 17 38 45
80 17 51 45
81 17 69 45
82 17 73 45
83 17 76 45
84 17 78 45
85 18 39 45
86 18 45 45
87 18 56 45
88 18 72 45
89 18 78 45
90 19 22 45
91 19 25 45
92 19 29 45
93 19 48 45
94 19 60 45
95 19 63 45
96 20 41 45
97 21 23 45
98 21 65 45
99 21 71 45
100 22 23 45
101 22 50 45
102 22 81 45
103 23 32 45
104 23 72 45
105 23 84 45
106 24 77 45
107 24 82 45
108 25 34 45
109 25 45 45
110 25 47 45
111 25 48 45
112 25 57 45
113 25 69 45
114 25 82 45
115 26 35 45
116 26 40 45
117 26 42 45
118 26 43 45
119 26 64 45
120 26 81 45
121 27 38 45
122 27 74 45
123 27 80 45
124 28 45 45
125 28 67 45
126 29 48 45
127 29 49 45
128 29 52 45
129 29 65 45
130 29 68 45
131 29 70 45
132 30 48 45
133 30 60 45
134 30 77 45
135 30 80 45
136 30 81 45
137 30 82 45
138 30 83 45
139 31 47 45
140 31 81 45
141 32 62 45
142 32 70 45
143 32 75 45
144 33 35 45
145 33 36 45
146 33 42 45
147 33 59 45
148 33 61 45
149 33 75 45
150 34 55 45
151 35 54 45
152 35 56 45
153 35 63 45
154 35 76 45
155 35 77 45
156 36 59 45
157 37 47 45
158 37 79 45
159 38 56 45
160 38 85 45
161 39 81 45
162 40 83 45
163 42 46 45
164 42 69 45
165 42 80 45
166 43 64 45
167 45 63 45
168 45 75 45
169 46 48 45
170 46 50 45
171 46 54 45
172 46 59 45
173 46 69 45
174 47 48 45
175 47 56 45
176 47 67 45
177 47 77 45
178 47 83 45
179 48 65 45
180 48 66 45
181 48 72 45
182 48 78 45
183 48 80 45
184 49 63 45
185 49 68 45
186 49 83 45
187 50 67 45
188 51 60 45
189 51 65 45
190 51 78 45
191 51 80 45
192 52 58 45
193 52 62 45
194 52 79 45
195 52 83 45
196 53 85 45
197 54 72 45
198 55 64 45
199 55 70 45
200 56 74 45
201 58 59 45
202 58 73 45
203 59 62 45
204 60 78 45
205 61 73 45
206 62 81 45
207 63 75 45
208 64 74 45
209 64 75 45
210 64 82 45
211 65 71 45
212 66 85 45
213 67 82 45
214 72 73 45
215 75 80 45
216 79 80 45
217 80 81 45
0 52 66 14
1 77 14 15
2 2 71 15
3 82 47 14
4 63 61 13
5 0 60 12
6 3 13 11
7 73 83 15
8 79 27 14
9 80 22 12
10 50 57 14
11 61 38 15
12 50 31 10
13 61 8 14
14 51 23 13
15 52 56 15
16 67 52 10
17 51 29 11
18 71 50 11
19 68 15 11
20 1 25 11
21 52 16 12
22 78 66 13
23 38 3 14
24 32 51 13
25 46 35 14
26 62 57 10
27 40 28 13
28 38 34 11
29 32 72 15
30 43 36 10
31 16 13 15
32 59 48 11
33 6 69 15
34 4 9 15
35 22 67 14
36 31 32 14
37 20 68 10
38 3 75 11
39 2 45 11
40 49 41 10
41 36 81 12
42 51 67 13
43 79 53 14
44 5 4 10
45 76 21 11
46 24 11 12
47 17 38 10
48 34 15 12
49 81 58 12
50 65 34 15
51 18 59 13
52 66 53 10
53 83 22 13
54 57 73 15
55 25 30 11
56 30 42 13
57 78 39 11
58 2 11 14
59 34 32 12
60 57 50 13
61 10 53 15
62 85 22 14
63 46 6 15
64 53 36 10
65 1 27 10
66 68 39 10
67 81 83 13
68 31 85 11
69 81 52 12
70 17 27 12
71 81 54 12
72 46 36 13
73 8 16 15
74 7 28 14
75 35 52 13
76 22 55 12
77 38 6 10
78 77 65 14
79 22 65 14
80 14 38 15
81 26 42 11
82 43 81 12
83 23 43 15
84 55 16 14
85 85 54 15
86 82 0 13
87 65 10 11
88 64 36 15
89 58 42 10
90 5 59 15
91 34 79 10
92 64 40 10
93 47 68 11
94 85 33 10
95 44 85 12
96 34 53 15
97 44 9 11
98 7 51 14
99 2 84 15
100 82 55 10
101 12 79 15
102 44 75 13
103 27 81 13
104 19 42 11
105 0 29 10
106 40 68 12
107 48 39 11
108 76 32 12
109 16 70 10
110 41 32 15
111 2 7 14
112 21 26 10
113 73 45 10
114 60 71 13
115 31 1 12
116 24 74 10
117 4 30 12
118 81 80 11
119 23 79 11
120 49 18 10
121 42 46 15
122 47 44 15
123 48 18 14
124 38 77 13
125 47 49 12
126 56 69 15
127 28 29 14
128 31 77 14
129 37 26 10
130 3 74 15
131 44 10 14
132 64 65 12
133 56 70 13
134 67 23 14
135 1 72 12
136 61 23 15
137 65 31 14
138 57 66 11
139 1 9 14
140 77 71 13
141 46 80 15
142 75 66 12
143 51 81 15
144 2 57 12
145 43 53 11
146 85 40 15
147 48 81 13
148 0 26 11
149 57 12 14
150 81 64 13
151 45 66 13
152 42 6 14
153 70 4 15
154 16 4 13
155 43 84 11
156 5 32 13
157 74 6 13
158 36 26 14
159 2 80 13
160 33 68 12
161 61 63 11
162 78 21 10
163 19 38 15
164 32 34 10
165 61 30 15
166 12 73 13
167 10 69 15
168 79 0 10
169 8 23 10
170 25 50 13
171 23 78 15
172 83 9 15
173 50 79 15
174 32 16 13
175 10 81 13
176 53 84 13
177 35 61 10
178 3 62 15
179 73 28 12
180 23 56 12
181 53 46 11
182 3 69 11
183 13 24 10
184 83 0 10
185 49 10 15
186 67 28 11
187 11 42 11
188 72 5 10
189 63 37 10
190 49 48 15
191 34 26 10
192 70 48 10
193 37 18 14
194 84 30 10
195 50 62 11
196 27 16 12
197 48 32 12
198 60 14 10
199 48 6 13
200 7 55 13
201 82 30 13
202 58 67 14
203 79 21 10
204 32 15 14
205 15 5 10
206 58 20 14
207 3 64 15
208 32 60 14
209 68 5 15
210 13 83 10
211 58 7 15
212 44 50 12
213 59 81 15
214 54 42 14
215 80 47 13
216 46 57 14
217 2 28 15
218 28 51 15
219 59 40 15
220 75 35 13
221 77 10 10
222 74 79 15
223 79 74 15
224 27 61 14
225 36 69 15
226 51 40 11
227 27 5 14
228 0 36 12
229 27 24 12
230 27 3 12
231 78 69 11
232 3 59 10
233 0 3 11
234 50 59 12
235 43 33 13
236 44 25 15
237 78 55 12
238 11 54 11
239 67 17 12
240 10 13 13
241 18 81 11
242 6 24 12
243 64 20 10
244 60 22 13
245 28 31 10
246 69 6 15
247 33 70 15
248 81 1 14
249 65 54 15
250 21 47 14
251 2 38 12
252 29 7 13
253 40 59 13
254 16 11 10
255 17 56 10
256 51 66 10
257 0 72 14
258 12 84 13
259 53 54 11
260 47 16 10
261 42 19 13
262 61 25 15
263 57 14 10
264 1 57 10
265 50 68 13
266 67 82 13
267 35 53 15
268 39 12 12
269 60 30 12
270 77 39 13
271 70 72 12
272 24 81 13
273 37 23 12
274 22 40 13
275 56 48 14
276 74 72 15
277 62 61 11
278 73 47 10
279 49 80 13
280 4 28 15
281 20 85 15
282 31 84 13
283 3 12 12
284 2 78 12
285 82 7 15
286 56 82 10
287 44 82 10
288 79 78 13
289 85 80 15
290 28 18 11
291 7 83 12
292 62 19 12
293 75 53 10
294 11 46 15
295 82 77 15
296 44 80 11
297 29 64 12
298 11 50 11
299 74 2 13
300 23 70 15
301 65 11 12
302 52 50 10
303 84 24 10
304 73 68 10
305 81 66 11
306 33 25 12
307 72 26 13
308 31 41 13
309 67 7 15
310 66 63 13
311 78 80 11
312 36 62 11
313 37 33 10
314 54 59 13
315 18 12 14
316 62 37 11
317 2 79 13
318 36 63 12
319 16 77 15
320 25 17 13
321 67 30 15
322 38 66 13
323 3 77 15
324 81 22 14
325 42 13 13
326 21 71 15
327 75 5 14
328 39 44 12
329 67 19 13
330 61 26 11
331 13 23 12
332 66 12 11
333 85 71 13
334 50 51 11
335 34 0 12
336 13 79 13
337 32 33 13
338 54 43 15
339 23 16 12
340 51 78 13
341 66 42 10
342 52 75 11
343 8 61 12
344 9 59 10
345 31 47 15
346 84 18 15
347 70 38 12
348 33 82 13
349 3 80 12
350 0 80 10
351 45 56 12
352 42 67 10
353 62 53 13
354 39 68 13
355 66 38 10
356 28 69 15
357 31 15 11
358 58 55 10
359 63 68 11
360 25 44 14
361 22 81 11
362 32 46 11
363 49 1 15
364 24 46 11
365 39 13 13
366 54 45 12
367 52 13 12
368 12 13 15
369 74 83 10
370 4 83 10
371 37 59 11
372 72 82 15
373 10 80 11
374 73 64 15
375 30 40 14
376 32 36 14
377 1 12 11
378 58 60 10
379 62 13 12
380 49 82 14
381 43 24 14
382 0 75 10
383 57 36 12
384 62 72 12
385 1 67 10
386 3 68 14
387 20 21 14
388 81 5 13
389 33 12 14
390 79 49 12
391 71 37 10
392 19 72 11
393 59 53 12
394 41 16 13
395 81 40 14
396 57 16 14
397 1 21 11
398 70 49 12
399 53 22 13
400 5 1 14
401 1 46 14
402 69 3 15
403 15 67 14
404 65 1 10
405 31 0 10
406 42 24 13
407 68 19 14
408 50 67 15
409 61 80 11
410 83 80 11
411 1 58 10
412 7 69 10
413 54 73 15
414 75 59 13
415 82 50 11
416 14 46 12
417 8 44 15
418 8 74 14
419 7 57 10
420 16 58 15
421 17 79 15
422 21 76 12
423 19 84 14
424 52 27 12
425 68 30 12
426 74 21 15
427 49 25 14
428 74 81 14
429 62 82 15
430 34 78 12
431 44 77 10
432 6 78 11
433 29 30 12
434 46 67 14
435 44 58 11
436 65 83 11
437 33 51 15
438 27 82 14
439 77 12 13
440 10 84 14
441 3 44 12
442 71 62 12
443 26 2 15
444 81 19 14
445 52 11 12
446 74 76 15
447 7 78 12
448 8 54 13
449 72 41 15
450 84 20 15
451 5 23 13
452 76 65 14
453 12 35 12
454 33 69 10
455 9 71 14
456 15 60 15
457 20 65 12
458 43 66 12
459 68 61 12
460 75 32 10
461 5 73 11
462 53 23 14
463 66 50 12
464 69 2 13
465 84 23 10
466 7 71 15
467 84 2 12
468 58 2 10
469 72 63 12
470 26 84 15
471 41 57 12
472 18 84 14
473 16 42 12
474 47 81 13
475 64 3 15
476 70 34 13
477 76 1 10
478 13 43 15
479 83 71 10
480 16 27 13
481 19 34 15
482 23 37 14
483 82 36 13
484 4 0 11
485 44 14 14
486 5 50 15
487 57 17 12
488 34 54 10
489 79 46 13
490 62 20 12
491 62 36 13
492 49 31 10
493 68 27 12
494 56 16 15
495 68 77 10
496 79 12 15
497 7 4 15
498 53 31 12
499 82 58 12
500 80 10 14
501 1 33 11
502 5 19 11
503 24 1 12
504 72 61 12
505 58 31 11
506 55 71 15
507 23 64 13
508 48 44 13
509 46 45 12
510 17 42 14
511 52 71 12
512 49 69 12
513 3 54 13
514 34 64 13
515 67 21 15
516 51 39 14
517 28 5 10
518 6 22 12
519 45 33 13
520 82 33 12
521 31 30 12
522 56 79 14
523 44 17 14
524 33 81 15
525 65 36 12
526 58 0 12
527 15 39 12
528 4 42 15
529 49 27 11
530 61 5 13
531 77 42 15
532 13 8 14
533 13 75 13
534 82 15 11
535 68 82 13
536 46 83 14
537 44 41 14
538 35 20 11
539 73 67 10
540 85 24 11
541 82 19 12
542 9 78 15
543 78 58 13
544 11 10 14
545 0 13 15
546 48 56 15
547 58 37 11
548 42 77 11
549 56 12 12
550 28 53 14
551 34 60 12
552 77 26 15
553 39 61 13
554 66 68 14
555 27 64 13
556 10 50 15
557 11 67 15
558 61 58 13
559 39 40 14
560 37 24 10
561 20 8 15
562 57 72 15
563 4 81 10
564 41 24 15
565 8 17 13
566 2 47 12
567 62 38 10
568 17 80 14
569 38 43 14
570 56 54 14
571 41 47 14
572 12 81 11
573 53 66 10
574 29 4 13
575 66 30 13
576 26 13 14
577 30 44 14
578 21 30 15
579 33 41 14
580 22 25 11
581 47 66 10
582 23 36 12
583 40 63 10
584 13 49 11
585 59 34 11
586 36 76 11
587 65 52 11
588 17 63 15
589 7 19 11
590 12 59 12
591 81 4 11
592 67 9 10
593 48 0 15
594 62 49 11
595 37 35 11
596 26 35 15
597 53 0 11
598 83 48 11
599 31 46 13
600 35 9 15
601 22 75 14
602 84 63 10
603 21 42 11
604 12 46 15
605 11 34 15
606 81 29 12
607 12 60 11
608 83 25 15
609 48 64 12
610 5 33 15
611 84 39 14
612 46 21 13
613 6 81 11
614 31 42 12
615 83 60 11
616 21 32 10
617 40 46 11
618 5 51 10
619 14 28 14
620 2 0 12
621 67 77 11
622 60 46 15
623 21 25 12
624 6 64 13
625 4 47 13
626 71 85 11
627 28 42 12
628 45 51 11
629 65 47 14
630 71 8 14
631 19 71 12
632 26 78 14
633 56 38 14
634 49 74 14
635 5 44 15
636 46 62 15
637 26 25 14
638 0 58 14
639 16 51 15
640 49 0 14
641 36 1 12
642 32 58 12
643 58 40 10
644 42 52 15
645 50 44 12
646 66 76 14
647 41 68 13
648 75 63 15
649 17 20 11
650 21 37 11
651 30 2 10
652 51 30 15
653 8 73 10
654 4 54 14
655 60 12 15
656 31 48 11
657 43 75 10
658 85 11 12
659 18 6 11
660 70 50 10
661 17 18 11
662 20 70 13
663 15 34 10
664 16 81 12
665 42 38 11
666 18 33 15
667 76 19 11
668 36 30 10
669 19 29 15
670 16 7 10
671 24 16 13
672 21 69 15
673 20 33 15
674 7 82 14
675 12 29 12
676 29 20 14
677 41 48 10
678 81 62 13
679 23 75 12
680 66 35 13
681 62 48 12
682 7 68 14
683 58 74 12
684 27 48 10
685 35 0 14
686 24 0 15
687 59 5 14
688 6 50 11
689 30 48 10
690 16 62 11
691 15 42 13
692 60 20 13
693 8 62 15
694 25 54 11
695 75 18 12
696 41 76 15
697 69 73 13
698 57 58 11
699 69 23 15
700 38 24 14
701 19 8 12
702 55 21 14
703 23 20 14
704 28 25 14
705 10 25 14
706 41 22 15
707 20 27 12
708 76 3 13
709 18 62 15
710 37 5 15
711 38 9 11
712 39 43 11
713 19 32 12
714 49 56 15
715 3 66 15
716 82 72 11
717 73 29 15
718 82 44 10
719 20 78 15
720 24 25 15
721 58 35 10
722 45 25 12
723 70 29 11
724 66 57 14
725 82 74 12
726 79 10 15
727 78 2 12
728 31 4 14
729 81 34 12
730 71 61 12
731 73 44 10
732 65 23 12
733 61 16 11
734 23 24 10
735 0 61 10
736 71 53 10
737 71 55 14
738 38 64 12
739 50 58 12
740 59 80 12
741 21 79 10
742 34 70 11
743 46 82 13
744 46 5 14
745 81 48 14
746 17 85 11
747 58 84 10
748 22 42 11
749 80 13 10
750 85 7 12
751 45 52 11
752 83 38 10
753 18 54 15
754 52 57 13
755 82 64 10
756 33 6 15
757 40 72 13
758 38 61 10
759 31 25 13
760 34 21 12
761 41 25 15
762 19 3 13
763 40 34 15
764 28 17 13
765 81 8 12
766 28 38 10
767 85 26 13
768 9 44 11
769 34 24 10
770 5 77 10
771 68 31 15
772 3 79 15
773 46 30 15
774 9 23 11
775 46 20 15
776 51 35 14
777 56 36 13
778 70 59 10
779 55 56 15
780 80 85 13
781 37 36 11
782 64 52 15
783 59 84 15
784 3 58 14
785 10 5 15
786 8 4 10
787 17 37 12
788 67 1 12
789 50 77 15
790 38 16 10
791 14 65 13
792 39 75 15
793 2 3 12
794 32 74 10
795 6 84 15
796 7 56 11
797 24 9 15
798 37 72 11
799 3 36 14
800 76 26 10
801 53 37 10
802 33 10 11
803 9 7 13
804 5 85 12
805 26 9 10
806 44 47 10
807 27 11 12
808 66 65 13
809 70 40 10
810 49 53 10
811 45 82 10
812 34 14 12
813 66 29 12
814 9 42 13
815 2 72 12
816 60 6 15
817 43 29 14
818 49 14 10
819 42 15 10
820 10 55 11
821 32 26 12
822 78 24 12
823 14 4 13
824 13 82 13
825 41 1 15
826 32 63 11
827 40 44 11
828 15 4 13
829 25 63 10
830 23 18 10
831 56 18 12
832 4 69 15
833 39 41 15
834 22 38 10
835 70 66 13
836 4 78 13
837 75 16 12
838 52 4 10
839 1 74 15
840 83 78 14
841 30 9 14
842 12 34 10
843 3 76 14
844 64 14 11
845 79 57 15
846 14 75 11
847 84 82 11
848 39 9 12
849 79 19 12
850 24 38 15
851 42 5 11
852 51 54 12
853 82 22 13
854 31 68 15
855 55 80 14
856 50 55 12
857 70 8 10
858 8 21 14
859 81 17 15
860 59 18 12
861 24 2 15
862 54 63 13
863 63 79 14
864 29 84 13
865 58 64 10
866 1 63 10
867 65 17 12
868 78 28 15
869 45 10 15
870 28 24 15
871 12 45 13
872 73 22 10
873 71 23 15
874 31 55 13
875 10 49 15
876 20 2 10
877 57 19 14
878 41 14 15
879 17 48 15
880 51 7 15
881 75 54 10
882 11 2 14
883 30 79 10
884 72 23 15
885 83 85 13
886 50 61 11
887 52 2 14
888 53 29 11
889 27 74 14
890 82 63 13
891 1 43 12
892 2 67 15
893 3 83 10
894 43 6 15
895 77 6 14
896 53 80 14
897 23 46 10
898 75 64 10
899 55 37 12
900 9 74 14
901 36 8 11
902 33 27 13
903 8 50 10
904 47 1 15
905 23 76 15
906 74 78 10
907 56 51 10
908 74 15 15
909 39 78 14
910 26 52 13
911 66 33 14
912 1 30 11
913 11 57 13
914 35 72 15
915 11 15 13
916 42 47 10
917 85 5 12
918 24 63 12
919 82 25 15
920 13 42 13
921 85 16 11
922 79 41 10
923 4 25 14
924 7 27 13
925 71 54 13
926 46 50 13
927 47 26 12
928 9 40 11
929 33 84 15
930 63 36 11
931 76 17 13
932 0 66 10
933 21 7 13
934 69 5 15
935 3 26 13
936 69 11 10
937 14 0 11
938 81 18 10
939 64 19 11
940 32 12 13
941 1 76 15
942 78 3 14
943 59 44 13
944 45 14 13
945 51 10 14
946 2 63 13
947 33 39 12
948 76 6 12
949 28 75 12
950 85 51 15
951 9 55 15
952 18 16 15
953 21 59 15
954 55 13 10
955 43 34 15
956 4 21 15
957 48 2 15
958 23 66 15
959 38 52 12
960 42 74 11
961 75 40 13
962 69 64 13
963 32 79 14
964 85 74 13
965 35 45 11
966 77 8 14
967 5 22 11
968 69 37 14
969 56 52 10
970 81 38 12
971 32 28 15
972 28 85 15
973 56 29 13
974 82 4 14
975 7 65 12
976 56 43 11
977 59 77 12
978 56 50 11
979 13 67 15
980 27 83 12
981 23 73 10
982 1 20 12
983 75 21 15
984 62 68 12
985 20 25 12
986 51 84 10
987 40 8 11
988 14 54 13
989 51 0 14
990 77 52 10
991 48 54 12
992 64 79 13
993 39 16 15
994 47 53 12
995 70 16 14
996 27 71 12
997 32 81 10
998 80 84 12
999 37 80 12
1000 2 29 14
1001 70 51 11
1002 67 25 15
1003 32 48 13
1004 77 2 14
1005 15 32 12
1006 77 67 13
1007 5 17 14
1008 51 42 11
1009 23 71 15
1010 28 9 12
1011 84 25 10
1012 61 2 13
1013 76 13 14
1014 5 37 15
1015 67 63 14
1016 54 2 10
1017 45 7 14
1018 81 28 11
1019 35 40 10
1020 22 77 14
1021 19 77 15
1022 32 44 12
1023 11 65 11
1024 71 66 10
1025 38 83 13
1026 39 18 12
1027 39 28 14
1028 17 5 11
1029 76 45 15
1030 57 42 12
1031 0 4 12
1032 24 40 13
1033 49 7 15
1034 28 50 13
1035 26 27 13
1036 8 34 11
1037 35 10 12
1038 11 55 15
1039 28 19 14
1040 40 55 13
1041 8 82 12
1042 65 20 15
1043 33 83 11
1044 53 38 14
1045 43 9 13
1046 67 20 15
1047 57 46 15
1048 63 60 11
1049 7 49 10
1050 33 50 10
1051 10 63 15
1052 32 11 14
1053 3 7 10
1054 75 19 12
1055 52 65 11
1056 42 76 15
1057 54 16 13
1058 66 31 15
1059 71 60 13
1060 61 48 12
1061 33 0 11
1062 60 15 12
1063 24 57 12
1064 84 0 11
1065 20 53 12
1066 43 23 14
1067 48 61 12
1068 49 22 13
1069 47 32 12
1070 33 1 11
1071 39 74 15
1072 65 73 11
1073 77 57 12
1074 79 45 12
1075 30 51 15
1076 38 80 11
1077 23 6 14
1078 33 56 10
1079 42 32 12
1080 63 50 12
1081 64 25 14
1082 84 1 10
1083 71 83 13
1084 49 77 11
1085 57 7 12
1086 30 65 14
1087 42 18 14
1088 57 8 12
1089 34 83 15
1090 34 28 10
1091 16 74 14
1092 84 59 15
1093 30 70 12
1094 39 34 11
1095 35 7 11
1096 78 33 14
1097 0 38 15
1098 54 65 14
1099 79 71 15
1100 79 5 14
1101 57 51 11
1102 32 84 11
1103 62 21 12
1104 56 59 10
1105 14 44 13
1106 70 58 11
1107 61 68 10
1108 43 52 10
1109 51 20 10
1110 62 27 13
1111 60 10 11
1112 25 8 12
1113 2 81 11
1114 9 72 15
1115 15 50 13
1116 53 15 13
1117 21 39 15
1118 84 50 14
1119 69 66 15
1120 73 82 15
1121 55 61 13
1122 22 9 14
1123 17 23 12
1124 59 72 15
1125 80 23 11
1126 51 83 14
1127 54 56 10
1128 58 13 13
1129 56 11 15
1130 34 66 15
1131 58 78 11
1132 42 58 14
1133 47 22 11
1134 40 19 14
1135 64 7 10
1136 79 24 12
1137 8 28 13
1138 30 32 12
1139 34 16 12
1140 61 12 10
1141 44 40 14
1142 23 8 14
1143 14 72 12
1144 10 56 10
1145 77 0 13
1146 3 55 13
1147 60 83 13
1148 85 77 11
1149 14 26 10
1150 50 38 12
1151 31 70 11
1152 24 51 12
1153 20 44 12
1154 1 28 12
1155 31 22 15
1156 11 4 10
1157 20 43 12
1158 51 57 12
1159 76 8 12
1160 74 75 15
1161 77 45 14
1162 57 60 10
1163 29 12 15
1164 61 0 12
1165 54 68 15
1166 16 47 14
1167 25 23 10
1168 27 42 12
1169 24 50 13
1170 78 65 14
1171 29 55 14
1172 55 30 13
1173 80 38 15
1174 3 84 13
1175 24 72 11
1176 81 3 13
1177 2 35 11
1178 74 37 11
1179 78 17 10
1180 11 78 11
1181 34 57 12
1182 80 43 10
1183 55 77 15
1184 61 69 11
1185 7 73 14
1186 26 64 13
1187 17 15 10
1188 17 2 11
1189 65 19 15
1190 75 78 14
1191 24 75 14
1192 5 13 12
1193 0 85 15
1194 47 79 12
1195 38 62 13
1196 71 7 15
1197 80 49 14
1198 4 39 15
1199 3 0 12
1200 66 2 10
1201 25 15 12
1202 27 30 13
1203 0 45 13
1204 23 13 15
1205 13 15 12
1206 34 73 12
1207 79 80 15
1208 83 82 14
1209 16 73 10
1210 60 76 15
1211 13 76 13
1212 79 84 10
1213 37 8 13
1214 82 53 12
1215 72 16 10
1216 47 73 12
1217 69 81 11
1218 50 3 14
1219 3 9 13
1220 66 1 10
1221 10 43 15
1222 27 53 10
1223 77 38 12
1224 80 25 15
1225 34 77 13
1226 26 16 10
1227 0 74 13
1228 4 14 12
1229 25 42 11
1230 80 3 12
1231 28 22 12
1232 55 22 12
1233 71 69 15
1234 71 82 15
1235 38 76 13
1236 52 35 14
1237 42 41 12
1238 12 51 14
1239 26 20 15
1240 36 4 12
1241 81 57 15
1242 37 12 10
1243 81 72 11
1244 47 25 14
1245 12 80 10
1246 9 50 13
1247 63 56 15
1248 46 19 10
1249 64 42 15
1250 64 48 14
1251 24 77 12
1252 18 75 10
1253 4 65 15
1254 84 67 14
1255 18 41 14
1256 81 41 13
1257 65 25 14
1258 24 61 10
1259 27 57 13
1260 26 10 11
1261 6 47 14
1262 71 52 14
1263 82 39 14
1264 45 26 15
1265 7 58 12
1266 66 58 14
1267 9 24 12
1268 2 75 12
1269 83 15 12
1270 1 40 10
1271 9 70 10
1272 31 49 10
1273 63 4 10
1274 4 35 14
1275 45 38 15
1276 84 13 15
1277 17 24 15
1278 32 64 10
1279 36 41 11
1280 40 41 11
1281 73 49 11
1282 41 46 13
1283 10 34 12
1284 12 19 15
1285 72 69 13
1286 7 8 10
1287 84 16 10
1288 13 63 13
1289 14 12 12
1290 65 29 11
1291 32 4 14
1292 51 43 11
1293 52 9 11
1294 15 49 13
1295 72 38 14
1296 11 81 10
1297 0 9 10
1298 28 2 10
1299 53 58 14
1300 48 43 12
1301 83 59 11
1302 23 28 14
1303 82 24 13
1304 64 39 10
1305 37 30 12
1306 36 50 11
1307 22 64 10
1308 62 33 15
1309 77 82 10
1310 40 25 14
1311 78 47 10
1312 78 34 11
1313 8 55 14
1314 29 50 11
1315 42 57 13
1316 22 10 10
1317 64 62 11
1318 59 36 10
1319 74 10 12
1320 58 73 14
1321 10 47 12
1322 43 11 14
1323 45 47 11
1324 79 54 12
1325 31 80 12
1326 17 12 13
1327 25 16 14
1328 33 67 13
1329 82 85 11
1330 72 68 10
1331 2 19 14
1332 9 82 13
1333 22 49 12
1334 82 31 15
1335 33 18 10
1336 39 80 12
1337 62 66 10
1338 31 13 12
1339 46 48 11
1340 47 29 10
1341 27 7 11
1342 35 8 11
1343 2 1 10
1344 8 36 13
1345 38 39 11
1346 10 36 11
1347 59 82 13
1348 47 42 15
1349 17 61 13
1350 16 54 10
1351 39 72 13
1352 51 79 15
1353 60 78 14
1354 23 44 13
1355 85 75 13
1356 9 8 11
1357 44 1 13
1358 79 48 13
1359 21 57 15
1360 51 24 11
1361 72 52 14
1362 3 5 13
1363 14 13 14
1364 40 6 15
1365 45 81 11
1366 16 5 10
1367 8 18 13
1368 1 36 11
1369 72 28 11
1370 83 17 11
1371 70 10 12
1372 29 27 10
1373 55 51 15
1374 79 85 13
1375 39 52 14
1376 62 5 13
1377 14 77 14
1378 74 42 10
1379 14 15 12
1380 63 69 13
1381 16 30 14
1382 7 25 13
1383 15 41 15
1384 51 1 11
1385 51 38 11
1386 26 51 11
1387 65 68 15
1388 36 48 15
1389 74 26 13
1390 8 35 13
1391 82 70 13
1392 44 3 14
1393 85 2 12
1394 80 8 10
1395 63 67 12
1396 80 39 12
1397 6 7 11
1398 65 77 12
1399 21 35 12
1400 29 56 14
1401 49 54 10
1402 36 39 14
1403 68 67 10
1404 52 8 14
1405 21 62 15
1406 28 37 13
1407 56 66 15
1408 37 47 15
1409 16 59 11
1410 31 82 15
1411 81 13 15
1412 66 13 12
1413 53 63 12
1414 36 15 11
1415 42 35 15
1416 81 45 12
1417 84 56 14
1418 58 81 10
1419 58 76 15
1420 7 60 13
1421 81 47 12
1422 26 3 10
1423 9 62 11
1424 13 33 10
1425 19 60 11
1426 22 13 15
1427 80 70 12
1428 48 57 15
1429 16 33 10
1430 46 43 15
1431 80 20 12
1432 60 36 15
1433 68 45 13
1434 41 19 15
1435 27 56 12
1436 19 64 15
1437 17 19 10
1438 6 35 10
1439 0 53 12
1440 73 51 10
1441 20 7 15
1442 13 35 14
1443 6 79 13
1444 57 29 13
1445 4 7 14
1446 30 20 10
1447 73 43 13
1448 22 7 12
1449 0 54 15
1450 44 5 13
1451 72 49 15
1452 14 42 14
1453 66 32 12
1454 85 44 11
1455 27 50 12
1456 74 33 10
1457 13 3 10
1458 21 4 14
1459 72 48 13
1460 51 4 12
1461 7 52 11
1462 31 23 10
1463 46 15 15
1464 15 77 13
1465 60 75 11
1466 73 52 10
1467 55 45 11
1468 27 34 11
1469 22 4 13
1470 5 36 11
1471 58 21 11
1472 18 71 13
1473 76 42 14
1474 72 24 15
1475 51 62 12
1476 50 4 10
1477 62 50 15
1478 82 60 15
1479 67 57 11
1480 64 66 10
1481 15 13 10
1482 26 4 15
1483 44 22 15
1484 74 19 11
1485 18 26 13
1486 63 42 10
1487 34 36 14
1488 3 50 15
1489 30 80 11
1490 33 35 14
1491 78 51 14
1492 32 52 10
1493 35 14 15
1494 21 53 10
1495 50 46 12
1496 74 31 11
1497 84 75 14
1498 60 7 11
1499 15 38 15
1500 48 9 15
1501 49 78 15
1502 60 85 13
1503 9 6 11
1504 78 54 15
1505 83 46 12
1506 37 10 14
1507 25 62 13
1508 1 26 12
1509 52 21 11
1510 57 23 12
1511 50 85 12
1512 41 50 10
1513 37 68 12
1514 4 51 12
1515 50 30 11
1516 23 51 13
1517 77 9 10
1518 65 43 10
1519 77 21 15
1520 58 22 14
1521 9 51 14
1522 37 17 11
1523 18 44 11
1524 69 32 10
1525 70 56 12
1526 61 49 10
1527 62 51 12
1528 33 46 14
1529 55 1 13
1530 74 71 11
1531 30 84 12
1532 6 65 11
1533 24 60 14
1534 81 14 12
1535 81 73 11
1536 66 51 13
1537 82 66 10
1538 61 75 12
1539 53 42 11
1540 6 3 10
1541 62 46 10
1542 78 25 15
1543 52 84 10
1544 35 60 10
1545 71 4 11
1546 28 57 10
1547 14 27 13
1548 36 57 11
1549 63 72 11
1550 74 22 15
1551 18 52 15
1552 35 73 12
1553 33 20 13
1554 53 16 14
1555 31 50 15
1556 73 65 11
1557 18 39 10
1558 78 44 14
1559 64 13 15
1560 85 53 10
1561 85 64 10
1562 68 71 15
1563 7 33 10
1564 79 26 11
1565 50 22 13
1566 18 34 12
1567 42 16 11
1568 61 46 14
1569 33 17 13
1570 62 29 11
1571 61 22 11
1572 18 13 12
1573 44 30 11
1574 12 50 14
1575 74 24 11
1576 72 56 12
1577 46 12 10
1578 85 50 12
1579 0 69 13
1580 22 37 14
1581 41 13 11
1582 25 74 13
1583 54 0 15
1584 43 59 12
1585 19 82 14
1586 51 50 15
1587 8 11 14
1588 10 27 11
1589 58 19 11
1590 73 15 14
1591 11 68 12
1592 55 74 15
1593 85 65 12
1594 8 48 13
1595 53 83 12
1596 45 79 14
1597 74 9 14
1598 48 52 14
1599 7 23 11
1600 25 48 12
1601 39 73 15
1602 13 37 11
1603 57 85 10
1604 34 25 15
1605 32 19 12
1606 77 13 13
1607 19 55 11
1608 15 63 13
1609 60 34 15
1610 34 18 11
1611 23 38 11
1612 82 13 15
1613 75 61 11
1614 85 73 10
1615 29 32 13
1616 58 41 10
1617 4 84 11
1618 75 46 14
1619 30 71 12
1620 1 64 15
1621 26 30 11
1622 3 38 12
1623 26 41 10
1624 27 40 15
1625 54 25 15
1626 37 28 10
1627 56 9 14
1628 48 29 11
1629 44 33 13
1630 27 31 15
1631 21 41 12
1632 13 62 13
1633 18 4 13
1634 69 17 14
1635 82 75 15
1636 32 43 14
1637 65 38 12
1638 58 15 15
1639 73 12 14
1640 54 22 12
1641 37 76 14
1642 25 13 12
1643 41 31 15
1644 53 43 10
1645 25 27 14
1646 55 14 11
1647 53 59 15
1648 37 49 10
1649 55 12 13
1650 34 30 11
1651 57 2 13
1652 85 30 13
1653 16 63 15
1654 33 61 10
1655 53 77 12
1656 76 38 10
1657 84 49 14
1658 76 54 13
1659 34 11 14
1660 8 78 10
1661 82 48 13
1662 70 80 13
1663 40 71 13
1664 33 62 12
1665 1 14 14
1666 46 44 11
1667 15 57 12
1668 41 0 12
1669 50 13 13
1670 14 37 15
1671 29 69 15
1672 34 6 11
1673 77 59 11
1674 44 56 13
1675 75 80 10
1676 11 33 11
1677 45 84 10
1678 78 45 13
1679 25 52 15
1680 65 42 15
1681 41 20 14
1682 66 23 11
1683 19 79 14
1684 54 62 14
1685 27 39 11
1686 45 68 15
1687 85 46 14
1688 74 13 14
1689 59 52 11
1690 65 46 14
1691 50 84 14
1692 18 42 15
1693 82 34 11
1694 62 52 11
1695 53 51 11
1696 64 63 10
1697 14 55 12
1698 43 76 12
1699 44 24 14
1700 34 47 10
1701 54 85 14
1702 66 78 12
1703 64 84 11
1704 77 33 14
1705 52 30 10
1706 77 73 15
1707 59 19 14
1708 80 35 10
1709 57 74 11
1710 78 38 11
1711 10 39 14
1712 15 33 11
1713 9 45 12
1714 39 4 14
1715 51 59 13
1716 18 70 12
1717 63 33 10
1718 39 2 12
1719 62 81 15
