otherCase
0
1 1
2 2
3 16
4 2
5 26
6 26
7 1
8 1
9 1
10 1
11 81
12 2
13 16
14 39
15 54
16 16
17 40
18 1
19 1
20 16
21 26
22 40
23 2
24 1
25 1
26 26
27 1
28 26
29 76
30 1
31 39
32 79
33 1
34 2
35 40
36 74
37 26
38 1
39 39
40 40
41 16
42 62
43 40
44 76
45 2
46 39
47 74
48 78
49 2
50 16
51 78
52 52
53 74
54 54
55 2
56 39
57 78
58 54
59 16
60 26
61 62
62 62
63 26
64 2
65 65
66 54
67 2
68 16
69 79
70 1
71 52
72 39
73 16
74 74
75 1
76 76
77 79
78 78
79 79
80 26
81 81
82 1
83 83
84 84
85 1
86 62
87 87
1
0 0
2 0
3 27
4 9
5 10
6 8
7 27
8 8
9 9
10 10
11 24
12 8
13 8
14 19
15 19
16 0
17 25
18 18
19 19
20 18
21 10
22 19
23 9
24 24
25 25
26 26
27 27
28 26
29 10
30 30
31 10
32 19
33 33
34 0
35 18
36 19
37 26
38 38
39 0
40 40
41 38
42 33
43 10
44 27
45 9
46 75
47 8
48 27
49 19
50 8
51 18
52 0
53 81
54 0
55 81
56 19
57 75
58 25
59 8
60 18
61 25
62 0
63 9
64 19
65 0
66 8
67 9
68 18
69 0
70 9
71 10
72 19
73 85
74 0
75 75
76 0
77 24
78 0
79 0
80 10
81 81
82 82
83 0
84 84
85 85
86 8
87 87
2
0 0
1 0
3 16
4 4
5 10
6 55
7 4
8 12
9 4
10 10
11 4
12 12
13 16
14 49
15 30
16 16
17 0
18 16
19 12
20 16
21 10
22 12
23 23
24 4
25 10
26 0
27 0
28 4
29 10
30 30
31 10
32 12
33 4
34 34
35 23
36 12
37 23
38 0
39 0
40 0
41 16
42 0
43 10
44 55
45 45
46 0
47 23
48 0
49 49
50 10
51 55
52 0
53 23
54 0
55 55
56 34
57 87
58 12
59 16
60 4
61 0
62 0
63 12
64 64
65 0
66 10
67 67
68 16
69 45
70 4
71 10
72 12
73 4
74 0
75 67
76 0
77 45
78 0
79 0
80 10
81 0
82 23
83 0
84 0
85 49
86 55
87 87
3
0 16
1 27
2 16
4 11
5 5
6 6
7 27
8 6
9 6
10 5
11 11
12 81
13 5
14 27
15 59
16 16
17 11
18 16
19 33
20 20
21 20
22 5
23 47
24 6
25 31
26 5
27 27
28 33
29 11
30 31
31 31
32 33
33 33
34 20
35 6
36 20
37 5
38 27
39 31
40 16
41 41
42 42
43 5
44 44
45 5
46 57
47 47
48 6
49 31
50 6
51 5
52 59
53 53
54 31
55 5
56 31
57 57
58 27
59 59
60 47
61 61
62 62
63 59
64 31
65 16
66 57
67 67
68 16
69 6
70 73
71 5
72 59
73 73
74 5
75 20
76 31
77 53
78 57
79 16
80 80
81 81
82 42
83 83
84 16
85 27
86 5
87 5
4
0 2
1 9
2 2
3 11
5 33
6 9
7 60
8 9
9 9
10 2
11 11
12 2
13 24
14 60
15 28
16 2
17 11
18 33
19 24
20 33
21 45
22 24
23 2
24 24
25 33
26 9
27 11
28 28
29 11
30 2
31 24
32 24
33 33
34 2
35 33
36 45
37 11
38 60
39 24
40 9
41 2
42 33
43 55
44 55
45 45
46 9
47 45
48 78
49 2
50 11
51 33
52 76
53 55
54 45
55 55
56 73
57 60
58 2
59 2
60 60
61 11
62 2
63 9
64 2
65 28
66 24
67 2
68 45
69 45
70 70
71 45
72 45
73 73
74 60
75 9
76 76
77 24
78 78
79 9
80 28
81 81
82 9
83 33
84 2
85 24
86 11
87 2
5
0 26
1 10
2 10
3 3
4 33
6 3
7 61
8 13
9 26
10 10
11 3
12 10
13 13
14 22
15 13
16 3
17 3
18 33
19 22
20 3
21 10
22 22
23 37
24 13
25 10
26 26
27 3
28 26
29 10
30 22
31 31
32 13
33 33
34 45
35 33
36 43
37 37
38 13
39 10
40 13
41 3
42 3
43 43
44 44
45 45
46 13
47 3
48 44
49 31
50 10
51 51
52 71
53 3
54 22
55 55
56 22
57 3
58 13
59 3
60 26
61 61
62 3
63 13
64 31
65 55
66 10
67 3
68 26
69 13
70 37
71 71
72 13
73 3
74 74
75 31
76 31
77 45
78 10
79 26
80 3
81 81
82 87
83 3
84 22
85 44
86 86
87 87
6
0 26
1 8
2 55
3 3
4 9
5 3
7 3
8 8
9 9
10 50
11 3
12 8
13 8
14 50
15 87
16 3
17 3
18 35
19 24
20 3
21 26
22 24
23 9
24 24
25 87
26 26
27 3
28 26
29 3
30 37
31 3
32 24
33 3
34 35
35 35
36 69
37 37
38 50
39 8
40 9
41 3
42 3
43 55
44 3
45 9
46 35
47 3
48 48
49 50
50 50
51 35
52 3
53 3
54 8
55 55
56 69
57 3
58 69
59 3
60 26
61 3
62 3
63 9
64 3
65 55
66 8
67 3
68 26
69 69
70 9
71 35
72 3
73 3
74 8
75 8
76 3
77 24
78 8
79 9
80 3
81 3
82 9
83 3
84 26
85 8
86 8
87 87
7
0 27
1 27
2 41
3 27
4 60
5 61
6 27
8 47
9 27
10 27
11 27
12 27
13 41
14 27
15 61
16 41
17 41
18 60
19 27
20 41
21 42
22 27
23 47
24 27
25 61
26 27
27 27
28 86
29 27
30 27
31 27
32 60
33 42
34 27
35 42
36 27
37 47
38 27
39 27
40 27
41 41
42 42
43 61
44 27
45 47
46 61
47 47
48 27
49 27
50 42
51 41
52 27
53 27
54 27
55 86
56 27
57 60
58 27
59 27
60 60
61 61
62 42
63 86
64 27
65 27
66 60
67 27
68 42
69 27
70 42
71 27
72 27
73 27
74 27
75 27
76 47
77 27
78 60
79 42
80 41
81 47
82 42
83 27
84 27
85 27
86 86
87 27
8
0 1
1 1
2 12
3 6
4 9
5 13
6 6
7 47
9 9
10 1
11 50
12 12
13 13
14 39
15 13
16 13
17 47
18 1
19 1
20 75
21 12
22 12
23 9
24 1
25 1
26 1
27 1
28 75
29 1
30 1
31 13
32 12
33 1
34 50
35 6
36 12
37 6
38 1
39 39
40 1
41 13
42 50
43 13
44 50
45 9
46 13
47 47
48 6
49 39
50 50
51 78
52 59
53 74
54 54
55 6
56 39
57 66
58 12
59 59
60 47
61 1
62 50
63 9
64 59
65 75
66 66
67 9
68 87
69 6
70 9
71 74
72 12
73 13
74 74
75 75
76 47
77 66
78 78
79 9
80 39
81 1
82 1
83 1
84 1
85 85
86 86
87 87
9
0 1
1 1
2 4
3 6
4 4
5 26
6 6
7 1
8 8
10 1
11 4
12 8
13 8
14 63
15 1
16 40
17 40
18 1
19 1
20 45
21 26
22 24
23 23
24 24
25 1
26 26
27 1
28 4
29 45
30 1
31 24
32 24
33 1
34 23
35 6
36 45
37 6
38 1
39 8
40 40
41 1
42 79
43 40
44 67
45 45
46 75
47 8
48 6
49 63
50 6
51 1
52 1
53 23
54 8
55 4
56 1
57 75
58 67
59 8
60 4
61 1
62 1
63 63
64 1
65 63
66 8
67 67
68 26
69 6
70 70
71 45
72 45
73 4
74 8
75 75
76 4
77 24
78 4
79 79
80 26
81 1
82 82
83 40
84 1
85 1
86 8
87 1
10
0 1
1 1
2 2
3 5
4 2
5 5
6 50
7 1
8 1
9 1
11 29
12 12
13 5
14 21
15 87
16 2
17 21
18 1
19 1
20 21
21 21
22 5
23 2
24 1
25 25
26 1
27 1
28 29
29 29
30 1
31 31
32 12
33 1
34 2
35 66
36 12
37 5
38 1
39 39
40 1
41 80
42 21
43 43
44 5
45 2
46 39
47 1
48 50
49 2
50 50
51 5
52 21
53 1
54 31
55 2
56 25
57 21
58 12
59 21
60 66
61 5
62 21
63 12
64 2
65 1
66 66
67 67
68 31
69 66
70 21
71 71
72 12
73 43
74 5
75 1
76 29
77 66
78 78
79 21
80 80
81 1
82 1
83 1
84 1
85 1
86 5
87 87
11
0 81
1 24
2 4
3 3
4 4
5 3
6 3
7 27
8 50
9 4
10 29
12 45
13 24
14 17
15 61
16 3
17 17
18 3
19 24
20 3
21 17
22 24
23 37
24 24
25 17
26 27
27 27
28 4
29 29
30 37
31 3
32 24
33 3
34 29
35 45
36 45
37 37
38 27
39 24
40 17
41 3
42 3
43 61
44 3
45 45
46 61
47 3
48 27
49 50
50 50
51 81
52 3
53 3
54 45
55 4
56 3
57 3
58 27
59 3
60 4
61 61
62 3
63 29
64 3
65 17
66 24
67 3
68 45
69 45
70 4
71 37
72 45
73 3
74 27
75 3
76 4
77 24
78 4
79 37
80 3
81 81
82 50
83 3
84 3
85 24
86 86
87 24
12
0 2
1 8
2 2
3 81
4 2
5 10
6 8
7 8
8 8
9 8
10 10
11 45
13 8
14 19
15 19
16 2
17 21
18 39
19 19
20 21
21 21
22 22
23 2
24 19
25 10
26 21
27 58
28 2
29 10
30 2
31 10
32 32
33 19
34 2
35 45
36 36
37 81
38 22
39 39
40 22
41 2
42 21
43 10
44 55
45 45
46 22
47 8
48 63
49 2
50 8
51 55
52 21
53 36
54 8
55 55
56 19
57 21
58 58
59 8
60 32
61 10
62 21
63 63
64 2
65 55
66 8
67 2
68 45
69 36
70 21
71 10
72 72
73 2
74 8
75 8
76 81
77 45
78 8
79 21
80 10
81 81
82 63
83 72
84 84
85 8
86 8
87 2
13
0 16
1 8
2 16
3 5
4 24
5 5
6 8
7 41
8 8
9 8
10 5
11 24
12 8
14 15
15 15
16 16
17 21
18 16
19 15
20 16
21 21
22 22
23 5
24 24
25 22
26 26
27 26
28 15
29 32
30 15
31 31
32 32
33 5
34 50
35 40
36 43
37 5
38 38
39 39
40 40
41 41
42 21
43 43
44 5
45 5
46 46
47 8
48 50
49 31
50 50
51 5
52 21
53 55
54 8
55 55
56 22
57 21
58 58
59 8
60 26
61 5
62 21
63 63
64 31
65 16
66 8
67 55
68 16
69 69
70 21
71 5
72 72
73 73
74 5
75 8
76 31
77 24
78 8
79 16
80 21
81 5
82 40
83 38
84 16
85 8
86 5
87 5
14
0 39
1 19
2 49
3 27
4 60
5 22
6 50
7 27
8 39
9 63
10 21
11 17
12 19
13 15
15 15
16 50
17 17
18 39
19 19
20 17
21 21
22 22
23 15
24 19
25 17
26 21
27 27
28 15
29 32
30 15
31 39
32 32
33 19
34 50
35 46
36 19
37 81
38 22
39 39
40 17
41 17
42 17
43 46
44 44
45 21
46 46
47 17
48 27
49 49
50 50
51 78
52 21
53 58
54 15
55 44
56 19
57 21
58 58
59 15
60 60
61 61
62 62
63 63
64 19
65 17
66 66
67 44
68 44
69 44
70 21
71 44
72 15
73 44
74 27
75 39
76 44
77 66
78 78
79 21
80 21
81 81
82 50
83 17
84 22
85 85
86 50
87 87
15
0 54
1 19
2 30
3 59
4 28
5 13
6 87
7 61
8 13
9 13
10 87
11 61
12 19
13 13
14 14
16 13
17 14
18 87
19 19
20 61
21 13
22 13
23 30
24 13
25 19
26 13
27 14
28 28
29 28
30 30
31 13
32 13
33 19
34 28
35 46
36 19
37 30
38 13
39 13
40 13
41 13
42 13
43 13
44 14
45 54
46 46
47 81
48 13
49 14
50 13
51 81
52 30
53 81
54 54
55 13
56 19
57 46
58 13
59 59
60 14
61 61
62 14
63 13
64 19
65 28
66 14
67 13
68 81
69 13
70 13
71 81
72 72
73 13
74 13
75 28
76 81
77 87
78 14
79 28
80 28
81 81
82 87
83 72
84 30
85 14
86 28
87 87
16
0 0
1 0
2 2
3 3
4 2
5 3
6 3
7 41
8 13
9 40
10 2
11 3
12 2
13 13
14 50
15 13
17 20
18 18
19 0
20 20
21 13
22 13
23 2
24 13
25 87
26 0
27 3
28 40
29 0
30 2
31 3
32 13
33 3
34 2
35 18
36 20
37 73
38 13
39 0
40 40
41 41
42 3
43 13
44 3
45 2
46 13
47 3
48 20
49 2
50 50
51 18
52 0
53 3
54 0
55 55
56 59
57 3
58 13
59 59
60 18
61 3
62 0
63 13
64 2
65 65
66 50
67 2
68 68
69 13
70 50
71 0
72 13
73 73
74 0
75 18
76 0
77 73
78 0
79 79
80 3
81 0
82 40
83 0
84 84
85 40
86 50
87 87
17
0 40
1 25
2 11
3 11
4 11
5 11
6 11
7 41
8 47
9 40
10 21
11 11
12 21
13 21
14 14
15 14
16 20
18 20
19 14
20 20
21 21
22 14
23 47
24 11
25 25
26 21
27 11
28 40
29 11
30 11
31 25
32 14
33 20
34 20
35 40
36 20
37 11
38 41
39 14
40 40
41 41
42 42
43 40
44 14
45 11
46 14
47 47
48 20
49 14
50 11
51 11
52 21
53 11
54 11
55 65
56 25
57 21
58 14
59 21
60 60
61 11
62 62
63 14
64 25
65 65
66 14
67 11
68 20
69 11
70 21
71 11
72 21
73 65
74 47
75 20
76 47
77 11
78 14
79 21
80 21
81 11
82 40
83 83
84 20
85 14
86 11
87 14
18
0 1
1 1
2 16
3 16
4 33
5 33
6 35
7 60
8 1
9 1
10 1
11 1
12 39
13 16
14 39
15 87
16 16
17 20
19 1
20 20
21 20
22 38
23 35
24 1
25 1
26 1
27 1
28 33
29 1
30 1
31 39
32 33
33 33
34 20
35 35
36 20
37 80
38 38
39 39
40 40
41 16
42 20
43 43
44 68
45 20
46 35
47 60
48 20
49 33
50 16
51 51
52 1
53 1
54 87
55 16
56 38
57 43
58 87
59 16
60 60
61 20
62 38
63 35
64 51
65 65
66 35
67 75
68 68
69 16
70 75
71 35
72 38
73 16
74 60
75 75
76 80
77 87
78 39
79 16
80 80
81 1
82 1
83 83
84 1
85 1
86 1
87 87
19
0 1
1 1
2 12
3 33
4 24
5 22
6 24
7 1
8 1
9 1
10 1
11 24
12 12
13 15
14 14
15 15
16 1
17 14
18 1
20 33
21 12
22 22
23 1
24 24
25 25
26 1
27 1
28 15
29 32
30 1
31 24
32 32
33 33
34 56
35 33
36 36
37 1
38 1
39 39
40 1
41 1
42 33
43 36
44 14
45 12
46 14
47 1
48 63
49 49
50 14
51 33
52 1
53 36
54 15
55 12
56 56
57 22
58 12
59 15
60 14
61 14
62 14
63 63
64 64
65 63
66 14
67 36
68 1
69 36
70 1
71 49
72 72
73 56
74 36
75 1
76 1
77 24
78 14
79 32
80 36
81 1
82 1
83 33
84 1
85 85
86 63
87 1
20
0 16
1 18
2 16
3 3
4 33
5 3
6 3
7 41
8 75
9 45
10 21
11 3
12 21
13 16
14 17
15 61
16 16
17 17
18 18
19 33
21 21
22 84
23 34
24 45
25 17
26 21
27 3
28 33
29 34
30 84
31 3
32 33
33 33
34 34
35 18
36 36
37 3
38 18
39 18
40 16
41 41
42 42
43 18
44 3
45 45
46 61
47 3
48 48
49 33
50 16
51 18
52 21
53 3
54 45
55 16
56 34
57 3
58 34
59 3
60 17
61 61
62 3
63 34
64 36
65 65
66 21
67 3
68 68
69 36
70 21
71 45
72 21
73 3
74 36
75 75
76 34
77 45
78 34
79 16
80 3
81 3
82 42
83 3
84 84
85 21
86 3
87 16
21
0 26
1 10
2 10
3 20
4 45
5 10
6 26
7 42
8 12
9 26
10 10
11 17
12 12
13 13
14 14
15 13
16 13
17 17
18 20
19 12
20 20
22 12
23 45
24 13
25 10
26 26
27 14
28 26
29 10
30 52
31 10
32 12
33 20
34 20
35 45
36 12
37 26
38 13
39 10
40 13
41 13
42 42
43 10
44 14
45 45
46 13
47 17
48 20
49 14
50 10
51 57
52 52
53 57
54 45
55 12
56 59
57 57
58 12
59 59
60 14
61 14
62 62
63 12
64 59
65 17
66 66
67 10
68 20
69 13
70 70
71 10
72 72
73 13
74 52
75 20
76 52
77 45
78 10
79 79
80 80
81 81
82 42
83 17
84 12
85 85
86 62
87 87
22
0 40
1 19
2 12
3 5
4 24
5 5
6 24
7 5
8 12
9 24
10 5
11 24
12 12
13 13
14 14
15 13
16 13
17 14
18 38
19 19
20 84
21 12
23 30
24 24
25 25
26 5
27 14
28 40
29 5
30 30
31 5
32 12
33 5
34 56
35 40
36 12
37 5
38 38
39 12
40 40
41 13
42 38
43 5
44 5
45 5
46 46
47 5
48 5
49 14
50 13
51 5
52 30
53 57
54 54
55 5
56 56
57 57
58 12
59 59
60 14
61 5
62 14
63 12
64 19
65 38
66 66
67 5
68 84
69 13
70 5
71 5
72 72
73 13
74 5
75 40
76 5
77 24
78 14
79 38
80 40
81 5
82 40
83 38
84 84
85 14
86 5
87 87
23
0 2
1 9
2 2
3 47
4 2
5 37
6 9
7 47
8 9
9 9
10 2
11 37
12 2
13 2
14 2
15 30
16 2
17 47
18 35
19 2
20 34
21 45
22 30
24 9
25 2
26 9
27 74
28 34
29 34
30 30
31 30
32 2
33 35
34 34
35 35
36 45
37 37
38 9
39 2
40 9
41 2
42 82
43 2
44 76
45 45
46 35
47 47
48 82
49 2
50 30
51 35
52 30
53 53
54 30
55 2
56 34
57 53
58 30
59 30
60 47
61 30
62 2
63 9
64 2
65 2
66 35
67 2
68 34
69 45
70 9
71 35
72 45
73 37
74 74
75 9
76 76
77 45
78 30
79 9
80 37
81 37
82 82
83 34
84 30
85 2
86 2
87 2
24
0 1
1 1
2 4
3 6
4 4
5 13
6 6
7 1
8 1
9 9
10 1
11 11
12 19
13 13
14 19
15 13
16 13
17 11
18 1
19 19
20 45
21 13
22 22
23 9
25 1
26 1
27 1
28 4
29 11
30 1
31 31
32 32
33 1
34 45
35 6
36 19
37 6
38 1
39 39
40 1
41 13
42 1
43 13
44 31
45 45
46 13
47 45
48 6
49 19
50 6
51 78
52 1
53 77
54 22
55 4
56 19
57 22
58 13
59 22
60 4
61 11
62 1
63 9
64 19
65 1
66 66
67 9
68 31
69 6
70 4
71 45
72 13
73 4
74 1
75 1
76 4
77 77
78 78
79 9
80 39
81 81
82 1
83 1
84 1
85 85
86 11
87 87
25
0 1
1 1
2 10
3 31
4 33
5 10
6 87
7 61
8 1
9 1
10 10
11 17
12 10
13 22
14 17
15 19
16 87
17 17
18 1
19 19
20 17
21 10
22 22
23 1
24 1
26 1
27 1
28 33
29 10
30 1
31 31
32 32
33 33
34 56
35 33
36 19
37 1
38 1
39 10
40 1
41 17
42 17
43 10
44 31
45 72
46 22
47 17
48 78
49 19
50 10
51 33
52 1
53 58
54 22
55 87
56 56
57 22
58 58
59 22
60 17
61 61
62 62
63 19
64 64
65 17
66 10
67 10
68 31
69 56
70 1
71 10
72 72
73 56
74 1
75 1
76 31
77 56
78 78
79 32
80 10
81 1
82 1
83 17
84 1
85 1
86 62
87 87
26
0 0
1 1
2 0
3 5
4 9
5 5
6 6
7 27
8 1
9 9
10 1
11 27
12 21
13 13
14 21
15 13
16 0
17 21
18 1
19 1
20 21
21 21
22 5
23 9
24 1
25 1
27 27
28 28
29 28
30 1
31 5
32 13
33 1
34 28
35 6
36 80
37 37
38 1
39 39
40 0
41 13
42 21
43 5
44 5
45 5
46 13
47 37
48 6
49 39
50 50
51 5
52 0
53 81
54 0
55 5
56 39
57 21
58 13
59 21
60 60
61 5
62 0
63 63
64 80
65 0
66 21
67 9
68 68
69 6
70 9
71 5
72 13
73 13
74 0
75 1
76 0
77 79
78 0
79 79
80 80
81 81
82 1
83 0
84 84
85 1
86 5
87 87
27
0 1
1 1
2 1
3 3
4 11
5 3
6 3
7 7
8 1
9 1
10 1
11 11
12 58
13 26
14 14
15 14
16 3
17 11
18 1
19 1
20 3
21 14
22 14
23 74
24 1
25 1
26 26
28 26
29 11
30 1
31 3
32 14
33 1
34 58
35 1
36 74
37 11
38 38
39 14
40 1
41 3
42 3
43 1
44 44
45 11
46 14
47 3
48 48
49 14
50 11
51 1
52 74
53 3
54 58
55 44
56 38
57 3
58 58
59 3
60 7
61 3
62 3
63 14
64 44
65 65
66 14
67 3
68 26
69 44
70 1
71 44
72 38
73 3
74 74
75 1
76 44
77 48
78 14
79 26
80 3
81 1
82 1
83 83
84 1
85 85
86 7
87 1
28
0 26
1 26
2 4
3 33
4 4
5 26
6 26
7 86
8 75
9 4
10 29
11 4
12 4
13 15
14 15
15 15
16 40
17 40
18 33
19 15
20 33
21 26
22 40
23 34
24 4
25 33
26 26
27 26
29 29
30 15
31 75
32 29
33 33
34 34
35 33
36 75
37 26
38 65
39 26
40 40
41 80
42 33
43 40
44 4
45 4
46 15
47 4
48 80
49 33
50 26
51 33
52 4
53 4
54 15
55 4
56 34
57 75
58 34
59 15
60 4
61 15
62 65
63 26
64 80
65 65
66 4
67 75
68 26
69 79
70 4
71 4
72 15
73 4
74 4
75 75
76 4
77 79
78 4
79 79
80 80
81 4
82 40
83 33
84 26
85 40
86 86
87 15
29
0 76
1 10
2 10
3 11
4 11
5 10
6 10
7 11
8 10
9 45
10 10
11 11
12 10
13 32
14 32
15 28
16 10
17 11
18 10
19 32
20 34
21 10
22 10
23 34
24 11
25 10
26 28
27 11
28 28
30 10
31 10
32 32
33 28
34 34
35 34
36 45
37 11
38 10
39 10
40 28
41 10
42 10
43 10
44 76
45 45
46 10
47 45
48 63
49 63
50 10
51 10
52 76
53 76
54 45
55 10
56 34
57 32
58 34
59 34
60 32
61 11
62 10
63 63
64 32
65 28
66 10
67 10
68 34
69 45
70 10
71 10
72 32
73 10
74 76
75 28
76 76
77 45
78 10
79 28
80 10
81 11
82 63
83 34
84 10
85 10
86 11
87 10
30
0 1
1 1
2 2
3 31
4 2
5 22
6 37
7 1
8 1
9 1
10 1
11 37
12 2
13 15
14 15
15 15
16 2
17 1
18 1
19 1
20 84
21 52
22 22
23 23
24 1
25 1
26 1
27 1
28 15
29 1
31 31
32 50
33 1
34 2
35 23
36 1
37 37
38 1
39 31
40 1
41 1
42 50
43 1
44 31
45 2
46 15
47 23
48 50
49 2
50 50
51 78
52 52
53 23
54 54
55 2
56 22
57 22
58 58
59 59
60 78
61 15
62 50
63 50
64 2
65 1
66 22
67 2
68 31
69 58
70 37
71 37
72 15
73 37
74 23
75 1
76 23
77 1
78 78
79 37
80 37
81 1
82 1
83 1
84 84
85 1
86 50
87 1
31
0 39
1 10
2 10
3 3
4 24
5 5
6 3
7 3
8 13
9 24
10 10
11 3
12 10
13 13
14 39
15 13
16 3
17 25
18 39
19 24
20 3
21 10
22 5
23 30
24 24
25 25
26 5
27 3
28 75
29 10
30 30
32 13
33 3
34 56
35 3
36 56
37 5
38 13
39 39
40 13
41 3
42 3
43 5
44 44
45 5
46 13
47 3
48 44
49 49
50 10
51 5
52 30
53 3
54 54
55 5
56 56
57 3
58 13
59 3
60 3
61 3
62 3
63 13
64 64
65 75
66 10
67 3
68 68
69 13
70 75
71 5
72 13
73 3
74 5
75 75
76 76
77 24
78 10
79 54
80 3
81 3
82 3
83 3
84 30
85 24
86 5
87 5
32
0 79
1 19
2 12
3 33
4 24
5 13
6 24
7 60
8 12
9 24
10 12
11 24
12 12
13 13
14 14
15 13
16 13
17 14
18 33
19 19
20 33
21 12
22 12
23 12
24 24
25 25
26 13
27 14
28 29
29 29
30 50
31 13
33 33
34 29
35 33
36 12
37 79
38 13
39 12
40 13
41 13
42 33
43 13
44 14
45 12
46 13
47 60
48 50
49 14
50 50
51 33
52 12
53 57
54 66
55 12
56 19
57 57
58 12
59 64
60 60
61 14
62 14
63 12
64 64
65 12
66 66
67 12
68 12
69 13
70 50
71 12
72 72
73 13
74 60
75 33
76 29
77 24
78 14
79 79
80 64
81 12
82 50
83 33
84 12
85 14
86 50
87 14
33
0 1
1 1
2 4
3 3
4 4
5 5
6 3
7 42
8 1
9 1
10 1
11 3
12 19
13 5
14 19
15 19
16 3
17 20
18 18
19 19
20 20
21 20
22 5
23 35
24 1
25 25
26 1
27 1
28 28
29 28
30 1
31 3
32 32
34 20
35 35
36 19
37 5
38 1
39 18
40 1
41 3
42 42
43 5
44 3
45 4
46 35
47 3
48 20
49 49
50 32
51 51
52 1
53 3
54 49
55 4
56 19
57 3
58 25
59 3
60 4
61 3
62 3
63 19
64 19
65 18
66 32
67 3
68 18
69 3
70 4
71 5
72 19
73 3
74 5
75 75
76 4
77 1
78 4
79 28
80 3
81 81
82 1
83 83
84 1
85 1
86 5
87 1
34
0 2
1 2
2 2
3 20
4 2
5 45
6 35
7 20
8 50
9 23
10 2
11 29
12 2
13 50
14 50
15 28
16 2
17 20
18 20
19 56
20 20
21 20
22 56
23 23
24 45
25 56
26 28
27 58
28 28
29 29
30 2
31 56
32 29
33 20
35 35
36 20
37 23
38 50
39 56
40 28
41 20
42 20
43 56
44 50
45 45
46 35
47 23
48 20
49 2
50 50
51 35
52 59
53 23
54 45
55 2
56 56
57 78
58 58
59 59
60 78
61 20
62 50
63 63
64 2
65 20
66 35
67 2
68 68
69 45
70 50
71 35
72 45
73 56
74 23
75 20
76 76
77 45
78 78
79 28
80 28
81 45
82 23
83 83
84 20
85 56
86 28
87 2
35
0 40
1 18
2 23
3 6
4 33
5 33
6 6
7 18
8 6
9 6
10 66
11 45
12 45
13 40
14 46
15 46
16 18
17 40
18 18
19 33
20 18
21 45
22 40
23 23
24 6
25 33
26 6
27 6
28 33
29 34
30 23
31 6
32 33
33 33
34 34
36 45
37 6
38 18
39 18
40 40
41 6
42 33
43 18
44 71
45 45
46 46
47 23
48 6
49 33
50 6
51 51
52 71
53 23
54 45
55 6
56 34
57 46
58 34
59 34
60 18
61 46
62 6
63 63
64 51
65 18
66 66
67 63
68 18
69 6
70 6
71 71
72 45
73 6
74 23
75 18
76 23
77 45
78 34
79 87
80 18
81 33
82 23
83 18
84 46
85 40
86 63
87 87
36
0 74
1 19
2 12
3 20
4 45
5 43
6 69
7 20
8 12
9 45
10 12
11 45
12 12
13 43
14 19
15 19
16 20
17 20
18 20
19 19
20 20
21 12
22 12
23 45
24 19
25 19
26 80
27 74
28 75
29 45
30 12
31 56
32 12
33 19
34 20
35 45
37 80
38 56
39 12
40 43
41 20
42 20
43 43
44 56
45 45
46 43
47 45
48 20
49 19
50 12
51 64
52 74
53 53
54 45
55 12
56 56
57 43
58 12
59 56
60 74
61 20
62 80
63 12
64 64
65 20
66 69
67 67
68 20
69 69
70 69
71 45
72 72
73 43
74 74
75 75
76 53
77 45
78 72
79 69
80 80
81 12
82 80
83 72
84 12
85 19
86 12
87 87
37
0 26
1 26
2 23
3 5
4 11
5 5
6 6
7 47
8 6
9 6
10 5
11 11
12 81
13 5
14 81
15 30
16 73
17 11
18 80
19 5
20 5
21 26
22 5
23 23
24 6
25 5
26 26
27 11
28 26
29 11
30 30
31 5
32 79
33 5
34 23
35 6
36 80
38 79
39 26
40 80
41 80
42 79
43 5
44 5
45 5
46 5
47 47
48 6
49 71
50 6
51 5
52 30
53 23
54 30
55 5
56 73
57 5
58 30
59 30
60 26
61 5
62 80
63 26
64 80
65 73
66 5
67 5
68 26
69 6
70 70
71 71
72 5
73 73
74 5
75 70
76 23
77 73
78 30
79 79
80 80
81 81
82 23
83 5
84 26
85 73
86 5
87 5
38
0 1
1 1
2 1
3 27
4 60
5 13
6 50
7 27
8 1
9 1
10 1
11 27
12 22
13 13
14 22
15 13
16 13
17 41
18 18
19 1
20 18
21 13
22 22
23 1
24 1
25 1
26 1
27 27
28 65
29 1
30 1
31 13
32 13
33 1
34 50
35 18
36 56
37 79
39 13
40 1
41 41
42 42
43 13
44 27
45 72
46 13
47 60
48 27
49 50
50 50
51 18
52 59
53 1
54 22
55 13
56 56
57 22
58 13
59 59
60 60
61 60
62 62
63 13
64 59
65 65
66 22
67 1
68 18
69 13
70 50
71 1
72 72
73 13
74 27
75 1
76 1
77 56
78 50
79 79
80 18
81 1
82 1
83 83
84 1
85 1
86 50
87 1
39
0 0
1 0
2 0
3 31
4 24
5 10
6 8
7 8
8 8
9 8
10 10
11 24
12 12
13 13
14 14
15 13
16 0
17 14
18 18
19 19
20 18
21 10
22 12
23 0
24 24
25 10
26 26
27 14
28 26
29 10
30 31
31 31
32 12
33 18
34 56
35 18
36 12
37 26
38 13
40 0
41 13
42 0
43 10
44 14
45 12
46 46
47 8
48 63
49 49
50 8
51 18
52 0
53 0
54 0
55 12
56 56
57 46
58 12
59 8
60 14
61 14
62 0
63 63
64 19
65 0
66 8
67 10
68 18
69 13
70 75
71 10
72 72
73 13
74 0
75 75
76 0
77 24
78 78
79 0
80 80
81 0
82 63
83 0
84 0
85 8
86 8
87 0
40
0 0
1 1
2 0
3 16
4 9
5 13
6 9
7 1
8 1
9 9
10 1
11 17
12 22
13 13
14 17
15 13
16 16
17 17
18 18
19 1
20 16
21 13
22 22
23 9
24 1
25 1
26 0
27 1
28 28
29 28
30 1
31 13
32 13
33 1
34 28
35 35
36 43
37 80
38 1
39 0
41 13
42 17
43 43
44 85
45 9
46 13
47 17
48 63
49 63
50 13
51 18
52 0
53 0
54 0
55 13
56 22
57 22
58 13
59 59
60 17
61 43
62 0
63 63
64 59
65 0
66 22
67 9
68 16
69 13
70 9
71 35
72 13
73 13
74 0
75 75
76 0
77 0
78 0
79 0
80 80
81 0
82 82
83 83
84 0
85 85
86 28
87 0
41
0 16
1 38
2 16
3 3
4 3
5 3
6 3
7 7
8 13
9 3
10 80
11 3
12 3
13 13
14 17
15 13
16 16
17 17
18 16
19 3
20 20
21 13
22 13
23 3
24 13
25 17
26 13
27 3
28 80
29 3
30 3
31 3
32 13
33 3
34 20
35 3
36 20
37 80
38 38
39 13
40 13
42 3
43 13
44 3
45 20
46 13
47 3
48 20
49 3
50 13
51 80
52 3
53 3
54 3
55 13
56 38
57 3
58 13
59 3
60 7
61 3
62 3
63 13
64 80
65 16
66 3
67 3
68 16
69 13
70 3
71 3
72 13
73 3
74 3
75 20
76 80
77 3
78 3
79 16
80 80
81 3
82 80
83 83
84 16
85 3
86 7
87 16
42
0 62
1 33
2 3
3 3
4 33
5 3
6 3
7 7
8 50
9 79
10 21
11 3
12 21
13 21
14 17
15 3
16 3
17 17
18 20
19 33
20 20
21 21
22 38
23 82
24 3
25 17
26 21
27 3
28 33
29 3
30 50
31 3
32 33
33 33
34 20
35 33
36 20
37 79
38 38
39 3
40 17
41 3
43 3
44 3
45 20
46 3
47 3
48 20
49 33
50 50
51 33
52 21
53 3
54 79
55 65
56 38
57 3
58 3
59 3
60 7
61 3
62 62
63 50
64 3
65 65
66 21
67 3
68 68
69 79
70 21
71 3
72 21
73 3
74 3
75 20
76 3
77 79
78 50
79 79
80 3
81 3
82 82
83 3
84 20
85 21
86 7
87 21
43
0 40
1 10
2 10
3 5
4 55
5 5
6 55
7 61
8 13
9 40
10 10
11 61
12 10
13 13
14 46
15 13
16 13
17 40
18 18
19 36
20 18
21 10
22 5
23 5
24 13
25 10
26 5
27 5
28 40
29 10
30 5
31 5
32 13
33 5
34 56
35 18
36 36
37 5
38 13
39 10
40 40
41 13
42 5
44 5
45 5
46 46
47 5
48 5
49 56
50 10
51 5
52 5
53 36
54 46
55 55
56 56
57 57
58 13
59 40
60 18
61 61
62 61
63 13
64 36
65 18
66 10
67 10
68 18
69 13
70 55
71 5
72 13
73 73
74 5
75 75
76 5
77 56
78 10
79 5
80 10
81 5
82 40
83 18
84 46
85 40
86 5
87 5
44
0 76
1 27
2 55
3 3
4 55
5 5
6 3
7 27
8 50
9 67
10 5
11 3
12 55
13 5
14 14
15 14
16 3
17 14
18 68
19 14
20 3
21 14
22 5
23 76
24 31
25 31
26 5
27 27
28 3
29 76
30 31
31 31
32 14
33 3
34 50
35 71
36 56
37 5
38 27
39 14
40 85
41 3
42 3
43 5
45 5
46 14
47 3
48 48
49 14
50 50
51 5
52 71
53 3
54 31
55 55
56 56
57 57
58 58
59 3
60 14
61 3
62 3
63 14
64 64
65 27
66 14
67 67
68 68
69 69
70 50
71 71
72 58
73 73
74 5
75 31
76 76
77 48
78 14
79 69
80 3
81 81
82 48
83 3
84 68
85 85
86 5
87 5
45
0 2
1 9
2 2
3 5
4 4
5 5
6 9
7 47
8 9
9 9
10 2
11 11
12 12
13 5
14 21
15 54
16 2
17 11
18 20
19 12
20 20
21 21
22 5
23 23
24 24
25 72
26 5
27 11
28 4
29 29
30 2
31 5
32 12
33 4
34 34
35 35
36 36
37 5
38 72
39 12
40 9
41 20
42 20
43 5
44 5
46 35
47 47
48 20
49 2
50 11
51 5
52 21
53 23
54 54
55 2
56 34
57 21
58 12
59 21
60 4
61 5
62 21
63 63
64 2
65 20
66 21
67 2
68 68
69 69
70 4
71 71
72 72
73 4
74 5
75 9
76 4
77 77
78 4
79 9
80 21
81 81
82 9
83 34
84 12
85 21
86 5
87 2
46
0 39
1 75
2 13
3 57
4 13
5 13
6 35
7 61
8 13
9 75
10 39
11 61
12 22
13 13
14 14
15 15
16 13
17 14
18 35
19 14
20 61
21 13
22 22
23 35
24 13
25 22
26 13
27 14
28 15
29 13
30 15
31 13
32 13
33 35
34 35
35 35
36 43
37 13
38 13
39 39
40 13
41 13
42 13
43 43
44 14
45 35
47 13
48 13
49 14
50 13
51 35
52 13
53 57
54 54
55 13
56 22
57 57
58 13
59 15
60 14
61 61
62 14
63 13
64 13
65 61
66 14
67 75
68 84
69 13
70 75
71 35
72 13
73 13
74 84
75 75
76 13
77 13
78 14
79 54
80 39
81 14
82 84
83 13
84 84
85 14
86 13
87 14
47
0 74
1 8
2 23
3 3
4 45
5 3
6 3
7 7
8 8
9 8
10 3
11 3
12 8
13 8
14 17
15 81
16 3
17 17
18 60
19 3
20 3
21 17
22 3
23 23
24 45
25 17
26 37
27 3
28 3
29 45
30 23
31 3
32 60
33 3
34 23
35 23
36 45
37 37
38 60
39 8
40 17
41 3
42 3
43 3
44 3
45 45
46 3
48 3
49 58
50 8
51 81
52 74
53 3
54 8
55 81
56 58
57 3
58 58
59 3
60 60
61 3
62 3
63 45
64 3
65 17
66 8
67 3
68 45
69 45
70 37
71 37
72 45
73 3
74 74
75 8
76 76
77 45
78 8
79 37
80 3
81 81
82 23
83 3
84 74
85 8
86 7
87 8
48
0 78
1 27
2 6
3 6
4 78
5 44
6 6
7 27
8 6
9 6
10 50
11 27
12 63
13 50
14 27
15 6
16 20
17 20
18 20
19 63
20 20
21 20
22 6
23 82
24 6
25 78
26 6
27 27
28 80
29 63
30 50
31 44
32 50
33 20
34 20
35 6
36 20
37 6
38 27
39 63
40 63
41 20
42 20
43 6
44 44
45 20
46 6
47 6
49 50
50 50
51 78
52 20
53 77
54 6
55 6
56 44
57 44
58 27
59 63
60 78
61 20
62 50
63 63
64 44
65 20
66 50
67 44
68 20
69 6
70 50
71 44
72 78
73 44
74 27
75 20
76 44
77 77
78 78
79 77
80 80
81 44
82 82
83 27
84 20
85 27
86 50
87 6
49
0 2
1 19
2 2
3 31
4 2
5 31
6 50
7 14
8 39
9 63
10 2
11 50
12 2
13 31
14 14
15 14
16 2
17 14
18 33
19 19
20 33
21 14
22 14
23 2
24 19
25 19
26 39
27 14
28 33
29 63
30 2
31 31
32 14
33 33
34 2
35 33
36 19
37 71
38 50
39 39
40 63
41 2
42 33
43 56
44 14
45 2
46 14
47 58
48 50
50 50
51 33
52 71
53 58
54 54
55 2
56 56
57 66
58 58
59 54
60 14
61 14
62 14
63 63
64 2
65 63
66 66
67 2
68 31
69 56
70 50
71 71
72 72
73 56
74 71
75 31
76 31
77 56
78 14
79 54
80 39
81 14
82 50
83 33
84 84
85 85
86 50
87 87
50
0 16
1 8
2 10
3 6
4 11
5 10
6 6
7 42
8 8
9 6
10 10
11 11
12 8
13 13
14 14
15 13
16 16
17 11
18 16
19 14
20 16
21 10
22 13
23 30
24 6
25 10
26 26
27 11
28 26
29 10
30 30
31 10
32 32
33 32
34 34
35 6
36 6
37 6
38 38
39 8
40 13
41 13
42 42
43 10
44 44
45 11
46 13
47 8
48 48
49 49
51 78
52 30
53 6
54 8
55 6
56 34
57 32
58 13
59 8
60 14
61 11
62 62
63 63
64 32
65 16
66 66
67 10
68 16
69 6
70 70
71 10
72 13
73 13
74 8
75 8
76 34
77 48
78 78
79 16
80 10
81 11
82 82
83 34
84 16
85 8
86 86
87 6
51
0 78
1 18
2 55
3 5
4 33
5 5
6 35
7 5
8 78
9 5
10 5
11 81
12 55
13 5
14 78
15 81
16 18
17 18
18 18
19 33
20 18
21 57
22 5
23 35
24 78
25 33
26 5
27 5
28 33
29 5
30 78
31 5
32 33
33 33
34 35
35 35
36 64
37 5
38 18
39 18
40 18
41 80
42 33
43 5
44 5
45 5
46 35
47 81
48 78
49 33
50 78
52 71
53 55
54 5
55 55
56 80
57 57
58 5
59 64
60 18
61 5
62 80
63 35
64 64
65 18
66 35
67 55
68 18
69 55
70 55
71 71
72 78
73 5
74 5
75 18
76 71
77 5
78 78
79 5
80 80
81 81
82 80
83 18
84 5
85 57
86 5
87 5
52
0 0
1 0
2 0
3 59
4 76
5 71
6 0
7 21
8 59
9 0
10 21
11 0
12 21
13 21
14 21
15 30
16 0
17 21
18 0
19 0
20 21
21 21
22 30
23 30
24 0
25 0
26 0
27 74
28 0
29 76
30 30
31 30
32 0
33 0
34 59
35 71
36 74
37 30
38 59
39 0
40 0
41 0
42 21
43 0
44 71
45 21
46 0
47 74
48 0
49 71
50 30
51 71
53 74
54 0
55 0
56 59
57 21
58 30
59 59
60 74
61 0
62 0
63 59
64 59
65 0
66 21
67 0
68 0
69 71
70 21
71 71
72 21
73 0
74 74
75 0
76 76
77 0
78 0
79 0
80 21
81 0
82 0
83 0
84 0
85 21
86 0
87 0
53
0 74
1 81
2 23
3 3
4 55
5 3
6 3
7 3
8 74
9 23
10 3
11 3
12 36
13 55
14 58
15 81
16 3
17 3
18 3
19 36
20 3
21 57
22 57
23 23
24 77
25 58
26 81
27 3
28 3
29 76
30 23
31 3
32 57
33 3
34 23
35 23
36 36
37 23
38 3
39 3
40 3
41 3
42 3
43 36
44 3
45 23
46 57
47 3
48 77
49 58
50 3
51 55
52 74
54 58
55 55
56 36
57 57
58 58
59 3
60 57
61 3
62 3
63 81
64 36
65 55
66 57
67 3
68 81
69 36
70 55
71 74
72 36
73 3
74 74
75 36
76 76
77 77
78 57
79 77
80 3
81 81
82 23
83 3
84 74
85 57
86 55
87 36
54
0 0
1 0
2 0
3 31
4 45
5 22
6 8
7 8
8 8
9 8
10 31
11 45
12 8
13 8
14 15
15 15
16 0
17 0
18 87
19 15
20 45
21 45
22 22
23 30
24 22
25 22
26 0
27 58
28 15
29 45
30 30
31 31
32 66
33 49
34 45
35 45
36 45
37 30
38 22
39 0
40 0
41 0
42 79
43 46
44 31
45 45
46 46
47 8
48 0
49 49
50 8
51 0
52 0
53 58
55 87
56 22
57 22
58 58
59 59
60 66
61 15
62 0
63 45
64 31
65 0
66 66
67 58
68 31
69 45
70 8
71 45
72 72
73 85
74 0
75 8
76 0
77 45
78 0
79 79
80 87
81 0
82 84
83 0
84 84
85 85
86 8
87 87
55
0 2
1 81
2 2
3 5
4 4
5 5
6 6
7 86
8 6
9 4
10 2
11 4
12 12
13 13
14 44
15 13
16 16
17 65
18 16
19 12
20 16
21 12
22 5
23 2
24 4
25 87
26 5
27 44
28 4
29 2
30 2
31 5
32 12
33 4
34 2
35 6
36 12
37 5
38 13
39 12
40 13
41 13
42 65
43 43
44 44
45 2
46 13
47 81
48 6
49 2
50 6
51 51
52 2
53 53
54 87
56 43
57 43
58 12
59 16
60 4
61 5
62 65
63 12
64 2
65 65
66 69
67 67
68 16
69 69
70 70
71 5
72 12
73 4
74 5
75 43
76 4
77 53
78 4
79 16
80 51
81 81
82 87
83 65
84 12
85 44
86 86
87 87
56
0 39
1 19
2 34
3 31
4 73
5 22
6 69
7 25
8 39
9 19
10 25
11 19
12 19
13 22
14 19
15 19
16 59
17 25
18 38
19 19
20 34
21 59
22 22
23 34
24 19
25 25
26 39
27 38
28 34
29 34
30 22
31 31
32 19
33 19
34 34
35 34
36 36
37 73
38 38
39 39
40 22
41 38
42 38
43 43
44 44
45 34
46 22
47 58
48 44
49 49
50 34
51 80
52 59
53 36
54 22
55 43
57 22
58 58
59 59
60 38
61 25
62 25
63 19
64 19
65 38
66 22
67 36
68 31
69 69
70 69
71 44
72 19
73 73
74 36
75 31
76 31
77 77
78 25
79 38
80 80
81 44
82 80
83 34
84 22
85 85
86 19
87 22
57
0 78
1 75
2 87
3 3
4 60
5 3
6 3
7 60
8 66
9 75
10 21
11 3
12 21
13 21
14 21
15 46
16 3
17 21
18 43
19 22
20 3
21 21
22 22
23 53
24 22
25 22
26 21
27 3
28 75
29 32
30 22
31 3
32 32
33 3
34 78
35 46
36 43
37 3
38 22
39 46
40 22
41 3
42 3
43 43
44 44
45 21
46 46
47 3
48 44
49 66
50 32
51 51
52 21
53 53
54 22
55 43
56 22
58 44
59 3
60 60
61 3
62 3
63 3
64 32
65 75
66 66
67 3
68 44
69 44
70 21
71 44
72 21
73 3
74 53
75 75
76 44
77 53
78 78
79 21
80 3
81 3
82 87
83 3
84 22
85 85
86 3
87 87
58
0 54
1 25
2 12
3 27
4 12
5 13
6 69
7 27
8 12
9 67
10 12
11 27
12 12
13 13
14 14
15 13
16 13
17 14
18 87
19 12
20 34
21 12
22 12
23 30
24 13
25 25
26 13
27 27
28 34
29 34
30 30
31 13
32 12
33 25
34 34
35 34
36 12
37 30
38 13
39 12
40 13
41 13
42 12
43 13
44 44
45 12
46 13
47 47
48 27
49 49
50 13
51 12
52 30
53 53
54 54
55 12
56 56
57 44
59 30
60 14
61 14
62 14
63 12
64 25
65 27
66 14
67 67
68 34
69 69
70 69
71 44
72 72
73 13
74 27
75 67
76 34
77 53
78 14
79 54
80 56
81 12
82 87
83 27
84 12
85 14
86 12
87 87
59
0 16
1 8
2 16
3 3
4 3
5 3
6 3
7 3
8 8
9 8
10 21
11 3
12 8
13 8
14 15
15 15
16 16
17 21
18 16
19 15
20 3
21 21
22 22
23 30
24 22
25 22
26 21
27 3
28 15
29 34
30 30
31 3
32 64
33 3
34 34
35 34
36 56
37 30
38 38
39 8
40 40
41 3
42 3
43 40
44 3
45 21
46 15
47 3
48 63
49 54
50 8
51 64
52 52
53 3
54 54
55 16
56 56
57 3
58 30
60 38
61 3
62 3
63 63
64 64
65 16
66 8
67 3
68 16
69 56
70 21
71 52
72 72
73 3
74 8
75 8
76 34
77 56
78 8
79 16
80 3
81 3
82 40
83 3
84 16
85 8
86 8
87 87
60
0 26
1 18
2 4
3 47
4 4
5 26
6 26
7 7
8 47
9 4
10 66
11 4
12 32
13 26
14 14
15 14
16 18
17 17
18 18
19 14
20 17
21 14
22 14
23 47
24 4
25 17
26 26
27 7
28 4
29 32
30 78
31 4
32 32
33 4
34 78
35 18
36 74
37 26
38 38
39 14
40 17
41 7
42 7
43 18
44 14
45 4
46 14
47 47
48 78
49 14
50 14
51 18
52 74
53 57
54 66
55 4
56 38
57 57
58 14
59 38
61 61
62 14
63 14
64 32
65 17
66 66
67 4
68 18
69 66
70 4
71 74
72 32
73 4
74 74
75 18
76 4
77 66
78 78
79 26
80 18
81 81
82 4
83 83
84 26
85 14
86 7
87 14
61
0 62
1 25
2 3
3 3
4 11
5 5
6 3
7 7
8 3
9 3
10 5
11 11
12 3
13 5
14 14
15 15
16 3
17 11
18 20
19 14
20 20
21 14
22 5
23 3
24 11
25 25
26 5
27 3
28 15
29 11
30 15
31 3
32 14
33 3
34 20
35 46
36 20
37 5
38 60
39 14
40 43
41 3
42 3
43 43
44 3
45 5
46 46
47 3
48 20
49 14
50 11
51 5
52 3
53 3
54 15
55 5
56 25
57 3
58 14
59 3
60 60
62 62
63 14
64 25
65 65
66 14
67 3
68 20
69 3
70 3
71 5
72 15
73 3
74 5
75 20
76 3
77 3
78 14
79 3
80 3
81 3
82 3
83 3
84 20
85 14
86 5
87 5
62
0 0
1 0
2 0
3 3
4 0
5 3
6 3
7 42
8 50
9 0
10 21
11 3
12 21
13 21
14 14
15 14
16 0
17 17
18 38
19 14
20 3
21 21
22 14
23 0
24 0
25 25
26 0
27 3
28 65
29 0
30 50
31 3
32 14
33 3
34 50
35 0
36 80
37 80
38 38
39 0
40 0
41 3
42 42
43 61
44 3
45 21
46 14
47 3
48 50
49 14
50 50
51 80
52 0
53 3
54 0
55 65
56 25
57 3
58 14
59 3
60 14
61 61
63 14
64 25
65 65
66 14
67 3
68 68
69 0
70 21
71 0
72 21
73 3
74 0
75 65
76 0
77 0
78 0
79 0
80 80
81 0
82 42
83 0
84 84
85 14
86 86
87 0
63
0 26
1 9
2 12
3 59
4 9
5 13
6 9
7 86
8 9
9 9
10 12
11 29
12 12
13 13
14 14
15 13
16 13
17 14
18 35
19 19
20 34
21 12
22 12
23 9
24 9
25 19
26 26
27 14
28 26
29 29
30 50
31 13
32 12
33 19
34 34
35 35
36 12
37 26
38 13
39 39
40 40
41 13
42 50
43 13
44 14
45 45
46 13
47 45
48 48
49 49
50 50
51 35
52 59
53 81
54 45
55 12
56 19
57 9
58 12
59 59
60 14
61 14
62 14
64 19
65 65
66 14
67 67
68 26
69 13
70 9
71 35
72 12
73 13
74 9
75 9
76 29
77 45
78 14
79 9
80 26
81 81
82 82
83 34
84 12
85 14
86 86
87 14
64
0 2
1 19
2 2
3 31
4 2
5 31
6 2
7 25
8 59
9 2
10 2
11 2
12 2
13 31
14 19
15 19
16 2
17 25
18 51
19 19
20 36
21 59
22 19
23 2
24 19
25 25
26 80
27 44
28 80
29 32
30 2
31 31
32 32
33 19
34 2
35 51
36 36
37 80
38 59
39 19
40 59
41 80
42 19
43 36
44 44
45 2
46 19
47 2
48 44
49 2
50 32
51 51
52 59
53 36
54 31
55 2
56 19
57 32
58 25
59 59
60 32
61 25
62 25
63 19
65 2
66 32
67 2
68 31
69 36
70 2
71 44
72 19
73 44
74 36
75 31
76 31
77 2
78 25
79 32
80 80
81 44
82 80
83 2
84 2
85 19
86 2
87 2
65
0 0
1 0
2 0
3 16
4 28
5 55
6 55
7 27
8 75
9 63
10 0
11 17
12 55
13 16
14 17
15 28
16 16
17 17
18 18
19 63
20 20
21 17
22 38
23 0
24 0
25 17
26 0
27 27
28 28
29 28
30 0
31 75
32 0
33 18
34 20
35 18
36 20
37 73
38 38
39 0
40 0
41 16
42 42
43 18
44 27
45 20
46 61
47 17
48 20
49 63
50 16
51 18
52 0
53 55
54 0
55 55
56 38
57 75
58 27
59 16
60 17
61 61
62 62
63 63
64 0
66 0
67 55
68 16
69 55
70 55
71 0
72 38
73 73
74 0
75 75
76 0
77 73
78 0
79 0
80 18
81 0
82 42
83 83
84 0
85 27
86 28
87 0
66
0 54
1 8
2 10
3 57
4 24
5 10
6 8
7 60
8 8
9 8
10 10
11 24
12 8
13 8
14 14
15 14
16 50
17 14
18 35
19 14
20 21
21 21
22 22
23 35
24 24
25 10
26 21
27 14
28 8
29 10
30 22
31 10
32 32
33 32
34 35
35 35
36 69
37 8
38 22
39 8
40 22
41 8
42 21
43 10
44 14
45 21
46 14
47 8
48 50
49 49
50 50
51 35
52 21
53 57
54 54
55 69
56 22
57 57
58 14
59 8
60 60
61 14
62 14
63 14
64 32
65 8
67 10
68 8
69 69
70 21
71 10
72 21
73 77
74 8
75 8
76 78
77 77
78 78
79 21
80 10
81 14
82 50
83 60
84 22
85 85
86 8
87 8
67
0 2
1 9
2 2
3 3
4 2
5 3
6 3
7 3
8 9
9 9
10 10
11 3
12 2
13 55
14 44
15 2
16 2
17 3
18 75
19 36
20 3
21 10
22 2
23 2
24 9
25 10
26 9
27 3
28 75
29 10
30 2
31 3
32 2
33 3
34 2
35 63
36 36
37 2
38 3
39 10
40 9
41 3
42 3
43 10
44 44
45 2
46 75
47 3
48 44
49 2
50 10
51 55
52 2
53 3
54 58
55 55
56 36
57 3
58 58
59 3
60 2
61 3
62 3
63 63
64 2
65 55
66 10
68 44
69 36
70 9
71 10
72 36
73 3
74 36
75 75
76 44
77 2
78 10
79 9
80 3
81 3
82 9
83 3
84 2
85 44
86 55
87 2
68
0 16
1 18
2 16
3 16
4 45
5 26
6 26
7 42
8 87
9 26
10 31
11 45
12 45
13 16
14 44
15 81
16 16
17 20
18 18
19 18
20 20
21 20
22 84
23 34
24 31
25 31
26 26
27 26
28 26
29 34
30 31
31 31
32 16
33 18
34 34
35 18
36 20
37 26
38 18
39 18
40 16
41 16
42 42
43 18
44 44
45 45
46 84
47 45
48 20
49 31
50 16
51 18
52 16
53 81
54 31
55 16
56 31
57 44
58 34
59 16
60 18
61 20
62 62
63 26
64 31
65 16
66 16
67 44
69 44
70 73
71 44
72 45
73 73
74 84
75 18
76 31
77 45
78 34
79 16
80 18
81 81
82 42
83 18
84 84
85 44
86 62
87 87
69
0 79
1 6
2 45
3 6
4 45
5 13
6 6
7 13
8 6
9 6
10 66
11 45
12 36
13 13
14 44
15 13
16 13
17 13
18 6
19 36
20 36
21 13
22 13
23 45
24 6
25 56
26 6
27 44
28 79
29 45
30 58
31 13
32 13
33 6
34 45
35 6
36 36
37 6
38 13
39 13
40 13
41 13
42 79
43 13
44 44
45 45
46 13
47 45
48 6
49 56
50 6
51 55
52 71
53 36
54 45
55 55
56 56
57 44
58 58
59 56
60 66
61 6
62 6
63 13
64 36
65 55
66 66
67 36
68 44
70 70
71 71
72 13
73 13
74 36
75 36
76 44
77 77
78 66
79 79
80 36
81 44
82 6
83 6
84 6
85 44
86 55
87 6
70
0 4
1 9
2 4
3 73
4 4
5 37
6 9
7 4
8 9
9 9
10 21
11 4
12 21
13 21
14 21
15 4
16 50
17 21
18 75
19 4
20 21
21 21
22 4
23 9
24 4
25 4
26 9
27 4
28 4
29 4
30 37
31 75
32 50
33 4
34 50
35 4
36 69
37 37
38 50
39 75
40 9
41 21
42 21
43 55
44 50
45 4
46 75
47 37
48 50
49 50
50 50
51 55
52 21
53 55
54 4
55 55
56 69
57 21
58 69
59 21
60 4
61 4
62 21
63 9
64 4
65 55
66 21
67 9
68 73
69 69
71 37
72 21
73 73
74 4
75 75
76 4
77 69
78 4
79 9
80 21
81 4
82 9
83 4
84 9
85 21
86 50
87 21
71
0 52
1 10
2 10
3 5
4 45
5 5
6 35
7 5
8 74
9 45
10 10
11 37
12 10
13 5
14 44
15 81
16 5
17 10
18 35
19 49
20 45
21 10
22 5
23 35
24 45
25 10
26 5
27 44
28 5
29 10
30 37
31 5
32 5
33 5
34 35
35 35
36 45
37 37
38 5
39 10
40 35
41 5
42 5
43 5
44 44
45 45
46 35
47 37
48 44
49 49
50 10
51 51
52 52
53 74
54 45
55 5
56 44
57 44
58 44
59 52
60 74
61 5
62 5
63 35
64 44
65 5
66 10
67 10
68 44
69 69
70 37
72 45
73 37
74 74
75 5
76 76
77 45
78 10
79 37
80 10
81 81
82 5
83 5
84 49
85 44
86 5
87 5
72
0 39
1 19
2 12
3 59
4 45
5 13
6 12
7 13
8 12
9 45
10 12
11 45
12 12
13 13
14 15
15 15
16 13
17 21
18 38
19 19
20 21
21 21
22 22
23 45
24 13
25 25
26 13
27 38
28 15
29 32
30 15
31 13
32 32
33 19
34 45
35 45
36 36
37 12
38 38
39 39
40 13
41 13
42 21
43 13
44 58
45 45
46 13
47 45
48 78
49 49
50 13
51 78
52 21
53 36
54 54
55 12
56 19
57 21
58 58
59 59
60 32
61 15
62 21
63 12
64 19
65 38
66 21
67 36
68 45
69 13
70 21
71 45
73 13
74 36
75 75
76 78
77 45
78 78
79 21
80 21
81 12
82 12
83 83
84 12
85 19
86 12
87 15
73
0 16
1 85
2 4
3 3
4 4
5 3
6 3
7 3
8 13
9 4
10 43
11 3
12 3
13 13
14 44
15 13
16 16
17 65
18 16
19 56
20 3
21 13
22 13
23 37
24 4
25 56
26 13
27 3
28 4
29 3
30 37
31 3
32 13
33 3
34 56
35 3
36 43
37 37
38 13
39 13
40 13
41 3
42 3
43 43
44 44
45 4
46 13
47 3
48 44
49 56
50 13
51 3
52 3
53 3
54 85
55 4
56 56
57 3
58 13
59 3
60 4
61 3
62 3
63 13
64 44
65 65
66 77
67 3
68 68
69 13
70 70
71 37
72 13
74 3
75 43
76 4
77 77
78 4
79 16
80 3
81 3
82 3
83 3
84 16
85 85
86 3
87 16
74
0 0
1 0
2 0
3 5
4 60
5 5
6 8
7 27
8 8
9 8
10 5
11 27
12 8
13 5
14 27
15 0
16 0
17 47
18 60
19 36
20 36
21 52
22 5
23 23
24 0
25 0
26 0
27 27
28 0
29 76
30 23
31 5
32 60
33 5
34 23
35 23
36 36
37 5
38 27
39 0
40 0
41 0
42 0
43 5
44 5
45 5
46 84
47 47
48 27
49 71
50 8
51 5
52 52
53 53
54 0
55 5
56 36
57 53
58 27
59 8
60 60
61 5
62 0
63 0
64 36
65 0
66 8
67 36
68 84
69 36
70 5
71 71
72 36
73 0
75 8
76 76
77 53
78 0
79 0
80 36
81 0
82 23
83 0
84 84
85 8
86 5
87 0
75
0 1
1 1
2 67
3 20
4 9
5 31
6 8
7 1
8 8
9 9
10 1
11 1
12 8
13 8
14 39
15 28
16 18
17 20
18 18
19 1
20 20
21 20
22 40
23 9
24 1
25 1
26 1
27 1
28 28
29 28
30 1
31 31
32 33
33 33
34 20
35 18
36 36
37 70
38 1
39 39
40 40
41 20
42 20
43 43
44 31
45 9
46 46
47 8
48 20
49 31
50 8
51 18
52 1
53 36
54 8
55 43
56 31
57 57
58 67
59 8
60 18
61 20
62 65
63 9
64 31
65 65
66 8
67 67
68 18
69 36
70 70
71 1
72 72
73 43
74 8
76 31
77 1
78 8
79 9
80 18
81 1
82 1
83 18
84 1
85 1
86 8
87 1
76
0 0
1 0
2 0
3 31
4 4
5 31
6 0
7 47
8 47
9 4
10 29
11 4
12 81
13 31
14 44
15 81
16 0
17 47
18 80
19 0
20 34
21 52
22 0
23 23
24 4
25 31
26 0
27 44
28 4
29 29
30 23
31 31
32 29
33 4
34 34
35 23
36 53
37 23
38 0
39 0
40 0
41 80
42 0
43 0
44 44
45 4
46 0
47 47
48 44
49 31
50 34
51 71
52 52
53 53
54 0
55 4
56 31
57 44
58 34
59 34
60 4
61 0
62 0
63 29
64 31
65 0
66 78
67 44
68 31
69 44
70 4
71 71
72 78
73 4
74 74
75 31
77 53
78 78
79 0
80 80
81 81
82 23
83 0
84 0
85 44
86 0
87 0
77
0 79
1 24
2 45
3 53
4 24
5 45
6 24
7 45
8 66
9 24
10 66
11 24
12 45
13 24
14 66
15 87
16 73
17 24
18 87
19 24
20 45
21 45
22 24
23 45
24 24
25 56
26 79
27 48
28 79
29 45
30 24
31 24
32 24
33 24
34 45
35 45
36 45
37 73
38 56
39 24
40 24
41 24
42 79
43 56
44 48
45 45
46 24
47 45
48 48
49 56
50 48
51 24
52 45
53 53
54 45
55 53
56 56
57 53
58 53
59 56
60 66
61 24
62 45
63 45
64 24
65 73
66 66
67 24
68 45
69 69
70 69
71 45
72 45
73 73
74 53
75 24
76 53
78 24
79 79
80 48
81 24
82 48
83 45
84 24
85 24
86 24
87 87
78
0 0
1 0
2 0
3 57
4 4
5 10
6 8
7 60
8 8
9 4
10 10
11 4
12 8
13 8
14 14
15 14
16 0
17 14
18 39
19 14
20 34
21 10
22 14
23 30
24 24
25 25
26 0
27 14
28 4
29 10
30 30
31 10
32 14
33 4
34 34
35 34
36 72
37 30
38 50
39 39
40 0
41 0
42 50
43 10
44 14
45 4
46 14
47 8
48 48
49 14
50 50
51 51
52 0
53 57
54 0
55 4
56 25
57 57
58 14
59 8
60 60
61 14
62 0
63 14
64 25
65 0
66 66
67 10
68 34
69 66
70 4
71 10
72 72
73 4
74 0
75 8
76 76
77 24
79 0
80 10
81 81
82 48
83 0
84 0
85 8
86 8
87 0
79
0 0
1 0
2 0
3 16
4 9
5 26
6 9
7 42
8 9
9 9
10 21
11 37
12 21
13 16
14 21
15 28
16 16
17 21
18 16
19 32
20 16
21 21
22 38
23 9
24 9
25 32
26 26
27 26
28 28
29 28
30 37
31 54
32 32
33 28
34 28
35 87
36 69
37 37
38 38
39 0
40 0
41 16
42 42
43 0
44 69
45 9
46 54
47 37
48 77
49 54
50 16
51 0
52 0
53 77
54 54
55 16
56 38
57 21
58 54
59 16
60 26
61 0
62 0
63 9
64 32
65 0
66 21
67 9
68 16
69 69
70 9
71 37
72 21
73 16
74 0
75 9
76 0
77 77
78 0
80 21
81 0
82 9
83 0
84 0
85 21
86 28
87 87
80
0 26
1 10
2 10
3 3
4 28
5 3
6 3
7 41
8 39
9 26
10 10
11 3
12 10
13 21
14 21
15 28
16 3
17 21
18 18
19 36
20 3
21 21
22 40
23 37
24 39
25 10
26 26
27 3
28 28
29 10
30 37
31 3
32 64
33 3
34 28
35 18
36 36
37 37
38 18
39 39
40 40
41 41
42 3
43 10
44 3
45 21
46 39
47 3
48 48
49 39
50 10
51 51
52 21
53 3
54 87
55 51
56 56
57 3
58 56
59 3
60 18
61 3
62 62
63 26
64 64
65 18
66 10
67 3
68 18
69 36
70 21
71 10
72 21
73 3
74 36
75 18
76 76
77 48
78 10
79 21
81 3
82 82
83 3
84 26
85 21
86 28
87 87
81
0 0
1 1
2 0
3 3
4 4
5 5
6 3
7 47
8 1
9 1
10 1
11 11
12 12
13 5
14 14
15 15
16 0
17 11
18 1
19 1
20 3
21 21
22 5
23 37
24 24
25 1
26 26
27 1
28 4
29 11
30 1
31 3
32 12
33 33
34 45
35 33
36 12
37 37
38 1
39 0
40 0
41 3
42 3
43 5
44 44
45 45
46 14
47 47
48 44
49 14
50 11
51 51
52 0
53 53
54 0
55 55
56 44
57 3
58 12
59 3
60 60
61 3
62 0
63 63
64 44
65 0
66 14
67 3
68 68
69 44
70 4
71 71
72 12
73 3
74 0
75 1
76 76
77 24
78 78
79 0
80 3
82 1
83 0
84 0
85 1
86 5
87 0
82
0 1
1 1
2 23
3 42
4 9
5 87
6 9
7 42
8 1
9 9
10 1
11 50
12 63
13 40
14 50
15 87
16 40
17 40
18 1
19 1
20 42
21 42
22 40
23 23
24 1
25 1
26 1
27 1
28 40
29 63
30 1
31 1
32 50
33 1
34 23
35 23
36 80
37 23
38 1
39 63
40 40
41 80
42 42
43 40
44 48
45 9
46 84
47 23
48 48
49 50
50 50
51 80
52 1
53 23
54 84
55 87
56 80
57 87
58 87
59 40
60 1
61 1
62 42
63 63
64 80
65 42
66 50
67 9
68 42
69 9
70 9
71 1
72 1
73 1
74 23
75 1
76 23
77 48
78 48
79 9
80 80
81 1
83 40
84 84
85 1
86 50
87 87
83
0 0
1 0
2 0
3 3
4 33
5 3
6 3
7 27
8 0
9 40
10 0
11 3
12 72
13 38
14 17
15 72
16 0
17 17
18 18
19 33
20 3
21 17
22 38
23 34
24 0
25 17
26 0
27 27
28 33
29 34
30 0
31 3
32 33
33 33
34 34
35 18
36 72
37 0
38 38
39 0
40 40
41 41
42 3
43 18
44 3
45 34
46 0
47 3
48 27
49 33
50 34
51 18
52 0
53 3
54 0
55 65
56 34
57 3
58 27
59 3
60 60
61 3
62 0
63 34
64 0
65 65
66 60
67 3
68 18
69 0
70 3
71 0
72 72
73 3
74 0
75 18
76 0
77 0
78 0
79 0
80 3
81 0
82 40
84 0
85 27
86 0
87 0
84
0 0
1 1
2 0
3 16
4 0
5 22
6 26
7 1
8 1
9 1
10 1
11 0
12 12
13 16
14 22
15 30
16 16
17 20
18 1
19 1
20 20
21 12
22 22
23 30
24 1
25 1
26 26
27 1
28 26
29 0
30 30
31 30
32 12
33 1
34 20
35 46
36 12
37 26
38 1
39 0
40 0
41 16
42 20
43 46
44 68
45 12
46 46
47 74
48 20
49 49
50 16
51 0
52 0
53 74
54 54
55 12
56 22
57 22
58 12
59 16
60 26
61 20
62 62
63 12
64 0
65 0
66 22
67 0
68 68
69 0
70 1
71 49
72 12
73 16
74 74
75 1
76 0
77 0
78 0
79 0
80 26
81 0
82 82
83 0
85 1
86 62
87 0
85
0 1
1 1
2 49
3 27
4 24
5 44
6 8
7 27
8 8
9 1
10 1
11 24
12 8
13 8
14 14
15 14
16 40
17 14
18 1
19 19
20 21
21 21
22 14
23 1
24 24
25 1
26 1
27 27
28 40
29 1
30 1
31 24
32 14
33 1
34 56
35 40
36 19
37 73
38 1
39 8
40 40
41 1
42 21
43 40
44 44
45 21
46 14
47 8
48 27
49 49
50 8
51 57
52 21
53 57
54 54
55 44
56 56
57 57
58 14
59 8
60 14
61 14
62 14
63 14
64 19
65 27
66 66
67 44
68 44
69 44
70 21
71 44
72 19
73 73
74 8
75 1
76 44
77 24
78 8
79 21
80 21
81 1
82 1
83 27
84 1
86 8
87 87
86
0 62
1 8
2 55
3 5
4 11
5 5
6 8
7 7
8 8
9 8
10 5
11 11
12 8
13 5
14 50
15 28
16 50
17 11
18 5
19 63
20 5
21 62
22 5
23 5
24 11
25 62
26 5
27 7
28 28
29 11
30 50
31 5
32 50
33 5
34 28
35 63
36 5
37 5
38 50
39 8
40 28
41 7
42 7
43 5
44 5
45 5
46 5
47 7
48 50
49 50
50 50
51 5
52 5
53 55
54 8
55 55
56 5
57 5
58 5
59 8
60 7
61 5
62 62
63 63
64 5
65 28
66 8
67 55
68 62
69 55
70 50
71 5
72 5
73 5
74 5
75 8
76 5
77 5
78 8
79 28
80 28
81 5
82 50
83 5
84 62
85 8
87 5
87
0 0
1 1
2 2
3 5
4 2
5 5
6 6
7 1
8 8
9 1
10 10
11 24
12 2
13 5
14 14
15 15
16 16
17 14
18 18
19 1
20 16
21 21
22 22
23 2
24 24
25 25
26 26
27 1
28 15
29 10
30 1
31 5
32 14
33 1
34 2
35 35
36 36
37 5
38 1
39 0
40 0
41 16
42 21
43 5
44 5
45 2
46 14
47 8
48 6
49 49
50 6
51 5
52 0
53 36
54 54
55 55
56 22
57 57
58 58
59 59
60 14
61 5
62 0
63 14
64 2
65 0
66 8
67 2
68 68
69 6
70 21
71 5
72 15
73 16
74 0
75 1
76 0
77 77
78 0
79 79
80 80
81 0
82 82
83 0
84 0
85 85
86 5
873
0
30 36
1
65 36
2
20 54
3
32 68
4
54 34
5
28 9
6
26 17
7
29 69
8
45 32
9
57 55
10
30 7
11
45 70
12
68 22
13
79 54
14
35 43
15
78 53
16
19 17
17
26 11
18
87 85
20
64 78
21
25 78
22
26 2
23
69 15
24
14 16
25
59 2
26
52 57
27
58 63
28
86 83
29
23 38
30
43 38
31
60 41
32
77 56
33
13 29
34
47 53
35
62 26
36
86 5
37
38 20
38
37 40
41
36 47
42
27 12
43
73 1
44
44 71
45
44 64
46
60 17
47
24 87
48
60 44
49
23 62
50
9 77
51
49 39
52
14 0
53
30 70
54
20 66
55
3 62
56
55 53
57
81 39
58
63 5
59
83 79
60
74 79
61
87 80
62
72 51
63
80 34
64
84 30
65
52 18
66
74 42
67
22 9
68
15 65
69
0 87
70
0 5
71
17 22
72
7 45
73
16 21
74
69 75
75
73 45
76
6 67
77
67 3
78
54 49
79
57 14
80
11 36
81
68 23
82
59 45
83
78 12
85
5 50
86
41 7
87
51 65
88
80 64
89
59 54
90
23 59
91
15 54
92
30 44
93
19 39
94
1 50
95
16 59
97
35 11
99
81 40
100
38 48
101
53 48
102
50 81
104
15 35
105
64 39
106
2 0
107
14 27
108
33 24
109
65 34
110
12 2
111
30 64
112
24 23
113
41 84
114
69 28
115
61 54
116
82 18
117
30 34
118
5 14
119
35 15
120
63 51
121
59 68
122
55 10
123
83 6
124
2 44
125
11 15
126
48 20
127
34 63
128
30 79
129
80 26
130
65 85
131
10 36
132
16 50
133
82 86
134
28 11
135
44 81
136
86 67
138
61 47
139
43 58
140
12 27
141
65 28
142
70 17
143
62 6
144
68 35
145
32 49
146
2 13
147
25 80
148
11 31
150
13 70
151
22 78
152
20 51
154
5 8
155
57 31
156
62 84
157
8 6
158
46 24
159
5 44
160
72 62
161
23 60
162
29 10
163
4 68
164
49 21
165
82 61
167
76 77
168
78 0
171
49 1
172
46 49
173
12 10
174
71 23
175
73 16
178
71 30
180
28 25
181
48 25
182
33 74
183
64 80
184
52 74
185
66 87
186
15 84
187
40 82
188
69 55
189
32 40
191
35 85
192
21 22
193
53 72
194
85 19
195
43 67
196
6 1
197
44 68
198
84 70
199
47 51
201
37 78
202
5 64
203
44 29
204
71 69
205
10 77
206
56 20
207
56 64
208
36 6
210
24 17
211
10 71
212
49 84
214
85 12
216
5 22
218
8 63
219
40 58
220
13 60
221
78 8
222
34 81
224
3 1
226
87 81
227
70 75
231
81 71
232
9 74
235
82 57
236
53 36
237
48 9
238
39 54
239
73 12
240
81 69
241
25 26
242
42 79
244
80 75
245
37 65
246
15 77
249
48 44
250
15 72
251
68 81
252
48 69
253
17 48
254
52 87
256
73 72
257
58 57
261
37 68
262
54 47
263
57 56
264
40 76
265
62 55
266
27 85
267
64 2
268
59 40
270
24 83
272
28 72
273
35 59
274
11 85
275
22 55
276
71 64
277
43 57
279
33 51
280
46 19
281
58 26
282
8 31
284
65 56
285
71 74
286
80 65
287
1 21
289
84 44
290
63 50
291
27 7
292
66 68
293
63 87
294
56 76
295
74 8
297
1 53
298
84 83
299
44 36
300
39 37
302
39 58
304
50 62
305
14 56
307
74 48
308
32 25
314
77 48
317
31 18
318
47 50
319
57 7
320
86 79
322
59 14
324
78 73
325
20 5
326
10 66
328
19 22
329
31 13
330
74 82
331
4 40
332
24 39
334
60 30
335
11 61
338
38 41
339
23 31
340
43 46
341
9 53
342
79 11
349
57 37
350
26 41
351
40 83
352
8 72
354
50 33
355
2 50
356
55 78
357
80 86
358
62 64
359
12 26
360
8 39
361
19 35
362
70 55
364
44 3
365
2 85
366
25 44
368
5 48
371
51 46
372
26 18
374
38 79
377
66 33
378
3 78
380
82 2
381
6 77
388
62 15
389
77 21
390
37 73
392
27 0
393
54 22
395
27 83
397
14 53
398
73 11
399
57 51
400
87 73
403
18 78
405
41 72
406
31 26
408
31 45
412
3 73
413
13 34
414
85 63
415
54 70
417
9 68
419
49 70
420
12 51
423
66 55
424
36 82
426
56 29
427
20 27
429
55 25
433
37 43
434
66 62
436
35 33
440
44 58
441
38 85
442
4 49
445
31 80
446
34 38
447
84 68
448
35 47
449
73 75
452
61 40
459
24 84
460
56 15
461
78 36
463
66 32
464
16 54
467
0 41
468
6 71
469
65 22
471
0 76
473
4 74
478
62 72
481
16 75
482
40 11
483
1 86
485
71 17
487
65 67
488
42 78
489
85 32
490
21 55
492
38 6
495
61 68
497
6 48
498
41 18
500
65 71
502
86 6
504
10 23
505
82 65
511
74 7
512
51 37
514
16 44
515
86 84
517
77 73
518
64 35
519
26 34
521
56 69
522
54 80
523
9 42
528
38 56
529
83 63
531
76 10
532
82 6
533
28 51
534
44 79
536
22 25
537
1 43
540
31 14
541
83 34
542
28 69
545
18 14
547
43 78
548
76 14
549
18 49
551
15 60
553
49 54
560
35 34
561
20 49
562
33 72
564
65 77
566
82 74
568
42 41
569
57 76
570
30 51
571
71 5
576
5 77
578
75 41
579
78 69
583
75 21
584
49 36
587
72 73
592
56 79
596
42 27
597
63 37
599
45 68
600
76 24
601
67 46
606
70 65
609
80 85
611
76 59
613
62 80
614
15 59
615
54 16
617
67 69
620
21 56
621
53 12
623
57 64
625
49 59
626
2 7
627
84 17
629
11 23
631
69 38
632
72 85
633
11 76
636
84 33
637
75 2
641
47 18
642
53 44
646
49 51
650
41 61
651
75 63
659
18 58
660
53 21
661
77 82
662
45 23
666
64 8
667
16 55
672
16 82
675
5 35
679
14 9
683
13 65
684
69 30
689
59 8
690
49 24
692
6 26
698
17 47
699
22 13
701
24 37
702
83 9
706
60 55
707
49 74
708
48 19
712
39 46
714
80 56
715
79 22
717
23 37
719
11 51
720
39 29
724
20 8
731
81 14
732
11 63
733
31 9
734
9 5
738
82 5
739
74 43
740
53 68
744
23 17
746
23 76
749
69 2
750
52 76
756
32 54
759
58 33
760
87 8
763
59 69
764
15 71
767
73 37
768
58 85
769
68 38
778
7 61
779
74 10
780
29 68
781
56 51
788
56 22
789
52 59
797
27 72
801
87 72
804
64 38
805
81 41
806
1 46
808
44 12
811
42 50
812
52 20
813
60 50
815
22 39
816
64 15
820
57 43
821
83 4
825
36 42
832
45 77
834
66 79
836
19 83
838
39 8
841
51 67
843
37 7
844
84 61
849
27 46
850
24 6
852
32 87
856
60 81
857
55 38
859
11 34
860
22 23
861
9 79
862
33 42
867
41 45
871
26 50
872
59 20
873
36 74
875
71 52
876
64 74
878
51 80
880
39 25
881
40 22
882
27 54
896
37 71
898
5 39
899
39 63
907
58 80
909
50 70
915
39 13
918
62 58
919
13 55
920
30 56
923
26 87
924
12 48
925
30 50
933
31 34
937
84 71
938
25 15
939
73 85
943
59 33
944
71 11
948
64 7
953
74 23
954
66 82
957
36 20
958
35 22
963
51 55
964
80 16
969
52 30
973
22 72
976
76 64
979
57 66
982
35 79
985
7 33
993
87 2
999
78 18
1000
23 21
1001
16 65
1003
40 68
1004
22 19
1006
28 39
1013
21 85
1016
38 54
1023
87 22
1025
45 38
1031
22 84
1032
57 25
1034
65 46
1042
61 46
1044
56 62
1045
40 59
1046
28 29
1050
86 7
1053
48 13
1055
67 15
1056
59 77
1060
20 33
1062
57 19
1063
10 60
1070
65 72
1078
68 61
1080
80 24
1082
34 26
1084
28 13
1097
50 26
1100
53 25
1114
17 43
1115
38 22
1119
14 87
1120
21 62
1122
34 28
1123
49 29
1131
42 81
1146
14 66
1154
86 19
1156
37 47
1160
36 56
1161
87 58
1163
52 50
1164
49 57
1167
60 54
1169
57 48
1171
77 26
1178
55 61
1179
4 22
1189
5 33
1194
84 53
1198
76 34
1199
78 27
1201
33 67
1202
38 83
1208
54 44
1209
65 43
1215
77 79
1217
60 84
1225
87 1
1228
54 60
1237
77 74
1245
10 78
1248
66 35
1251
16 68
1254
45 8
1255
84 62
1263
10 56
1264
54 8
1265
69 86
1267
82 9
1268
57 87
1277
54 53
1278
81 5
1282
38 60
1285
41 37
1287
87 59
1290
43 70
1291
64 85
1292
39 69
1294
46 39
1295
54 46
1298
79 72
1302
5 71
1303
32 50
1306
51 87
1307
72 25
1308
30 62
1309
42 68
1316
54 55
1320
2 19
1332
46 25
1333
25 58
1335
9 75
1346
58 70
1351
62 36
1353
28 57
1357
24 78
1364
85 2
1367
86 75
1370
73 46
1371
73 49
1373
62 7
1382
2 36
1391
66 49
1393
82 41
1404
24 71
1405
84 42
1406
59 46
1410
57 50
1412
46 43
1421
54 61
1426
63 13
1429
4 46
1433
74 52
1443
18 74
1448
78 35
1451
22 24
1454
36 23
1458
37 75
1459
27 48
1462
26 27
1464
38 61
1466
7 55
1470
81 70
1472
62 65
1475
82 39
1478
14 79
1483
76 80
1489
23 53
1491
21 82
1502
16 85
1504
13 4
1506
46 79
1509
65 78
1510
81 7
1511
56 17
1513
35 50
1515
49 58
1522
12 19
1548
26 35
1550
2 87
1551
21 42
1559
20 42
1566
67 63
1567
62 42
1568
10 87
1573
35 17
1591
39 19
1601
59 58
1605
33 4
1612
52 21
1622
27 29
1624
48 62
1627
21 78
1638
8 68
1643
64 59
1646
59 34
1649
84 15
1655
72 82
1659
71 72
1664
83 72
1666
12 83
1669
55 56
1675
68 64
1677
10 68
1683
28 42
1689
55 20
1695
65 31
1704
82 50
1707
47 56
1723
73 70
1733
87 79
1734
79 19
1752
63 86
1761
83 18
1763
71 76
1766
18 83
1773
34 76
1787
87 49
1803
6 49
1811
72 3
1820
37 14
1827
17 25
1832
64 50
1837
44 85
1839
53 80
1843
46 84
1854
7 20
1855
1 81
1862
47 76
1864
80 21
1885
4 81
1887
60 34
1888
85 67
1891
10 80
1893
20 55
1895
38 74
1912
18 77
1920
61 43
1935
61 7
1940
30 31
1942
64 45
1947
66 22
1950
75 73
1959
7 21
1968
84 82
1970
46 13
1972
0 65
1978
60 29
1983
63 7
1988
40 63
1998
76 25
2000
43 49
2003
52 58
2008
18 15
2011
62 61
2014
56 49
2031
38 52
2039
56 73
2041
82 54
2045
57 46
2047
25 65
2048
64 73
2053
74 84
2054
68 87
2058
70 82
2066
45 63
2073
46 57
2079
41 38
2090
49 85
2094
27 65
2105
49 40
2111
86 62
2119
84 74
2120
53 76
2127
84 54
2135
85 69
2140
59 63
2144
82 78
2146
1 33
2155
80 32
2160
19 32
2170
13 40
2189
60 65
2206
32 57
2213
73 36
2221
63 59
2227
45 29
2247
1 57
2251
20 9
2259
54 58
2294
55 6
2308
60 61
2327
50 78
2333
38 59
2348
37 6
2367
84 12
2373
36 75
2385
36 80
2387
63 25
2389
54 79
2396
50 66
2408
59 87
2417
44 14
2429
53 74
2431
5 55
2444
42 25
2445
4 33
2446
47 60
2447
83 65
2448
68 42
2454
84 0
2456
59 22
2465
77 69
2480
18 33
2482
59 72
2493
43 64
2497
2 34
2498
11 50
2506
50 44
2512
72 45
2520
75 62
2526
14 61
2532
63 14
2536
47 74
2553
81 15
2556
11 86
2557
66 76
2559
29 75
2565
85 51
2571
31 75
2573
41 39
2575
68 86
2583
85 57
2586
86 50
2595
77 66
2598
78 14
2607
45 24
2613
76 47
2626
76 51
10717
