88 681 2640 2
0 0 1 39
1 0 2 39
2 0 16 42
3 0 26 44
4 0 39 39
5 0 40 34
6 0 52 40
7 0 54 43
8 0 62 37
9 0 65 39
10 0 74 30
11 0 76 30
12 0 78 32
13 0 79 44
14 0 81 43
15 0 83 37
16 0 84 37
17 0 87 38
18 1 8 41
19 1 9 30
20 1 10 31
21 1 18 38
22 1 19 33
23 1 24 41
24 1 25 32
25 1 26 32
26 1 27 36
27 1 30 31
28 1 33 36
29 1 38 30
30 1 40 44
31 1 75 42
32 1 81 42
33 1 82 32
34 1 84 45
35 1 85 30
36 1 87 42
37 2 4 33
38 2 10 42
39 2 12 42
40 2 16 38
41 2 23 43
42 2 30 39
43 2 34 34
44 2 45 30
45 2 49 45
46 2 55 34
47 2 64 39
48 2 67 32
49 2 87 33
50 3 5 42
51 3 6 42
52 3 11 34
53 3 16 37
54 3 20 38
55 3 27 38
56 3 31 38
57 3 33 31
58 3 41 40
59 3 42 41
60 3 44 44
61 3 47 34
62 3 53 39
63 3 57 45
64 3 59 44
65 3 61 35
66 3 62 32
67 3 67 37
68 3 73 43
69 3 80 36
70 3 81 42
71 3 83 34
72 4 9 30
73 4 11 32
74 4 24 43
75 4 28 30
76 4 33 38
77 4 45 39
78 4 55 33
79 4 60 45
80 4 70 35
81 4 73 36
82 4 76 32
83 4 78 30
84 4 81 32
85 5 10 44
86 5 13 31
87 5 22 42
88 5 26 43
89 5 31 42
90 5 33 37
91 5 37 44
92 5 43 34
93 5 44 33
94 5 45 41
95 5 51 36
96 5 55 41
97 5 61 38
98 5 71 31
99 5 74 39
100 5 81 45
101 5 86 31
102 5 87 41
103 6 8 44
104 6 9 32
105 6 24 35
106 6 26 43
107 6 35 40
108 6 37 42
109 6 48 41
110 6 50 42
111 6 55 38
112 6 69 33
113 6 87 43
114 7 27 40
115 7 41 42
116 7 42 42
117 7 47 43
118 7 60 44
119 7 61 33
120 7 86 40
121 8 9 44
122 8 12 33
123 8 13 32
124 8 39 33
125 8 47 34
126 8 50 31
127 8 54 45
128 8 59 30
129 8 66 33
130 8 74 30
131 8 75 40
132 8 78 36
133 8 85 41
134 8 86 43
135 8 87 45
136 9 23 35
137 9 24 43
138 9 26 35
139 9 40 41
140 9 45 40
141 9 63 34
142 9 67 41
143 9 70 44
144 9 75 43
145 9 79 32
146 9 82 41
147 10 12 30
148 10 21 37
149 10 25 36
150 10 29 41
151 10 31 38
152 10 39 31
153 10 43 43
154 10 50 32
155 10 66 43
156 10 67 36
157 10 71 30
158 10 78 38
159 10 80 36
160 10 87 38
161 11 17 34
162 11 24 35
163 11 27 45
164 11 29 41
165 11 37 36
166 11 45 34
167 11 50 33
168 11 61 30
169 11 81 32
170 11 86 37
171 12 19 37
172 12 21 36
173 12 22 30
174 12 32 30
175 12 36 38
176 12 39 30
177 12 45 31
178 12 55 37
179 12 58 45
180 12 63 43
181 12 72 41
182 12 81 39
183 12 84 30
184 13 15 33
185 13 16 39
186 13 21 31
187 13 22 40
188 13 24 43
189 13 26 40
190 13 31 30
191 13 32 34
192 13 38 41
193 13 39 44
194 13 40 45
195 13 41 31
196 13 43 31
197 13 46 40
198 13 50 31
199 13 55 34
200 13 58 44
201 13 63 30
202 13 69 38
203 13 72 42
204 13 73 36
205 14 15 42
206 14 17 32
207 14 19 33
208 14 21 36
209 14 22 43
210 14 27 38
211 14 32 36
212 14 39 42
213 14 44 34
214 14 46 43
215 14 49 43
216 14 50 32
217 14 58 43
218 14 60 36
219 14 61 42
220 14 62 44
221 14 63 45
222 14 66 32
223 14 78 44
224 14 81 44
225 14 85 40
226 14 87 35
227 15 19 43
228 15 28 39
229 15 30 35
230 15 46 42
231 15 54 33
232 15 59 41
233 15 61 38
234 15 72 44
235 15 81 32
236 15 87 38
237 16 18 33
238 16 20 34
239 16 40 38
240 16 41 40
241 16 50 35
242 16 55 44
243 16 59 45
244 16 65 31
245 16 68 41
246 16 73 31
247 16 79 45
248 16 84 40
249 16 87 40
250 17 20 31
251 17 21 40
252 17 25 43
253 17 40 35
254 17 41 38
255 17 42 39
256 17 47 32
257 17 60 42
258 17 62 44
259 17 65 41
260 17 83 30
261 18 20 33
262 18 33 37
263 18 35 33
264 18 38 36
265 18 39 44
266 18 40 31
267 18 43 44
268 18 51 38
269 18 60 32
270 18 65 39
271 18 68 35
272 18 75 30
273 18 80 33
274 18 83 37
275 18 87 38
276 19 22 39
277 19 24 36
278 19 25 35
279 19 32 32
280 19 33 39
281 19 36 30
282 19 39 39
283 19 49 42
284 19 56 35
285 19 63 39
286 19 64 45
287 19 72 43
288 19 85 36
289 20 21 41
290 20 33 44
291 20 34 35
292 20 36 36
293 20 41 43
294 20 42 35
295 20 45 45
296 20 48 37
297 20 61 37
298 20 65 31
299 20 68 30
300 20 75 37
301 20 84 39
302 21 26 40
303 21 42 39
304 21 45 39
305 21 52 42
306 21 57 39
307 21 59 37
308 21 62 35
309 21 66 32
310 21 70 31
311 21 72 40
312 21 79 39
313 21 80 42
314 21 81 43
315 21 85 33
316 21 87 45
317 22 24 44
318 22 25 36
319 22 30 31
320 22 38 45
321 22 40 30
322 22 46 32
323 22 54 38
324 22 56 42
325 22 57 44
326 22 59 43
327 22 66 32
328 22 72 44
329 22 84 30
330 22 87 41
331 23 30 33
332 23 34 32
333 23 35 31
334 23 37 36
335 23 45 41
336 23 47 42
337 23 53 35
338 23 74 40
339 23 76 45
340 23 82 42
341 24 31 34
342 24 32 32
343 24 39 31
344 24 45 31
345 24 66 34
346 24 77 30
347 24 78 41
348 24 81 44
349 24 85 40
350 24 87 41
351 25 31 30
352 25 32 30
353 25 33 31
354 25 56 38
355 25 58 39
356 25 61 38
357 25 62 32
358 25 64 41
359 25 72 43
360 25 78 42
361 25 87 37
362 26 27 31
363 26 28 41
364 26 37 44
365 26 39 35
366 26 50 45
367 26 60 41
368 26 63 43
369 26 68 34
370 26 79 35
371 26 80 30
372 26 81 35
373 26 84 33
374 26 87 44
375 27 38 40
376 27 44 35
377 27 48 36
378 27 58 30
379 27 65 40
380 27 74 36
381 27 83 44
382 27 85 30
383 28 29 33
384 28 33 37
385 28 34 45
386 28 40 42
387 28 65 30
388 28 75 44
389 28 79 35
390 28 80 30
391 28 86 36
392 29 32 34
393 29 34 38
394 29 45 36
395 29 63 34
396 29 76 37
397 30 31 44
398 30 37 45
399 30 50 41
400 30 52 43
401 30 54 45
402 30 58 45
403 30 59 38
404 30 78 42
405 30 84 42
406 31 39 40
407 31 44 36
408 31 49 35
409 31 54 38
410 31 56 33
411 31 64 39
412 31 68 39
413 31 75 34
414 31 76 43
415 32 33 31
416 32 50 45
417 32 57 44
418 32 60 41
419 32 64 45
420 32 66 39
421 32 72 43
422 32 79 41
423 33 35 40
424 33 42 44
425 33 49 41
426 33 51 42
427 33 75 39
428 33 81 41
429 33 83 32
430 34 35 35
431 34 45 38
432 34 50 34
433 34 56 44
434 34 58 37
435 34 59 38
436 34 63 42
437 34 68 34
438 34 76 41
439 34 78 32
440 34 83 42
441 35 40 41
442 35 45 34
443 35 46 35
444 35 51 45
445 35 63 36
446 35 66 40
447 35 71 33
448 35 87 32
449 36 43 44
450 36 45 45
451 36 53 42
452 36 56 37
453 36 64 38
454 36 67 32
455 36 69 38
456 36 72 39
457 36 74 45
458 36 75 45
459 36 80 44
460 36 87 39
461 37 47 44
462 37 70 43
463 37 71 36
464 37 73 44
465 37 79 32
466 37 80 30
467 37 81 36
468 38 41 32
469 38 42 44
470 38 50 35
471 38 56 45
472 38 59 45
473 38 60 43
474 38 62 31
475 38 65 43
476 38 72 42
477 38 79 44
478 38 83 39
479 39 46 35
480 39 49 30
481 39 56 40
482 39 63 30
483 39 72 40
484 39 75 45
485 39 78 39
486 39 80 42
487 40 43 35
488 40 59 34
489 40 63 32
490 40 75 42
491 40 80 36
492 40 82 38
493 40 83 43
494 40 85 40
495 41 80 32
496 41 83 42
497 42 50 40
498 42 62 33
499 42 65 41
500 42 68 37
501 42 79 32
502 42 82 34
503 43 46 32
504 43 55 39
505 43 56 32
506 43 57 37
507 43 61 34
508 43 73 45
509 43 75 31
510 44 48 43
511 44 50 43
512 44 55 40
513 44 56 33
514 44 57 38
515 44 58 43
516 44 64 43
517 44 67 31
518 44 68 33
519 44 69 45
520 44 71 30
521 44 73 41
522 44 76 37
523 44 81 43
524 44 85 44
525 45 47 31
526 45 54 33
527 45 63 40
528 45 68 41
529 45 69 35
530 45 71 35
531 45 72 42
532 45 77 39
533 45 81 32
534 46 54 34
535 46 57 38
536 46 61 42
537 46 75 41
538 46 84 40
539 47 58 34
540 47 60 41
541 47 74 45
542 47 76 44
543 47 81 36
544 48 50 40
545 48 63 33
546 48 77 42
547 48 78 37
548 48 80 34
549 48 82 30
550 49 50 35
551 49 54 35
552 49 56 44
553 49 58 33
554 49 63 32
555 49 66 36
556 49 71 32
557 49 72 31
558 49 84 31
559 49 85 34
560 49 87 32
561 50 62 38
562 50 63 31
563 50 66 31
564 50 70 38
565 50 78 44
566 50 82 40
567 50 86 40
568 51 55 41
569 51 57 44
570 51 64 45
571 51 71 37
572 51 78 39
573 51 80 36
574 51 81 34
575 52 59 35
576 52 71 37
577 52 74 32
578 52 76 36
579 53 55 34
580 53 57 32
581 53 58 37
582 53 74 43
583 53 76 42
584 53 77 38
585 53 81 37
586 54 58 41
587 54 59 30
588 54 66 38
589 54 72 42
590 54 79 45
591 54 84 36
592 54 85 34
593 54 87 44
594 55 65 40
595 55 67 38
596 55 69 40
597 55 70 43
598 55 81 34
599 55 86 45
600 55 87 33
601 56 58 36
602 56 59 44
603 56 69 31
604 56 73 34
605 56 77 38
606 56 80 39
607 56 85 42
608 57 60 38
609 57 66 41
610 57 75 30
611 57 78 31
612 57 85 42
613 57 87 42
614 58 67 30
615 58 69 39
616 58 72 44
617 58 87 36
618 59 63 31
619 59 64 43
620 59 72 34
621 59 87 43
622 60 61 39
623 60 66 42
624 60 74 40
625 60 78 45
626 60 81 35
627 60 83 38
628 61 62 38
629 61 65 39
630 62 65 42
631 62 68 37
632 62 80 32
633 62 84 34
634 62 86 38
635 63 65 34
636 63 67 31
637 63 81 35
638 63 82 44
639 63 86 39
640 64 80 37
641 65 73 31
642 65 75 32
643 65 83 32
644 66 69 34
645 66 77 34
646 66 78 31
647 66 85 35
648 67 75 32
649 68 73 40
650 68 81 33
651 68 84 34
652 68 87 41
653 69 70 32
654 69 71 36
655 69 77 42
656 69 79 38
657 70 73 31
658 70 75 40
659 71 74 39
660 71 76 33
661 71 81 42
662 72 75 40
663 72 78 35
664 72 83 37
665 73 77 45
666 73 85 30
667 74 76 30
668 74 84 44
669 76 78 45
670 76 80 45
671 76 81 41
672 77 79 32
673 77 87 31
674 78 81 31
675 79 87 36
676 80 82 35
677 80 87 35
678 82 84 43
679 82 87 30
680 85 87 45
0 30 36 13
1 65 36 11
2 20 54 13
3 32 68 12
4 54 34 15
5 28 9 10
6 26 17 11
7 29 69 15
8 45 32 11
9 57 55 13
10 30 7 15
11 45 70 12
12 68 22 10
13 79 54 15
14 35 43 14
15 78 53 14
16 19 17 12
17 26 11 11
18 87 85 10
19 19 45 12
20 64 78 14
21 25 78 11
22 26 2 13
23 69 15 12
24 14 16 12
25 59 2 15
26 52 57 10
27 58 63 14
28 86 83 15
29 23 38 12
30 43 38 15
31 60 41 15
32 77 56 10
33 13 29 10
34 47 53 14
35 62 26 10
36 86 5 11
37 38 20 13
38 37 40 14
39 54 29 14
40 35 54 14
41 36 47 14
42 27 12 10
43 73 1 11
44 44 71 15
45 44 64 15
46 60 17 13
47 24 87 11
48 60 44 10
49 23 62 15
50 9 77 11
51 49 39 11
52 14 0 11
53 30 70 13
54 20 66 14
55 3 62 11
56 55 53 15
57 81 39 14
58 63 5 13
59 83 79 12
60 74 79 10
61 87 80 10
62 72 51 15
63 80 34 11
64 84 30 12
65 52 18 11
66 74 42 10
67 22 9 10
68 15 65 13
69 0 87 10
70 0 5 14
71 17 22 11
72 7 45 11
73 16 21 10
74 69 75 11
75 73 45 13
76 6 67 14
77 67 3 12
78 54 49 10
79 57 14 10
80 11 36 13
81 68 23 12
82 59 45 14
83 78 12 10
84 62 24 14
85 5 50 13
86 41 7 15
87 51 65 14
88 80 64 12
89 59 54 10
90 23 59 11
91 15 54 10
92 30 44 10
93 19 39 12
94 1 50 11
95 16 59 10
96 86 44 11
97 35 11 15
98 54 77 12
99 81 40 13
100 38 48 14
101 53 48 13
102 50 81 15
103 32 52 14
104 15 35 11
105 64 39 10
106 2 0 10
107 14 27 13
108 33 24 13
109 65 34 13
110 12 2 13
111 30 64 11
112 24 23 11
113 41 84 15
114 69 28 11
115 61 54 11
116 82 18 11
117 30 34 12
118 5 14 12
119 35 15 13
120 63 51 12
121 59 68 13
122 55 10 10
123 83 6 10
124 2 44 14
125 11 15 14
126 48 20 15
127 34 63 14
128 30 79 11
129 80 26 12
130 65 85 14
131 10 36 10
132 16 50 14
133 82 86 13
134 28 11 12
135 44 81 12
136 86 67 10
137 83 2 14
138 61 47 13
139 43 58 12
140 12 27 10
141 65 28 15
142 70 17 11
143 62 6 15
144 68 35 12
145 32 49 14
146 2 13 15
147 25 80 14
148 11 31 14
149 46 86 12
150 13 70 12
151 22 78 11
152 20 51 15
153 35 41 13
154 5 8 13
155 57 31 11
156 62 84 10
157 8 6 13
158 46 24 13
159 5 44 12
160 72 62 10
161 23 60 14
162 29 10 15
163 4 68 11
164 49 21 15
165 82 61 13
166 40 53 15
167 76 77 15
168 78 0 13
169 2 38 10
170 64 55 14
171 49 1 14
172 46 49 13
173 12 10 15
174 71 23 14
175 73 16 10
176 2 61 12
177 38 28 12
178 71 30 10
179 74 63 12
180 28 25 15
181 48 25 10
182 33 74 11
183 64 80 14
184 52 74 10
185 66 87 13
186 15 84 13
187 40 82 13
188 69 55 11
189 32 40 15
190 35 75 13
191 35 85 15
192 21 22 10
193 53 72 14
194 85 19 12
195 43 67 11
196 6 1 11
197 44 68 10
198 84 70 13
199 47 51 15
200 31 32 15
201 37 78 10
202 5 64 14
203 44 29 12
204 71 69 11
205 10 77 11
206 56 20 13
207 56 64 11
208 36 6 13
209 74 87 15
210 24 17 14
211 10 71 10
212 49 84 13
213 11 62 13
214 85 12 10
215 0 28 12
216 5 22 10
217 62 28 13
218 8 63 12
219 40 58 12
220 13 60 15
221 78 8 14
222 34 81 14
223 0 2 10
224 3 1 10
225 29 30 10
226 87 81 11
227 70 75 10
228 32 1 10
229 82 73 11
230 13 45 15
231 81 71 15
232 9 74 11
233 59 62 11
234 34 36 11
235 82 57 15
236 53 36 12
237 48 9 14
238 39 54 14
239 73 12 12
240 81 69 15
241 25 26 13
242 42 79 13
243 39 62 10
244 80 75 10
245 37 65 13
246 15 77 11
247 86 77 10
248 28 66 11
249 48 44 13
250 15 72 13
251 68 81 14
252 48 69 10
253 17 48 13
254 52 87 14
255 74 15 13
256 73 72 11
257 58 57 15
258 3 86 14
259 81 54 15
260 48 45 13
261 37 68 15
262 54 47 14
263 57 56 15
264 40 76 13
265 62 55 13
266 27 85 15
267 64 2 10
268 59 40 10
269 52 67 11
270 24 83 15
271 31 60 11
272 28 72 11
273 35 59 12
274 11 85 15
275 22 55 13
276 71 64 13
277 43 57 10
278 82 69 12
279 33 51 10
280 46 19 10
281 58 26 11
282 8 31 11
283 0 81 12
284 65 56 15
285 71 74 11
286 80 65 14
287 1 21 15
288 86 20 14
289 84 44 12
290 63 50 14
291 27 7 14
292 66 68 11
293 63 87 10
294 56 76 15
295 74 8 15
296 86 76 15
297 1 53 11
298 84 83 10
299 44 36 11
300 39 37 14
301 10 72 13
302 39 58 10
303 36 69 15
304 50 62 10
305 14 56 11
306 67 80 12
307 74 48 11
308 32 25 13
309 47 6 14
310 32 13 13
311 18 80 15
312 50 58 11
313 34 1 14
314 77 48 11
315 71 85 13
316 7 10 15
317 31 18 10
318 47 50 13
319 57 7 10
320 86 79 10
321 65 59 10
322 59 14 10
323 34 42 15
324 78 73 14
325 20 5 13
326 10 66 14
327 70 85 10
328 19 22 10
329 31 13 14
330 74 82 13
331 4 40 10
332 24 39 13
333 13 81 10
334 60 30 12
335 11 61 15
336 32 11 12
337 52 44 12
338 38 41 10
339 23 31 11
340 43 46 14
341 9 53 12
342 79 11 12
343 83 52 13
344 24 3 15
345 25 48 11
346 29 65 13
347 39 65 13
348 42 2 10
349 57 37 12
350 26 41 11
351 40 83 10
352 8 72 10
353 52 46 11
354 50 33 13
355 2 50 15
356 55 78 13
357 80 86 13
358 62 64 15
359 12 26 12
360 8 39 12
361 19 35 12
362 70 55 12
363 87 40 11
364 44 3 14
365 2 85 12
366 25 44 15
367 9 66 12
368 5 48 11
369 76 19 14
370 32 81 15
371 51 46 10
372 26 18 13
373 10 6 10
374 38 79 15
375 74 13 11
376 54 35 11
377 66 33 13
378 3 78 14
379 12 73 11
380 82 2 12
381 6 77 10
382 49 27 11
383 72 86 15
384 19 84 11
385 50 16 12
386 74 28 11
387 70 54 12
388 62 15 10
389 77 21 15
390 37 73 15
391 13 17 14
392 27 0 10
393 54 22 11
394 68 14 14
395 27 83 14
396 21 34 12
397 14 53 13
398 73 11 13
399 57 51 10
400 87 73 13
401 1 62 14
402 10 12 13
403 18 78 11
404 30 29 15
405 41 72 10
406 31 26 12
407 26 10 12
408 31 45 13
409 21 69 13
410 17 39 12
411 81 2 12
412 3 73 12
413 13 34 13
414 85 63 10
415 54 70 11
416 68 85 14
417 9 68 15
418 16 37 12
419 49 70 11
420 12 51 11
421 48 16 14
422 62 0 11
423 66 55 15
424 36 82 15
425 84 81 15
426 56 29 11
427 20 27 11
428 17 32 11
429 55 25 13
430 71 27 13
431 65 10 11
432 43 32 10
433 37 43 11
434 66 62 14
435 35 61 12
436 35 33 13
437 36 11 13
438 54 39 11
439 34 9 10
440 44 58 14
441 38 85 15
442 4 49 15
443 41 23 12
444 27 22 14
445 31 80 11
446 34 38 12
447 84 68 11
448 35 47 10
449 73 75 12
450 40 0 14
451 83 77 13
452 61 40 12
453 63 17 15
454 41 85 13
455 3 54 13
456 22 44 15
457 0 13 15
458 23 3 12
459 24 84 13
460 56 15 12
461 78 36 14
462 60 21 12
463 66 32 14
464 16 54 10
465 44 22 14
466 87 86 11
467 0 41 13
468 6 71 10
469 65 22 10
470 60 82 14
471 0 76 14
472 65 23 11
473 4 74 11
474 45 22 15
475 82 75 12
476 18 25 15
477 44 86 12
478 62 72 10
479 27 6 15
480 20 62 14
481 16 75 14
482 40 11 10
483 1 86 11
484 21 61 14
485 71 17 12
486 59 73 14
487 65 67 11
488 42 78 15
489 85 32 11
490 21 55 10
491 29 22 11
492 38 6 14
493 0 83 13
494 4 1 11
495 61 68 10
496 62 13 12
497 6 48 14
498 41 18 12
499 48 1 14
500 65 71 14
501 47 73 11
502 86 6 14
503 41 14 12
504 10 23 11
505 82 65 13
506 49 5 10
507 73 74 14
508 58 37 14
509 35 14 10
510 56 14 12
511 74 7 11
512 51 37 14
513 62 31 13
514 16 44 14
515 86 84 10
516 13 18 12
517 77 73 13
518 64 35 14
519 26 34 11
520 17 72 15
521 56 69 15
522 54 80 13
523 9 42 12
524 84 23 15
525 72 43 15
526 79 76 12
527 62 10 14
528 38 56 15
529 83 63 10
530 5 59 10
531 76 10 15
532 82 6 11
533 28 51 11
534 44 79 11
535 14 80 13
536 22 25 12
537 1 43 15
538 11 47 12
539 68 69 15
540 31 14 15
541 83 34 15
542 28 69 13
543 7 48 10
544 8 43 12
545 18 14 10
546 66 64 14
547 43 78 12
548 76 14 14
549 18 49 12
550 85 74 12
551 15 60 11
552 29 50 15
553 49 54 12
554 70 15 12
555 27 57 12
556 11 72 14
557 7 14 10
558 0 52 11
559 71 21 11
560 35 34 11
561 20 49 12
562 33 72 15
563 40 10 15
564 65 77 15
565 84 64 10
566 82 74 13
567 64 83 15
568 42 41 10
569 57 76 10
570 30 51 14
571 71 5 15
572 27 34 12
573 77 32 14
574 76 26 10
575 36 78 12
576 5 77 10
577 4 0 13
578 75 41 13
579 78 69 10
580 77 68 15
581 27 24 11
582 10 50 13
583 75 21 13
584 49 36 10
585 30 6 13
586 44 0 12
587 72 73 14
588 3 83 13
589 35 2 14
590 14 7 13
591 7 73 10
592 56 79 13
593 47 12 10
594 41 77 11
595 3 69 13
596 42 27 15
597 63 37 14
598 34 45 15
599 45 68 11
600 76 24 10
601 67 46 15
602 55 49 15
603 42 32 14
604 59 65 10
605 18 52 14
606 70 65 15
607 15 0 13
608 80 71 13
609 80 85 11
610 22 7 10
611 76 59 10
612 80 27 10
613 62 80 14
614 15 59 15
615 54 16 11
616 22 41 12
617 67 69 10
618 10 82 15
619 79 83 10
620 21 56 13
621 53 12 12
622 12 69 10
623 57 64 12
624 39 16 12
625 49 59 13
626 2 7 12
627 84 17 12
628 52 40 13
629 11 23 12
630 32 38 12
631 69 38 13
632 72 85 12
633 11 76 13
634 8 32 14
635 78 2 10
636 84 33 10
637 75 2 12
638 38 82 12
639 39 73 13
640 21 83 15
641 47 18 10
642 53 44 11
643 70 78 13
644 27 74 15
645 6 58 13
646 49 51 13
647 45 19 12
648 82 38 11
649 1 30 10
650 41 61 14
651 75 63 10
652 51 44 14
653 8 13 11
654 7 60 13
655 70 29 13
656 28 41 10
657 53 65 10
658 13 72 11
659 18 58 10
660 53 21 11
661 77 82 11
662 45 23 13
663 0 10 13
664 80 57 11
665 53 43 12
666 64 8 11
667 16 55 10
668 24 42 15
669 33 17 13
670 85 70 11
671 27 25 15
672 16 82 15
673 7 6 11
674 41 87 11
675 5 35 15
676 51 60 15
677 39 2 13
678 47 28 11
679 14 9 12
680 64 28 12
681 53 22 15
682 71 58 12
683 13 65 12
684 69 30 11
685 48 36 14
686 19 14 12
687 19 75 13
688 32 46 14
689 59 8 13
690 49 24 15
691 78 26 15
692 6 26 11
693 20 12 13
694 0 12 14
695 19 10 15
696 42 43 13
697 33 86 10
698 17 47 10
699 22 13 14
700 69 24 15
701 24 37 10
702 83 9 13
703 73 9 14
704 38 34 15
705 43 80 12
706 60 55 15
707 49 74 15
708 48 19 12
709 25 52 13
710 13 62 10
711 17 5 11
712 39 46 15
713 61 34 10
714 80 56 12
715 79 22 11
716 0 6 11
717 23 37 11
718 16 29 13
719 11 51 13
720 39 29 11
721 84 24 15
722 45 10 14
723 79 57 15
724 20 8 10
725 8 40 11
726 78 20 13
727 1 78 15
728 74 27 15
729 7 53 13
730 32 16 10
731 81 14 15
732 11 63 15
733 31 9 10
734 9 5 14
735 14 3 15
736 33 50 10
737 6 42 11
738 82 5 12
739 74 43 13
740 53 68 13
741 44 11 10
742 25 70 14
743 45 26 13
744 23 17 13
745 67 29 14
746 23 76 10
747 21 43 11
748 23 39 12
749 69 2 13
750 52 76 15
751 55 45 13
752 60 51 12
753 39 27 14
754 45 76 11
755 70 72 10
756 32 54 11
757 9 21 15
758 87 30 12
759 58 33 14
760 87 8 10
761 51 4 15
762 65 33 15
763 59 69 15
764 15 71 11
765 18 20 11
766 82 34 15
767 73 37 12
768 58 85 12
769 68 38 14
770 45 85 13
771 79 39 12
772 42 10 15
773 33 22 10
774 80 47 13
775 17 79 15
776 75 11 12
777 16 48 15
778 7 61 10
779 74 10 12
780 29 68 11
781 56 51 12
782 84 50 10
783 16 27 15
784 76 45 12
785 33 46 15
786 81 18 12
787 73 14 11
788 56 22 10
789 52 59 13
790 81 85 11
791 7 79 15
792 58 71 10
793 30 78 14
794 27 32 13
795 71 50 11
796 6 61 12
797 27 72 10
798 76 11 15
799 81 74 11
800 70 20 14
801 87 72 10
802 65 26 15
803 41 1 13
804 64 38 14
805 81 41 12
806 1 46 10
807 50 65 10
808 44 12 15
809 11 33 13
810 17 58 14
811 42 50 15
812 52 20 10
813 60 50 11
814 86 59 15
815 22 39 11
816 64 15 12
817 34 46 13
818 44 10 15
819 34 75 14
820 57 43 11
821 83 4 10
822 37 33 13
823 27 31 14
824 33 41 12
825 36 42 10
826 11 16 15
827 18 17 10
828 78 87 14
829 82 64 12
830 71 12 11
831 10 16 10
832 45 77 11
833 7 70 14
834 66 79 15
835 29 3 14
836 19 83 11
837 19 5 11
838 39 8 13
839 54 52 14
840 56 5 15
841 51 67 11
842 70 21 13
843 37 7 15
844 84 61 13
845 37 74 15
846 52 23 12
847 85 76 12
848 14 18 10
849 27 46 12
850 24 6 10
851 20 43 11
852 32 87 11
853 55 33 13
854 54 74 11
855 59 7 13
856 60 81 12
857 55 38 12
858 2 26 15
859 11 34 14
860 22 23 10
861 9 79 15
862 33 42 15
863 63 23 10
864 44 47 12
865 29 20 10
866 50 83 14
867 41 45 12
868 0 19 13
869 76 36 12
870 1 45 14
871 26 50 10
872 59 20 11
873 36 74 14
874 25 74 11
875 71 52 13
876 64 74 14
877 1 12 10
878 51 80 15
879 43 23 14
880 39 25 10
881 40 22 15
882 27 54 10
883 32 12 13
884 29 83 13
885 2 58 15
886 20 63 12
887 17 3 10
888 44 6 11
889 37 0 13
890 72 78 11
891 60 71 14
892 33 65 12
893 74 12 12
894 76 3 15
895 45 33 11
896 37 71 13
897 66 36 15
898 5 39 10
899 39 63 10
900 33 0 15
901 65 66 13
902 62 73 12
903 9 41 15
904 51 78 14
905 20 17 14
906 14 82 11
907 58 80 14
908 4 80 10
909 50 70 14
910 36 86 10
911 39 61 13
912 1 79 15
913 74 39 13
914 82 76 10
915 39 13 12
916 83 73 11
917 17 59 13
918 62 58 12
919 13 55 12
920 30 56 12
921 52 48 13
922 71 43 13
923 26 87 13
924 12 48 12
925 30 50 10
926 83 14 10
927 51 66 12
928 75 47 11
929 39 9 13
930 15 55 14
931 63 38 13
932 40 52 15
933 31 34 15
934 26 22 12
935 11 1 10
936 10 3 11
937 84 71 14
938 25 15 12
939 73 85 10
940 6 10 10
941 16 5 10
942 82 58 12
943 59 33 15
944 71 11 12
945 87 60 14
946 55 12 14
947 35 16 11
948 64 7 11
949 8 22 12
950 41 68 11
951 33 61 15
952 1 65 10
953 74 23 13
954 66 82 12
955 57 34 15
956 24 52 15
957 36 20 12
958 35 22 15
959 39 86 13
960 7 22 13
961 79 13 15
962 40 84 12
963 51 55 14
964 80 16 10
965 61 22 14
966 58 19 11
967 30 14 15
968 56 3 14
969 52 30 11
970 38 35 12
971 29 74 13
972 46 5 14
973 22 72 15
974 2 25 14
975 41 49 15
976 76 64 10
977 17 71 12
978 35 0 11
979 57 66 11
980 53 16 15
981 48 70 15
982 35 79 12
983 13 87 15
984 37 58 14
985 7 33 12
986 58 41 10
987 44 30 13
988 81 77 11
989 51 81 10
990 55 2 14
991 16 31 15
992 66 18 10
993 87 2 10
994 22 76 13
995 68 1 13
996 81 61 15
997 54 40 15
998 40 25 10
999 78 18 11
1000 23 21 10
1001 16 65 14
1002 13 51 14
1003 40 68 11
1004 22 19 11
1005 21 63 11
1006 28 39 12
1007 17 34 10
1008 50 7 14
1009 27 71 14
1010 82 85 10
1011 32 69 14
1012 34 69 15
1013 21 85 11
1014 27 87 11
1015 16 22 14
1016 38 54 13
1017 74 72 13
1018 10 5 14
1019 12 65 13
1020 25 18 10
1021 30 82 11
1022 57 40 15
1023 87 22 10
1024 33 44 15
1025 45 38 12
1026 57 16 11
1027 61 3 15
1028 6 33 14
1029 81 79 13
1030 33 32 11
1031 22 84 12
1032 57 25 10
1033 27 62 12
1034 65 46 15
1035 27 56 12
1036 28 18 15
1037 6 51 15
1038 0 82 14
1039 31 0 15
1040 58 62 11
1041 55 85 13
1042 61 46 14
1043 45 74 14
1044 56 62 10
1045 40 59 11
1046 28 29 12
1047 28 64 11
1048 63 75 10
1049 68 75 12
1050 86 7 12
1051 55 76 15
1052 37 86 13
1053 48 13 14
1054 21 59 15
1055 67 15 11
1056 59 77 15
1057 51 19 12
1058 69 4 14
1059 78 45 11
1060 20 33 15
1061 41 54 10
1062 57 19 10
1063 10 60 15
1064 2 8 10
1065 57 41 15
1066 61 31 12
1067 14 5 13
1068 58 38 12
1069 33 77 14
1070 65 72 10
1071 51 62 15
1072 62 66 15
1073 65 6 11
1074 2 21 12
1075 73 17 11
1076 86 0 10
1077 28 38 10
1078 68 61 10
1079 40 87 10
1080 80 24 10
1081 1 24 12
1082 34 26 10
1083 31 56 15
1084 28 13 11
1085 73 47 15
1086 3 34 14
1087 65 80 15
1088 69 13 14
1089 69 63 15
1090 46 72 14
1091 59 29 11
1092 22 82 14
1093 17 61 14
1094 4 79 14
1095 18 66 11
1096 84 73 14
1097 50 26 14
1098 12 80 10
1099 3 35 13
1100 53 25 10
1101 8 49 14
1102 8 73 12
1103 69 50 13
1104 83 48 15
1105 78 68 15
1106 52 32 12
1107 8 15 14
1108 5 13 12
1109 33 85 11
1110 41 42 13
1111 29 1 15
1112 13 64 15
1113 5 67 13
1114 17 43 14
1115 38 22 11
1116 2 16 11
1117 82 60 11
1118 62 47 11
1119 14 87 12
1120 21 62 15
1121 85 18 11
1122 34 28 12
1123 49 29 14
1124 20 53 13
1125 56 46 14
1126 56 16 13
1127 56 59 10
1128 65 35 13
1129 3 45 11
1130 38 50 15
1131 42 81 13
1132 36 7 14
1133 48 68 11
1134 33 82 14
1135 55 80 14
1136 64 62 10
1137 54 37 13
1138 20 78 11
1139 72 11 13
1140 61 24 13
1141 2 41 11
1142 76 0 14
1143 8 10 10
1144 2 4 13
1145 60 69 11
1146 14 66 11
1147 52 26 13
1148 81 32 10
1149 75 69 13
1150 26 23 11
1151 40 7 15
1152 65 11 14
1153 25 29 14
1154 86 19 11
1155 60 33 15
1156 37 47 12
1157 36 61 11
1158 56 66 13
1159 76 22 12
1160 36 56 15
1161 87 58 10
1162 58 39 10
1163 52 50 14
1164 49 57 14
1165 73 33 11
1166 48 15 11
1167 60 54 14
1168 68 21 11
1169 57 48 10
1170 71 16 12
1171 77 26 10
1172 66 63 14
1173 3 76 10
1174 22 64 10
1175 22 10 11
1176 51 27 12
1177 71 14 12
1178 55 61 10
1179 4 22 13
1180 21 41 15
1181 13 77 11
1182 24 40 13
1183 16 64 12
1184 37 29 13
1185 86 23 14
1186 23 64 12
1187 3 12 11
1188 45 16 10
1189 5 33 11
1190 23 5 14
1191 8 69 11
1192 15 19 12
1193 61 79 13
1194 84 53 13
1195 84 59 14
1196 26 3 11
1197 12 62 11
1198 76 34 10
1199 78 27 13
1200 53 87 14
1201 33 67 10
1202 38 83 10
1203 76 48 13
1204 12 71 12
1205 41 8 14
1206 19 0 14
1207 34 79 15
1208 54 44 11
1209 65 43 10
1210 72 33 10
1211 69 37 15
1212 32 6 10
1213 6 59 12
1214 22 70 13
1215 77 79 13
1216 21 17 12
1217 60 84 15
1218 41 6 11
1219 22 43 14
1220 31 15 15
1221 20 23 13
1222 21 47 12
1223 72 46 12
1224 80 1 11
1225 87 1 13
1226 73 40 14
1227 16 42 12
1228 54 60 13
1229 19 30 14
1230 48 56 15
1231 24 72 10
1232 56 40 10
1233 52 25 14
1234 0 51 13
1235 23 51 13
1236 79 38 10
1237 77 74 10
1238 59 17 11
1239 79 14 13
1240 49 35 14
1241 1 27 13
1242 8 36 15
1243 85 45 12
1244 32 3 15
1245 10 78 12
1246 48 42 10
1247 85 41 15
1248 66 35 14
1249 38 9 15
1250 34 73 11
1251 16 68 11
1252 41 51 10
1253 17 75 11
1254 45 8 10
1255 84 62 12
1256 65 81 13
1257 24 53 14
1258 31 69 15
1259 68 32 13
1260 4 60 10
1261 29 43 15
1262 47 77 11
1263 10 56 11
1264 54 8 10
1265 69 86 12
1266 41 50 11
1267 82 9 12
1268 57 87 14
1269 50 13 11
1270 53 42 10
1271 67 68 15
1272 77 62 12
1273 42 64 12
1274 24 60 14
1275 76 85 13
1276 68 65 10
1277 54 53 14
1278 81 5 14
1279 51 42 10
1280 13 73 14
1281 64 70 13
1282 38 60 11
1283 23 10 13
1284 81 57 14
1285 41 37 12
1286 59 36 13
1287 87 59 10
1288 50 5 14
1289 81 43 15
1290 43 70 15
1291 64 85 11
1292 39 69 12
1293 29 21 13
1294 46 39 10
1295 54 46 11
1296 60 58 10
1297 44 49 11
1298 79 72 14
1299 10 69 10
1300 47 16 13
1301 75 19 10
1302 5 71 12
1303 32 50 11
1304 13 54 15
1305 35 52 10
1306 51 87 13
1307 72 25 11
1308 30 62 12
1309 42 68 11
1310 25 28 11
1311 83 11 12
1312 74 31 15
1313 36 65 12
1314 73 87 11
1315 22 1 13
1316 54 55 12
1317 26 33 13
1318 78 57 15
1319 11 4 14
1320 2 19 14
1321 10 0 10
1322 21 53 13
1323 52 11 13
1324 71 1 14
1325 65 51 12
1326 39 79 15
1327 50 18 13
1328 62 52 12
1329 0 18 15
1330 77 37 11
1331 45 7 10
1332 46 25 12
1333 25 58 12
1334 74 20 13
1335 9 75 13
1336 50 14 13
1337 21 36 11
1338 77 24 11
1339 14 85 10
1340 60 87 10
1341 59 37 12
1342 50 2 14
1343 28 37 14
1344 48 33 14
1345 14 62 15
1346 58 70 11
1347 12 16 11
1348 28 14 12
1349 87 28 12
1350 76 63 13
1351 62 36 10
1352 81 3 15
1353 28 57 12
1354 13 38 10
1355 48 35 14
1356 52 49 14
1357 24 78 15
1358 58 86 11
1359 82 16 13
1360 67 50 10
1361 20 67 12
1362 79 52 11
1363 46 45 15
1364 85 2 10
1365 18 8 15
1366 72 10 12
1367 86 75 15
1368 75 44 11
1369 41 24 12
1370 73 46 11
1371 73 49 12
1372 34 72 15
1373 62 7 12
1374 79 37 12
1375 84 75 14
1376 12 33 12
1377 18 9 10
1378 17 4 15
1379 26 64 14
1380 85 60 10
1381 9 31 15
1382 2 36 11
1383 8 18 10
1384 0 4 12
1385 52 69 13
1386 77 60 12
1387 18 10 10
1388 7 67 12
1389 40 38 11
1390 42 55 15
1391 66 49 11
1392 79 7 15
1393 82 41 12
1394 36 12 13
1395 11 2 12
1396 48 63 11
1397 76 18 14
1398 27 82 13
1399 73 4 13
1400 1 48 12
1401 86 66 15
1402 63 18 15
1403 30 42 14
1404 24 71 15
1405 84 42 10
1406 59 46 15
1407 17 6 12
1408 59 61 10
1409 66 25 15
1410 57 50 11
1411 59 31 11
1412 46 43 11
1413 69 20 13
1414 71 29 11
1415 50 20 11
1416 43 7 13
1417 26 38 14
1418 26 58 11
1419 87 17 11
1420 0 9 12
1421 54 61 12
1422 3 31 14
1423 7 77 12
1424 37 10 14
1425 40 21 10
1426 63 13 10
1427 15 2 12
1428 34 27 11
1429 4 46 10
1430 74 69 10
1431 74 75 11
1432 32 5 15
1433 74 52 15
1434 67 61 13
1435 64 37 15
1436 47 41 14
1437 85 38 11
1438 20 44 11
1439 59 56 13
1440 66 45 13
1441 42 46 15
1442 55 37 12
1443 18 74 11
1444 63 43 10
1445 11 77 11
1446 18 46 11
1447 52 56 12
1448 78 35 11
1449 23 22 10
1450 7 78 12
1451 22 24 14
1452 13 35 14
1453 70 57 10
1454 36 23 15
1455 2 28 15
1456 63 57 14
1457 28 15 11
1458 37 75 11
1459 27 48 11
1460 29 8 13
1461 43 81 12
1462 26 27 15
1463 59 25 15
1464 38 61 13
1465 83 55 11
1466 7 55 12
1467 68 45 14
1468 38 80 13
1469 79 75 10
1470 81 70 14
1471 81 31 15
1472 62 65 12
1473 67 13 12
1474 85 86 15
1475 82 39 15
1476 16 72 14
1477 68 59 13
1478 14 79 10
1479 58 40 10
1480 40 50 10
1481 12 44 12
1482 46 12 10
1483 76 80 14
1484 66 51 14
1485 71 67 14
1486 3 8 13
1487 9 64 13
1488 58 1 10
1489 23 53 14
1490 14 45 13
1491 21 82 12
1492 23 7 13
1493 6 47 15
1494 8 12 13
1495 79 61 13
1496 78 1 12
1497 34 31 12
1498 19 51 14
1499 16 8 14
1500 38 57 10
1501 74 0 15
1502 16 85 11
1503 22 63 15
1504 13 4 15
1505 60 31 11
1506 46 79 11
1507 15 23 11
1508 4 25 12
1509 65 78 14
1510 81 7 12
1511 56 17 10
1512 7 82 15
1513 35 50 11
1514 8 9 14
1515 49 58 10
1516 83 8 14
1517 68 63 14
1518 26 44 10
1519 38 37 12
1520 79 24 10
1521 70 13 11
1522 12 19 12
1523 37 56 10
1524 63 24 12
1525 13 30 12
1526 43 35 15
1527 0 57 13
1528 32 61 10
1529 83 71 15
1530 49 16 15
1531 75 34 11
1532 52 70 15
1533 14 24 10
1534 37 42 11
1535 70 83 10
1536 2 56 14
1537 32 44 15
1538 22 16 11
1539 56 61 13
1540 87 0 11
1541 12 70 10
1542 62 16 12
1543 22 57 14
1544 24 36 12
1545 34 44 10
1546 75 4 13
1547 0 71 11
1548 26 35 12
1549 25 62 10
1550 2 87 15
1551 21 42 13
1552 44 34 11
1553 29 58 11
1554 43 26 15
1555 58 16 12
1556 66 53 14
1557 79 65 15
1558 83 24 11
1559 20 42 11
1560 43 3 11
1561 23 57 13
1562 33 83 13
1563 0 24 11
1564 62 14 11
1565 61 1 12
1566 67 63 15
1567 62 42 11
1568 10 87 15
1569 85 20 15
1570 5 4 15
1571 39 1 15
1572 19 27 15
1573 35 17 10
1574 24 28 15
1575 69 61 15
1576 26 70 12
1577 47 26 12
1578 4 6 11
1579 12 40 15
1580 69 25 13
1581 48 53 14
1582 35 81 11
1583 52 43 14
1584 48 79 12
1585 78 9 14
1586 73 61 14
1587 28 82 12
1588 41 31 15
1589 20 76 13
1590 62 40 14
1591 39 19 14
1592 64 82 14
1593 67 84 13
1594 13 50 13
1595 51 29 11
1596 38 23 14
1597 4 77 10
1598 12 43 12
1599 14 48 14
1600 22 37 14
1601 59 58 10
1602 45 86 12
1603 85 73 10
1604 9 86 15
1605 33 4 13
1606 47 82 12
1607 45 12 11
1608 83 35 14
1609 45 28 12
1610 12 25 14
1611 31 33 12
1612 52 21 14
1613 27 28 12
1614 42 13 12
1615 68 19 11
1616 76 38 13
1617 43 72 13
1618 57 52 15
1619 46 85 13
1620 10 21 12
1621 72 70 15
1622 27 29 12
1623 33 12 12
1624 48 62 14
1625 26 65 14
1626 19 47 15
1627 21 78 10
1628 76 28 13
1629 27 43 15
1630 83 84 11
1631 78 6 14
1632 28 10 15
1633 84 65 13
1634 57 33 12
1635 57 67 13
1636 67 57 11
1637 16 0 13
1638 8 68 10
1639 78 32 12
1640 14 84 14
1641 18 50 14
1642 63 85 10
1643 64 59 15
1644 43 29 15
1645 73 71 15
1646 59 34 10
1647 9 73 10
1648 74 38 15
1649 84 15 10
1650 61 36 11
1651 49 10 12
1652 16 18 13
1653 39 3 12
1654 21 67 15
1655 72 82 11
1656 83 58 10
1657 6 30 12
1658 35 28 10
1659 71 72 10
1660 4 3 12
1661 22 32 13
1662 4 15 11
1663 69 80 12
1664 83 72 14
1665 81 58 11
1666 12 83 12
1667 6 65 10
1668 1 70 13
1669 55 56 10
1670 34 86 11
1671 74 45 15
1672 2 27 12
1673 5 49 12
1674 67 20 11
1675 68 64 13
1676 50 79 15
1677 10 68 15
1678 9 22 10
1679 36 72 13
1680 4 44 14
1681 82 26 13
1682 18 59 11
1683 28 42 11
1684 50 34 15
1685 26 48 10
1686 14 31 14
1687 68 60 10
1688 41 60 10
1689 55 20 14
1690 63 47 12
1691 64 63 10
1692 6 72 13
1693 15 34 13
1694 73 78 12
1695 65 31 14
1696 80 45 13
1697 5 15 13
1698 54 64 12
1699 70 52 13
1700 56 67 14
1701 42 29 15
1702 43 27 14
1703 26 5 11
1704 82 50 10
1705 72 26 11
1706 48 2 11
1707 47 56 15
1708 36 16 15
1709 24 50 14
1710 25 57 15
1711 67 1 15
1712 10 59 10
1713 58 36 13
1714 5 32 13
1715 41 48 12
1716 28 49 15
1717 24 70 15
1718 14 26 14
1719 18 84 11
1720 22 26 10
1721 12 7 11
1722 62 76 15
1723 73 70 11
1724 3 38 15
1725 68 57 14
1726 27 63 15
1727 5 11 11
1728 29 25 12
1729 57 72 15
1730 80 60 15
1731 44 76 10
1732 10 22 14
1733 87 79 11
1734 79 19 10
1735 8 29 11
1736 56 1 15
1737 36 41 13
1738 34 0 15
1739 70 41 10
1740 60 37 14
1741 81 10 10
1742 28 77 11
1743 68 17 11
1744 79 30 14
1745 18 55 14
1746 1 2 15
1747 87 27 11
1748 71 25 11
1749 55 58 15
1750 25 51 10
1751 38 7 12
1752 63 86 13
1753 36 46 13
1754 9 1 13
1755 78 77 12
1756 84 19 14
1757 30 8 15
1758 79 62 15
1759 43 86 14
1760 74 26 15
1761 83 18 10
1762 8 4 15
1763 71 76 14
1764 9 0 13
1765 20 29 11
1766 18 83 15
1767 30 4 10
1768 34 15 10
1769 65 68 11
1770 39 34 12
1771 19 43 11
1772 62 37 11
1773 34 76 12
1774 64 42 14
1775 33 60 15
1776 74 16 14
1777 85 81 11
1778 10 7 14
1779 8 47 13
1780 8 76 10
1781 1 37 15
1782 30 75 13
1783 73 22 11
1784 39 11 10
1785 38 18 12
1786 5 41 14
1787 87 49 11
1788 13 7 13
1789 71 37 12
1790 8 70 13
1791 59 55 15
1792 69 78 13
1793 11 60 13
1794 81 68 13
1795 23 72 13
1796 16 2 12
1797 21 75 13
1798 46 69 15
1799 11 7 10
1800 6 3 14
1801 19 44 14
1802 81 22 11
1803 6 49 12
1804 12 14 13
1805 52 71 11
1806 41 15 12
1807 19 64 14
1808 3 5 12
1809 77 53 10
1810 46 35 13
1811 72 3 12
1812 42 84 10
1813 60 1 12
1814 16 6 12
1815 61 26 10
1816 67 56 14
1817 69 56 12
1818 16 49 11
1819 20 21 15
1820 37 14 11
1821 29 86 11
1822 41 70 15
1823 6 22 15
1824 9 7 11
1825 3 18 11
1826 27 40 14
1827 17 25 12
1828 3 55 11
1829 59 39 15
1830 10 47 13
1831 67 25 11
1832 64 50 10
1833 48 12 12
1834 28 43 12
1835 74 14 15
1836 73 19 12
1837 44 85 12
1838 57 36 15
1839 53 80 12
1840 29 7 12
1841 5 85 15
1842 10 64 10
1843 46 84 14
1844 43 0 13
1845 16 77 11
1846 46 68 15
1847 4 76 14
1848 35 78 10
1849 72 83 12
1850 25 30 11
1851 67 48 15
1852 45 43 13
1853 70 43 15
1854 7 20 11
1855 1 81 14
1856 2 47 11
1857 86 73 15
1858 19 57 14
1859 47 8 11
1860 23 35 13
1861 41 9 14
1862 47 76 10
1863 32 55 10
1864 80 21 10
1865 14 33 10
1866 58 75 14
1867 28 35 10
1868 56 9 15
1869 83 53 15
1870 7 12 15
1871 3 71 15
1872 56 30 12
1873 77 72 13
1874 25 22 10
1875 47 46 11
1876 83 30 14
1877 59 41 11
1878 13 63 12
1879 16 69 13
1880 12 23 15
1881 20 32 10
1882 6 4 11
1883 40 73 11
1884 63 42 14
1885 4 81 10
1886 23 18 14
1887 60 34 10
1888 85 67 14
1889 82 62 15
1890 17 29 12
1891 10 80 14
1892 86 4 15
1893 20 55 12
1894 23 14 15
1895 38 74 11
1896 35 36 13
1897 59 83 14
1898 82 79 13
1899 78 25 14
1900 0 44 12
1901 10 46 15
1902 83 59 10
1903 32 45 15
1904 24 29 10
1905 37 28 12
1906 79 34 14
1907 14 46 14
1908 71 65 11
1909 49 66 13
1910 30 86 13
1911 26 14 12
1912 18 77 10
1913 29 2 10
1914 11 8 10
1915 73 59 14
1916 55 21 10
1917 53 27 12
1918 36 29 10
1919 38 33 15
1920 61 43 12
1921 2 65 11
1922 29 70 11
1923 67 81 14
1924 50 10 11
1925 58 83 10
1926 74 41 15
1927 39 48 11
1928 44 43 12
1929 18 68 12
1930 55 66 13
1931 27 80 15
1932 22 6 11
1933 21 25 14
1934 28 19 11
1935 61 7 12
1936 78 33 11
1937 37 3 11
1938 41 78 11
1939 71 6 11
1940 30 31 10
1941 3 64 10
1942 64 45 15
1943 35 68 15
1944 3 41 15
1945 87 11 12
1946 30 84 14
1947 66 22 13
1948 28 62 15
1949 34 74 10
1950 75 73 12
1951 84 35 13
1952 11 68 15
1953 8 25 11
1954 37 4 13
1955 19 9 15
1956 36 52 10
1957 29 27 12
1958 33 56 11
1959 7 21 12
1960 41 44 15
1961 50 24 12
1962 80 70 10
1963 33 14 15
1964 45 59 13
1965 85 14 14
1966 7 57 12
1967 72 17 11
1968 84 82 11
1969 53 46 11
1970 46 13 15
1971 33 13 14
1972 0 65 11
1973 57 35 12
1974 84 57 12
1975 47 52 12
1976 74 83 14
1977 2 62 13
1978 60 29 13
1979 36 25 12
1980 29 63 10
1981 23 12 12
1982 50 31 10
1983 63 7 15
1984 42 67 11
1985 2 32 11
1986 27 19 11
1987 22 51 12
1988 40 63 12
1989 61 33 15
1990 37 77 11
1991 29 41 11
1992 2 66 11
1993 38 5 11
1994 64 75 13
1995 79 27 15
1996 34 78 15
1997 50 35 13
1998 76 25 12
1999 28 79 15
2000 43 49 11
2001 13 41 12
2002 19 53 11
2003 52 58 10
2004 20 52 15
2005 11 26 13
2006 8 74 10
2007 56 28 11
2008 18 15 15
2009 83 57 12
2010 75 35 10
2011 62 61 15
2012 22 3 12
2013 43 28 11
2014 56 49 14
2015 58 76 10
2016 55 17 13
2017 73 52 15
2018 28 4 10
2019 59 75 14
2020 27 81 15
2021 9 60 14
2022 85 80 12
2023 53 28 14
2024 23 9 10
2025 64 58 14
2026 13 49 11
2027 49 82 14
2028 42 86 10
2029 6 45 15
2030 59 27 12
2031 38 52 14
2032 37 57 14
2033 86 33 13
2034 85 75 11
2035 74 29 15
2036 51 83 10
2037 49 52 11
2038 78 5 14
2039 56 73 11
2040 72 50 14
2041 82 54 15
2042 62 57 13
2043 29 79 13
2044 51 1 10
2045 57 46 12
2046 1 32 10
2047 25 65 11
2048 64 73 10
2049 12 8 13
2050 40 19 14
2051 60 76 10
2052 63 61 15
2053 74 84 14
2054 68 87 13
2055 15 66 11
2056 8 53 13
2057 33 5 11
2058 70 82 10
2059 16 71 10
2060 18 21 11
2061 86 38 12
2062 49 55 10
2063 52 41 10
2064 60 46 14
2065 55 50 13
2066 45 63 10
2067 38 27 14
2068 25 73 11
2069 25 86 15
2070 3 79 14
2071 50 76 10
2072 58 51 12
2073 46 57 13
2074 37 21 13
2075 26 40 14
2076 70 33 10
2077 86 87 15
2078 58 3 15
2079 41 38 13
2080 19 6 14
2081 17 55 12
2082 49 41 11
2083 75 52 13
2084 76 32 13
2085 14 64 14
2086 9 54 13
2087 69 5 13
2088 29 14 15
2089 5 3 10
2090 49 85 10
2091 20 1 10
2092 82 31 15
2093 55 39 11
2094 27 65 11
2095 17 31 12
2096 40 23 11
2097 3 77 12
2098 12 21 12
2099 43 83 15
2100 51 23 15
2101 80 13 11
2102 46 33 15
2103 10 24 14
2104 40 12 13
2105 49 40 13
2106 78 71 11
2107 53 38 14
2108 41 3 14
2109 83 22 13
2110 18 65 14
2111 86 62 11
2112 7 84 15
2113 24 12 12
2114 25 1 13
2115 12 38 11
2116 22 65 14
2117 46 67 14
2118 57 5 14
2119 84 74 10
2120 53 76 14
2121 70 14 14
2122 72 16 11
2123 60 9 10
2124 33 38 14
2125 7 63 10
2126 84 13 11
2127 84 54 12
2128 54 69 14
2129 68 67 13
2130 65 40 14
2131 3 24 14
2132 12 18 15
2133 58 61 14
2134 4 43 11
2135 85 69 15
2136 79 43 11
2137 32 23 14
2138 57 82 10
2139 29 72 15
2140 59 63 11
2141 0 3 12
2142 11 32 15
2143 24 21 15
2144 82 78 12
2145 81 38 10
2146 1 33 11
2147 1 4 15
2148 87 70 13
2149 48 22 15
2150 33 71 13
2151 67 8 14
2152 29 38 11
2153 82 36 13
2154 21 40 10
2155 80 32 10
2156 42 53 10
2157 58 24 10
2158 22 35 11
2159 74 58 14
2160 19 32 13
2161 51 14 13
2162 35 6 11
2163 41 81 15
2164 26 4 10
2165 42 49 14
2166 34 7 13
2167 42 33 10
2168 29 23 13
2169 24 0 15
2170 13 40 10
2171 16 78 14
2172 25 5 14
2173 19 18 10
2174 28 26 13
2175 3 32 15
2176 41 5 11
2177 52 2 13
2178 21 79 12
2179 24 4 13
2180 17 64 13
2181 24 35 12
2182 15 17 14
2183 47 14 14
2184 56 86 15
2185 42 69 13
2186 63 79 15
2187 30 15 13
2188 5 82 11
2189 60 65 13
2190 25 37 14
2191 56 53 12
2192 50 12 11
2193 67 7 13
2194 77 44 12
2195 20 15 10
2196 14 42 13
2197 50 60 15
2198 70 87 12
2199 78 56 10
2200 9 14 11
2201 77 18 15
2202 66 8 10
2203 34 21 11
2204 70 80 15
2205 41 80 11
2206 32 57 14
2207 51 40 15
2208 45 37 12
2209 41 33 14
2210 66 42 14
2211 73 6 12
2212 30 74 14
2213 73 36 14
2214 0 50 10
2215 74 4 14
2216 81 46 14
2217 39 6 12
2218 86 82 11
2219 67 73 14
2220 2 23 10
2221 63 59 13
2222 11 42 11
2223 2 20 14
2224 25 49 13
2225 44 18 14
2226 63 74 11
2227 45 29 14
2228 39 12 15
2229 18 57 14
2230 31 17 15
2231 45 66 14
2232 38 10 13
2233 22 62 12
2234 22 17 10
2235 14 11 15
2236 39 82 14
2237 44 1 11
2238 52 9 10
2239 86 9 13
2240 68 11 10
2241 31 61 13
2242 86 74 15
2243 62 29 10
2244 79 81 15
2245 42 12 15
2246 38 81 13
2247 1 57 11
2248 63 22 10
2249 39 5 11
2250 1 36 12
2251 20 9 13
2252 54 81 11
2253 83 39 11
2254 51 8 12
2255 4 10 11
2256 76 2 12
2257 30 10 11
2258 67 55 14
2259 54 58 13
2260 37 51 14
2261 30 26 11
2262 4 72 12
2263 66 12 13
2264 24 10 14
2265 67 60 10
2266 8 38 13
2267 14 65 13
2268 7 80 15
2269 20 60 15
2270 16 34 13
2271 29 11 12
2272 3 65 14
2273 22 30 11
2274 33 80 11
2275 73 55 15
2276 39 85 13
2277 31 62 11
2278 32 75 15
2279 21 77 11
2280 31 29 11
2281 39 0 13
2282 78 82 12
2283 51 2 12
2284 50 75 11
2285 57 32 12
2286 3 46 15
2287 52 79 12
2288 21 48 10
2289 80 66 15
2290 9 19 12
2291 23 40 13
2292 21 10 14
2293 56 34 13
2294 55 6 12
2295 34 13 12
2296 18 86 13
2297 40 48 11
2298 54 9 13
2299 7 32 13
2300 38 31 10
2301 3 56 11
2302 39 59 13
2303 45 27 10
2304 27 78 15
2305 61 67 11
2306 61 48 13
2307 77 28 13
2308 60 61 11
2309 39 22 12
2310 65 39 15
2311 62 81 13
2312 64 18 13
2313 13 20 12
2314 74 78 14
2315 59 57 14
2316 72 76 12
2317 39 4 13
2318 22 58 12
2319 51 11 15
2320 4 71 13
2321 60 24 11
2322 41 66 13
2323 64 34 14
2324 9 3 13
2325 20 35 13
2326 9 49 12
2327 50 78 11
2328 80 68 15
2329 53 40 10
2330 43 33 10
2331 64 3 15
2332 61 64 13
2333 38 59 13
2334 0 14 13
2335 17 2 15
2336 30 24 13
2337 16 62 10
2338 51 47 11
2339 86 71 10
2340 26 60 14
2341 75 42 13
2342 28 46 15
2343 8 20 14
2344 2 39 12
2345 69 72 13
2346 28 70 12
2347 77 46 11
2348 37 6 12
2349 5 7 12
2350 2 51 15
2351 48 52 10
2352 47 71 14
2353 5 74 12
2354 72 20 15
2355 33 27 14
2356 81 83 14
2357 10 43 14
2358 31 20 11
2359 47 62 10
2360 21 14 10
2361 85 5 11
2362 68 77 15
2363 23 67 10
2364 32 78 14
2365 77 50 12
2366 55 84 14
2367 84 12 15
2368 61 70 10
2369 86 70 15
2370 24 49 10
2371 30 71 11
2372 28 48 13
2373 36 75 11
2374 36 59 15
2375 6 29 12
2376 55 59 14
2377 34 43 13
2378 55 8 10
2379 42 44 13
2380 71 82 10
2381 52 0 14
2382 85 7 12
2383 56 65 13
2384 3 9 13
2385 36 80 13
2386 69 3 11
2387 63 25 10
2388 14 75 14
2389 54 79 14
2390 39 50 12
2391 19 13 13
2392 83 50 12
2393 69 68 12
2394 54 71 12
2395 71 2 15
2396 50 66 12
2397 47 59 14
2398 45 44 15
2399 58 25 14
2400 57 73 14
2401 16 67 10
2402 44 54 10
2403 80 29 11
2404 61 51 11
2405 50 80 14
2406 36 77 13
2407 26 73 13
2408 59 87 15
2409 49 46 14
2410 52 37 13
2411 13 68 10
2412 86 61 12
2413 29 34 10
2414 74 55 10
2415 81 73 15
2416 79 56 15
2417 44 14 10
2418 36 35 10
2419 52 6 11
2420 15 4 14
2421 12 49 11
2422 53 79 13
2423 61 20 13
2424 64 30 11
2425 22 48 11
2426 62 25 10
2427 72 52 14
2428 22 38 11
2429 53 74 14
2430 9 16 10
2431 5 55 13
2432 71 78 13
2433 58 15 12
2434 11 81 12
2435 59 1 10
2436 20 79 14
2437 27 86 14
2438 10 48 12
2439 49 3 13
2440 87 13 12
2441 5 0 13
2442 81 86 13
2443 44 21 14
2444 42 25 10
2445 4 33 12
2446 47 60 15
2447 83 65 13
2448 68 42 14
2449 23 19 11
2450 2 49 12
2451 61 82 13
2452 14 38 12
2453 17 81 10
2454 84 0 11
2455 36 18 10
2456 59 22 10
2457 63 3 12
2458 82 3 15
2459 85 71 10
2460 62 78 13
2461 10 55 13
2462 30 5 12
2463 49 43 14
2464 28 50 12
2465 77 69 10
2466 86 80 15
2467 12 52 15
2468 53 45 14
2469 28 54 13
2470 19 4 14
2471 48 8 15
2472 3 17 10
2473 30 2 15
2474 46 3 14
2475 48 30 14
2476 62 70 11
2477 37 67 14
2478 9 34 13
2479 0 86 14
2480 18 33 15
2481 56 38 10
2482 59 72 15
2483 38 26 12
2484 39 36 10
2485 85 59 12
2486 48 54 13
2487 50 23 10
2488 28 21 11
2489 79 47 10
2490 14 86 14
2491 61 49 10
2492 5 24 11
2493 43 64 15
2494 48 85 13
2495 79 28 14
2496 68 27 15
2497 2 34 12
2498 11 50 15
2499 60 23 14
2500 10 76 11
2501 1 34 11
2502 4 11 14
2503 46 74 10
2504 44 20 13
2505 10 70 13
2506 50 44 13
2507 62 23 11
2508 35 13 11
2509 65 49 12
2510 66 39 10
2511 6 12 15
2512 72 45 14
2513 77 80 15
2514 23 20 11
2515 22 34 12
2516 33 3 15
2517 10 44 14
2518 80 22 15
2519 16 17 10
2520 75 62 13
2521 86 35 14
2522 49 8 14
2523 21 44 12
2524 75 15 12
2525 28 22 10
2526 14 61 11
2527 35 44 13
2528 7 44 10
2529 81 4 14
2530 52 14 13
2531 65 0 14
2532 63 14 11
2533 56 25 11
2534 33 19 10
2535 7 28 13
2536 47 74 11
2537 40 61 10
2538 61 83 15
2539 73 20 14
2540 0 33 15
2541 55 73 15
2542 9 8 15
2543 56 18 10
2544 83 29 13
2545 6 23 15
2546 55 9 13
2547 62 11 13
2548 63 6 11
2549 18 37 10
2550 4 21 13
2551 2 68 11
2552 2 74 10
2553 81 15 14
2554 30 68 12
2555 8 42 11
2556 11 86 10
2557 66 76 11
2558 29 6 13
2559 29 75 13
2560 18 72 14
2561 66 60 11
2562 59 9 11
2563 5 38 11
2564 29 64 13
2565 85 51 14
2566 2 75 10
2567 1 61 15
2568 58 78 13
2569 58 4 14
2570 59 67 12
2571 31 75 14
2572 8 24 14
2573 41 39 10
2574 83 33 12
2575 68 86 15
2576 42 15 14
2577 35 21 15
2578 83 64 12
2579 42 8 10
2580 67 77 11
2581 81 13 13
2582 12 0 14
2583 85 57 12
2584 68 41 11
2585 76 55 12
2586 86 50 15
2587 1 71 15
2588 32 63 13
2589 30 65 14
2590 15 57 13
2591 68 28 12
2592 24 16 12
2593 60 67 10
2594 14 1 15
2595 77 66 14
2596 61 32 12
2597 25 11 13
2598 78 14 15
2599 14 76 15
2600 73 23 11
2601 3 48 15
2602 66 37 11
2603 40 20 12
2604 15 76 11
2605 83 37 13
2606 3 67 13
2607 45 24 12
2608 68 83 14
2609 71 26 11
2610 42 85 14
2611 46 14 11
2612 8 52 15
2613 76 47 12
2614 25 17 11
2615 28 44 12
2616 15 53 14
2617 63 70 14
2618 63 60 13
2619 20 6 12
2620 63 15 14
2621 65 70 15
2622 34 18 13
2623 36 45 12
2624 27 76 11
2625 34 62 13
2626 76 51 12
2627 47 34 12
2628 0 53 13
2629 75 38 11
2630 20 65 11
2631 50 74 11
2632 0 80 14
2633 12 82 15
2634 69 62 11
2635 14 83 11
2636 72 69 15
2637 24 2 11
2638 45 54 15
2639 82 43 13
