otherCase
0
1 30
2 41
3 30
4 30
5 25
6 28
7 29
8 23
9 23
10 44
11 25
12 22
13 20
14 25
15 35
16 29
17 63
18 22
19 22
20 20
21 22
22 22
23 23
24 39
25 25
26 20
27 20
28 28
29 29
30 30
31 28
32 20
33 53
34 20
35 35
36 20
37 28
38 28
39 39
40 23
41 41
42 29
43 29
44 44
45 41
46 20
47 20
48 28
49 39
50 20
51 28
52 25
53 53
54 29
55 23
56 56
57 57
58 20
59 29
60 63
61 30
62 25
63 63
64 35
65 44
66 22
67 29
68 23
69 69
70 23
71 30
72 20
73 41
74 23
75 23
76 63
77 25
78 20
79 25
80 28
81 22
82 30
83 53
84 20
85 22
1
0 30
2 18
3 18
4 30
5 5
6 5
7 67
8 52
9 43
10 18
11 5
12 5
13 45
14 18
15 18
16 30
17 58
18 18
19 5
20 5
21 5
22 18
23 18
24 52
25 5
26 73
27 48
28 18
29 43
30 30
31 43
32 5
33 70
34 18
35 5
36 5
37 59
38 70
39 30
40 43
41 45
42 45
43 43
44 59
45 45
46 58
47 52
48 48
49 45
50 58
51 43
52 52
53 5
54 30
55 5
56 5
57 59
58 58
59 59
60 60
61 30
62 43
63 63
64 18
65 73
66 52
67 67
68 18
69 18
70 70
71 18
72 30
73 73
74 74
75 75
76 52
77 83
78 43
79 43
80 18
81 45
82 5
83 83
84 30
85 45
2
0 41
1 18
3 18
4 47
5 12
6 34
7 74
8 12
9 64
10 18
11 12
12 12
13 34
14 18
15 18
16 41
17 40
18 18
19 12
20 32
21 47
22 12
23 18
24 24
25 40
26 18
27 40
28 18
29 32
30 18
31 12
32 32
33 64
34 34
35 34
36 12
37 62
38 24
39 24
40 40
41 41
42 34
43 12
44 41
45 41
46 41
47 47
48 74
49 24
50 32
51 12
52 52
53 18
54 12
55 18
56 12
57 40
58 52
59 41
60 64
61 12
62 62
63 83
64 64
65 64
66 12
67 18
68 12
69 18
70 70
71 12
72 40
73 41
74 74
75 24
76 52
77 12
78 40
79 34
80 18
81 32
82 32
83 83
84 41
85 34
3
0 30
1 18
2 18
4 14
5 19
6 19
7 7
8 19
9 14
10 10
11 10
12 19
13 16
14 14
15 15
16 16
17 40
18 18
19 19
20 53
21 16
22 18
23 18
24 10
25 14
26 15
27 10
28 18
29 7
30 30
31 53
32 10
33 10
34 7
35 15
36 15
37 7
38 73
39 7
40 40
41 41
42 15
43 10
44 44
45 41
46 15
47 10
48 7
49 7
50 10
51 51
52 10
53 53
54 10
55 10
56 15
57 10
58 14
59 41
60 73
61 7
62 14
63 7
64 14
65 44
66 10
67 7
68 10
69 15
70 15
71 10
72 10
73 73
74 7
75 53
76 19
77 15
78 14
79 10
80 18
81 41
82 30
83 53
84 14
85 16
4
0 30
1 30
2 47
3 14
5 6
6 6
7 14
8 47
9 14
10 47
11 69
12 6
13 69
14 14
15 69
16 30
17 14
18 14
19 6
20 47
21 30
22 6
23 72
24 14
25 14
26 76
27 72
28 6
29 47
30 30
31 6
32 14
33 14
34 6
35 47
36 6
37 37
38 6
39 14
40 72
41 14
42 6
43 14
44 69
45 69
46 47
47 47
48 6
49 37
50 6
51 6
52 47
53 30
54 30
55 6
56 6
57 6
58 76
59 37
60 14
61 30
62 14
63 76
64 14
65 6
66 6
67 14
68 14
69 69
70 30
71 30
72 72
73 6
74 37
75 69
76 76
77 14
78 14
79 6
80 6
81 14
82 30
83 37
84 14
85 72
5
0 25
1 1
2 12
3 19
4 1
6 19
7 1
8 12
9 43
10 32
11 25
12 12
13 1
14 25
15 53
16 21
17 1
18 1
19 19
20 25
21 21
22 12
23 25
24 52
25 25
26 1
27 25
28 1
29 32
30 1
31 43
32 32
33 53
34 12
35 19
36 19
37 1
38 1
39 1
40 25
41 82
42 21
43 43
44 1
45 1
46 1
47 21
48 1
49 21
50 32
51 12
52 52
53 53
54 12
55 25
56 56
57 56
58 1
59 1
60 1
61 19
62 25
63 1
64 32
65 1
66 12
67 1
68 12
69 82
70 1
71 12
72 1
73 1
74 1
75 1
76 19
77 12
78 21
79 25
80 52
81 32
82 82
83 1
84 25
85 1
6
0 28
1 4
2 34
3 19
4 4
5 19
7 19
8 19
9 55
10 57
11 4
12 19
13 34
14 4
15 4
16 4
17 19
18 28
19 19
20 28
21 4
22 19
23 55
24 19
25 55
26 4
27 72
28 28
29 4
30 4
31 28
32 19
33 4
34 34
35 19
36 19
37 4
38 28
39 28
40 57
41 57
42 34
43 19
44 65
45 4
46 4
47 4
48 28
49 57
50 50
51 19
52 4
53 4
54 34
55 55
56 19
57 57
58 50
59 57
60 34
61 19
62 4
63 4
64 65
65 65
66 65
67 57
68 19
69 4
70 4
71 4
72 72
73 65
74 28
75 28
76 4
77 19
78 28
79 34
80 28
81 19
82 50
83 57
84 55
85 34
7
0 29
1 67
2 74
3 3
4 3
5 3
6 3
8 39
9 3
10 3
11 29
12 3
13 3
14 3
15 3
16 3
17 3
18 3
19 3
20 3
21 74
22 39
23 29
24 39
25 3
26 3
27 67
28 39
29 29
30 3
31 3
32 29
33 61
34 39
35 39
36 61
37 74
38 61
39 39
40 3
41 3
42 29
43 29
44 3
45 67
46 3
47 29
48 39
49 39
50 29
51 3
52 29
53 3
54 29
55 29
56 3
57 67
58 29
59 29
60 3
61 61
62 3
63 29
64 3
65 3
66 29
67 67
68 29
69 3
70 3
71 3
72 39
73 3
74 74
75 29
76 3
77 3
78 3
79 74
80 3
81 3
82 3
83 3
84 61
85 3
8
0 23
1 52
2 12
3 19
4 47
5 12
6 19
7 39
9 12
10 24
11 12
12 12
13 23
14 39
15 56
16 19
17 63
18 23
19 19
20 23
21 47
22 12
23 23
24 24
25 23
26 19
27 23
28 39
29 23
30 39
31 63
32 19
33 77
34 39
35 19
36 19
37 83
38 24
39 39
40 23
41 23
42 52
43 12
44 79
45 56
46 47
47 47
48 39
49 24
50 19
51 12
52 52
53 24
54 12
55 23
56 56
57 47
58 52
59 56
60 63
61 19
62 47
63 63
64 47
65 83
66 12
67 24
68 12
69 12
70 12
71 12
72 23
73 19
74 23
75 23
76 19
77 77
78 12
79 79
80 52
81 83
82 12
83 83
84 63
85 12
9
0 14
1 43
2 64
3 14
4 14
5 43
6 55
7 14
8 14
10 43
11 14
12 43
13 31
14 14
15 70
16 14
17 17
18 14
19 14
20 14
21 60
22 14
23 55
24 38
25 14
26 17
27 48
28 31
29 43
30 70
31 31
32 14
33 14
34 14
35 64
36 17
37 37
38 38
39 14
40 17
41 14
42 38
43 43
44 64
45 60
46 64
47 14
48 48
49 37
50 38
51 43
52 70
53 31
54 37
55 55
56 14
57 55
58 17
59 37
60 60
61 38
62 14
63 17
64 64
65 31
66 60
67 14
68 14
69 14
70 70
71 17
72 64
73 38
74 37
75 38
76 70
77 14
78 14
79 43
80 38
81 70
82 64
83 37
84 14
85 14
10
0 44
1 18
2 18
3 3
4 47
5 32
6 57
7 3
8 24
9 43
11 11
12 43
13 16
14 3
15 3
16 16
17 71
18 18
19 3
20 27
21 16
22 18
23 18
24 24
25 11
26 27
27 27
28 18
29 11
30 3
31 43
32 32
33 33
34 54
35 11
36 27
37 54
38 24
39 24
40 3
41 3
42 3
43 43
44 44
45 67
46 27
47 47
48 27
49 24
50 32
51 3
52 24
53 3
54 54
55 57
56 54
57 57
58 11
59 44
60 71
61 33
62 43
63 11
64 18
65 44
66 71
67 67
68 68
69 11
70 33
71 71
72 72
73 3
74 67
75 24
76 11
77 32
78 43
79 79
80 18
81 32
82 11
83 33
84 54
85 16
11
0 25
1 10
2 10
3 10
4 69
5 25
6 10
7 29
8 10
9 10
10 10
12 54
13 16
14 25
15 35
16 16
17 10
18 10
19 35
20 25
21 16
22 35
23 25
24 10
25 25
26 27
27 27
28 10
29 29
30 16
31 53
32 10
33 10
34 35
35 35
36 27
37 54
38 10
39 35
40 25
41 16
42 29
43 10
44 44
45 69
46 27
47 10
48 27
49 10
50 82
51 44
52 25
53 53
54 54
55 25
56 35
57 10
58 76
59 29
60 10
61 10
62 25
63 29
64 35
65 44
66 82
67 10
68 10
69 69
70 76
71 10
72 10
73 10
74 10
75 29
76 76
77 25
78 53
79 10
80 82
81 10
82 82
83 53
84 25
85 16
12
0 22
1 5
2 2
3 19
4 2
5 5
6 19
7 2
8 8
9 43
10 43
11 54
13 70
14 68
15 56
16 2
17 71
18 2
19 19
20 2
21 5
22 22
23 8
24 2
25 5
26 19
27 2
28 51
29 43
30 54
31 43
32 2
33 70
34 2
35 19
36 19
37 54
38 70
39 8
40 2
41 2
42 66
43 43
44 51
45 56
46 70
47 2
48 43
49 70
50 2
51 51
52 2
53 5
54 54
55 5
56 56
57 51
58 2
59 56
60 66
61 19
62 2
63 8
64 2
65 66
66 66
67 43
68 68
69 71
70 70
71 71
72 2
73 2
74 2
75 68
76 19
77 77
78 43
79 8
80 2
81 22
82 5
83 2
84 51
85 22
13
0 20
1 45
2 34
3 16
4 69
5 16
6 34
7 16
8 23
9 31
10 16
11 16
12 70
14 16
15 44
16 16
17 58
18 23
19 76
20 20
21 16
22 85
23 23
24 16
25 20
26 20
27 16
28 20
29 16
30 16
31 31
32 20
33 16
34 34
35 34
36 20
37 83
38 31
39 34
40 23
41 16
42 34
43 31
44 44
45 45
46 20
47 20
48 58
49 45
50 50
51 44
52 58
53 20
54 34
55 23
56 45
57 83
58 58
59 44
60 60
61 16
62 58
63 31
64 44
65 65
66 60
67 45
68 23
69 69
70 70
71 71
72 20
73 60
74 23
75 23
76 76
77 83
78 20
79 34
80 20
81 45
82 50
83 83
84 20
85 85
14
0 25
1 18
2 18
3 3
4 4
5 25
6 4
7 3
8 39
9 9
10 3
11 25
12 68
13 3
15 3
16 3
17 9
18 18
19 3
20 25
21 47
22 18
23 18
24 39
25 25
26 33
27 25
28 18
29 32
30 3
31 9
32 32
33 33
34 39
35 39
36 33
37 4
38 9
39 39
40 3
41 41
42 41
43 9
44 3
45 41
46 41
47 47
48 9
49 39
50 32
51 3
52 25
53 3
54 64
55 9
56 62
57 41
58 62
59 41
60 9
61 33
62 62
63 84
64 64
65 64
66 9
67 67
68 68
69 4
70 9
71 18
72 4
73 3
74 67
75 68
76 4
77 25
78 78
79 25
80 18
81 32
82 32
83 33
84 84
85 84
15
0 35
1 18
2 18
3 3
4 69
5 53
6 3
7 3
8 56
9 70
10 3
11 35
12 56
13 44
14 3
16 3
17 26
18 18
19 3
20 26
21 35
22 18
23 18
24 53
25 62
26 26
27 26
28 18
29 42
30 3
31 53
32 18
33 26
34 35
35 35
36 36
37 62
38 42
39 35
40 3
41 3
42 42
43 53
44 44
45 42
46 46
47 35
48 74
49 70
50 18
51 3
52 42
53 53
54 56
55 36
56 56
57 56
58 42
59 44
60 70
61 36
62 62
63 42
64 18
65 42
66 42
67 67
68 68
69 69
70 70
71 18
72 35
73 3
74 74
75 53
76 26
77 77
78 36
79 79
80 18
81 26
82 42
83 42
84 3
85 3
16
0 29
1 30
2 41
3 3
4 30
5 21
6 3
7 3
8 3
9 3
10 10
11 11
12 3
13 13
14 3
15 3
17 3
18 3
19 3
20 13
21 21
22 21
23 13
24 10
25 11
26 27
27 27
28 3
29 29
30 30
31 13
32 10
33 33
34 13
35 11
36 27
37 10
38 3
39 30
40 3
41 41
42 21
43 10
44 3
45 13
46 27
47 10
48 27
49 21
50 13
51 3
52 10
53 3
54 10
55 10
56 21
57 10
58 13
59 29
60 13
61 30
62 3
63 29
64 33
65 13
66 10
67 10
68 10
69 11
70 13
71 10
72 10
73 3
74 21
75 29
76 11
77 33
78 21
79 10
80 3
81 41
82 11
83 13
84 30
85 85
17
0 63
1 58
2 40
3 40
4 9
5 9
6 9
7 36
8 63
9 9
10 71
11 26
12 71
13 58
14 9
15 26
16 26
18 71
19 36
20 26
21 60
22 26
23 40
24 9
25 40
26 26
27 26
28 9
29 63
30 71
31 9
32 9
33 26
34 26
35 9
36 36
37 9
38 9
39 9
40 40
41 9
42 40
43 9
44 36
45 60
46 26
47 71
48 9
49 9
50 58
51 9
52 58
53 36
54 9
55 9
56 71
57 40
58 58
59 9
60 60
61 36
62 58
63 63
64 9
65 9
66 60
67 9
68 9
69 71
70 9
71 71
72 40
73 26
74 9
75 9
76 26
77 26
78 36
79 9
80 26
81 26
82 9
83 63
84 63
85 26
18
0 22
1 1
2 2
3 3
4 14
5 1
6 28
7 3
8 23
9 14
10 10
11 10
12 2
13 23
14 14
15 15
16 3
17 71
19 3
20 23
21 22
22 22
23 23
24 2
25 14
26 15
27 10
28 28
29 23
30 30
31 28
32 32
33 10
34 2
35 15
36 15
37 28
38 28
39 14
40 2
41 2
42 15
43 1
44 3
45 1
46 15
47 2
48 1
49 64
50 32
51 3
52 1
53 53
54 10
55 23
56 15
57 10
58 1
59 1
60 1
61 30
62 2
63 1
64 64
65 64
66 71
67 67
68 68
69 69
70 1
71 71
72 10
73 1
74 1
75 1
76 1
77 15
78 14
79 10
80 80
81 22
82 30
83 1
84 14
85 22
19
0 22
1 5
2 12
3 3
4 6
5 5
6 6
7 3
8 8
9 3
10 3
11 35
12 12
13 76
14 3
15 3
16 3
17 36
18 3
20 32
21 5
22 22
23 8
24 8
25 5
26 76
27 35
28 6
29 32
30 3
31 68
32 32
33 36
34 6
35 35
36 36
37 6
38 61
39 8
40 3
41 3
42 3
43 5
44 3
45 56
46 36
47 8
48 5
49 5
50 6
51 51
52 5
53 3
54 12
55 6
56 56
57 6
58 76
59 56
60 3
61 61
62 56
63 8
64 32
65 6
66 12
67 51
68 68
69 35
70 12
71 12
72 6
73 3
74 68
75 68
76 76
77 8
78 36
79 8
80 3
81 22
82 5
83 8
84 51
85 22
20
0 0
1 0
2 32
3 53
4 47
5 25
6 28
7 0
8 23
9 13
10 27
11 25
12 0
13 13
14 25
15 26
16 13
17 26
18 23
19 32
21 47
22 0
23 23
24 53
25 25
26 26
27 27
28 28
29 0
30 0
31 13
32 32
33 26
34 34
35 0
36 36
37 28
38 28
39 0
40 23
41 0
42 34
43 53
44 0
45 13
46 46
47 47
48 27
49 0
50 13
51 28
52 25
53 53
54 34
55 23
56 0
57 0
58 13
59 0
60 13
61 36
62 25
63 0
64 32
65 13
66 13
67 27
68 23
69 0
70 13
71 13
72 72
73 26
74 23
75 23
76 13
77 25
78 78
79 25
80 26
81 26
82 32
83 13
84 84
85 13
21
0 22
1 5
2 47
3 16
4 30
5 5
6 5
7 74
8 47
9 60
10 16
11 16
12 5
13 16
14 47
15 35
16 16
17 60
18 22
19 5
20 47
22 22
23 74
24 49
25 5
26 16
27 16
28 74
29 16
30 30
31 5
32 5
33 16
34 35
35 35
36 78
37 49
38 42
39 22
40 42
41 16
42 42
43 5
44 35
45 42
46 42
47 47
48 74
49 49
50 5
51 56
52 5
53 5
54 54
55 78
56 56
57 47
58 42
59 56
60 60
61 30
62 47
63 42
64 35
65 42
66 42
67 30
68 35
69 35
70 30
71 30
72 30
73 42
74 74
75 78
76 5
77 49
78 78
79 35
80 5
81 22
82 5
83 42
84 30
85 16
22
0 0
1 18
2 12
3 18
4 0
5 12
6 19
7 39
8 12
9 12
10 18
11 35
12 12
13 85
14 18
15 18
16 21
17 0
18 18
19 19
20 0
21 21
23 0
24 39
25 0
26 81
27 35
28 0
29 0
30 0
31 0
32 18
33 0
34 35
35 35
36 19
37 0
38 0
39 39
40 0
41 0
42 21
43 12
44 0
45 56
46 0
47 21
48 39
49 21
50 18
51 12
52 0
53 0
54 12
55 0
56 56
57 0
58 18
59 56
60 21
61 19
62 56
63 0
64 18
65 0
66 12
67 18
68 12
69 0
70 12
71 12
72 35
73 0
74 21
75 0
76 19
77 12
78 21
79 35
80 18
81 81
82 0
83 81
84 85
85 85
23
0 0
1 18
2 18
3 18
4 72
5 25
6 55
7 29
8 8
9 55
10 18
11 25
12 8
13 13
14 18
15 18
16 13
17 40
18 18
19 8
20 20
21 74
22 0
24 8
25 25
26 20
27 27
28 0
29 29
30 0
31 13
32 18
33 70
34 13
35 0
36 20
37 74
38 70
39 0
40 40
41 41
42 29
43 29
44 0
45 13
46 20
47 8
48 27
49 70
50 13
51 41
52 8
53 0
54 29
55 55
56 0
57 0
58 13
59 29
60 13
61 72
62 25
63 0
64 18
65 13
66 8
67 18
68 68
69 0
70 70
71 13
72 72
73 41
74 74
75 75
76 13
77 8
78 20
79 8
80 18
81 41
82 41
83 8
84 20
85 13
24
0 39
1 52
2 2
3 10
4 2
5 52
6 2
7 39
8 8
9 38
10 10
11 10
12 2
13 2
14 39
15 53
16 10
17 2
18 2
19 8
20 53
21 49
22 39
23 8
25 52
26 10
27 10
28 38
29 53
30 39
31 38
32 2
33 10
34 2
35 39
36 53
37 49
38 38
39 39
40 2
41 2
42 38
43 10
44 10
45 49
46 2
47 2
48 39
49 49
50 38
51 39
52 52
53 53
54 10
55 8
56 8
57 10
58 52
59 2
60 2
61 38
62 2
63 8
64 2
65 2
66 52
67 67
68 10
69 75
70 2
71 10
72 10
73 38
74 2
75 75
76 52
77 8
78 53
79 8
80 38
81 2
82 2
83 2
84 75
85 2
25
0 0
1 5
2 40
3 14
4 14
5 5
6 55
7 0
8 23
9 14
10 11
11 11
12 5
13 20
14 14
15 62
16 11
17 40
18 14
19 5
20 20
21 5
22 0
23 23
24 52
26 20
27 27
28 0
29 0
30 0
31 0
32 5
33 14
34 20
35 0
36 20
37 62
38 0
39 0
40 40
41 0
42 40
43 5
44 0
45 0
46 20
47 14
48 27
49 77
50 5
51 84
52 52
53 0
54 11
55 55
56 0
57 0
58 52
59 0
60 0
61 84
62 62
63 0
64 14
65 0
66 52
67 14
68 14
69 0
70 23
71 62
72 20
73 84
74 23
75 23
76 11
77 77
78 14
79 79
80 52
81 0
82 5
83 62
84 84
85 27
26
0 20
1 73
2 15
3 15
4 76
5 15
6 20
7 15
8 15
9 17
10 27
11 27
12 15
13 20
14 33
15 15
16 27
17 17
18 15
19 76
20 20
21 15
22 81
23 20
24 15
25 20
27 27
28 20
29 15
30 15
31 15
32 20
33 33
34 20
35 15
36 15
37 15
38 73
39 15
40 17
41 46
42 15
43 15
44 15
45 81
46 46
47 20
48 27
49 15
50 17
51 15
52 76
53 15
54 15
55 15
56 15
57 15
58 17
59 73
60 17
61 33
62 15
63 17
64 33
65 73
66 15
67 15
68 15
69 15
70 15
71 17
72 20
73 73
74 15
75 15
76 76
77 15
78 20
79 15
80 80
81 81
82 33
83 33
84 20
85 27
27
0 20
1 48
2 40
3 10
4 72
5 25
6 72
7 67
8 23
9 48
10 10
11 11
12 10
13 16
14 25
15 26
16 16
17 26
18 10
19 35
20 20
21 16
22 35
23 23
24 10
25 25
26 26
28 20
29 11
30 16
31 53
32 10
33 10
34 20
35 35
36 36
37 10
38 10
39 35
40 40
41 16
42 40
43 10
44 44
45 67
46 46
47 10
48 48
49 10
50 10
51 44
52 25
53 53
54 10
55 23
56 35
57 10
58 46
59 44
60 10
61 36
62 25
63 46
64 35
65 44
66 10
67 67
68 10
69 11
70 23
71 10
72 72
73 26
74 23
75 23
76 11
77 25
78 20
79 10
80 26
81 26
82 11
83 53
84 20
85 85
28
0 0
1 18
2 18
3 18
4 6
5 0
6 6
7 39
8 39
9 31
10 18
11 0
12 51
13 20
14 18
15 18
16 0
17 0
18 18
19 6
20 20
21 74
22 0
23 0
24 38
25 0
26 20
27 20
29 0
30 0
31 31
32 18
33 0
34 6
35 0
36 20
37 37
38 38
39 39
40 78
41 0
42 38
43 31
44 0
45 0
46 20
47 20
48 48
49 37
50 6
51 51
52 80
53 0
54 37
55 6
56 0
57 0
58 48
59 37
60 0
61 38
62 37
63 0
64 18
65 6
66 6
67 18
68 68
69 0
70 38
71 18
72 6
73 38
74 74
75 75
76 0
77 0
78 78
79 74
80 80
81 80
82 80
83 37
84 20
85 0
29
0 0
1 43
2 32
3 7
4 47
5 32
6 0
7 7
8 23
9 43
10 11
11 11
12 43
13 16
14 32
15 42
16 16
17 63
18 23
19 32
20 0
21 16
22 0
23 23
24 53
25 0
26 0
27 11
28 0
30 0
31 43
32 32
33 16
34 42
35 0
36 44
37 54
38 42
39 0
40 23
41 41
42 42
43 43
44 44
45 41
46 41
47 47
48 43
49 0
50 32
51 41
52 42
53 53
54 54
55 23
56 0
57 0
58 42
59 59
60 63
61 7
62 43
63 63
64 32
65 42
66 42
67 67
68 68
69 0
70 23
71 47
72 23
73 41
74 7
75 75
76 11
77 32
78 43
79 43
80 0
81 32
82 11
83 42
84 41
85 16
30
0 0
1 1
2 18
3 3
4 4
5 1
6 4
7 3
8 39
9 70
10 3
11 16
12 54
13 16
14 3
15 3
16 16
17 71
18 18
19 3
20 0
21 21
22 0
23 0
24 39
25 0
26 0
27 16
28 0
29 0
31 53
32 18
33 16
34 39
35 0
36 53
37 4
38 61
39 39
40 3
41 0
42 21
43 1
44 0
45 1
46 70
47 4
48 1
49 21
50 82
51 3
52 1
53 53
54 54
55 84
56 0
57 0
58 1
59 1
60 1
61 61
62 71
63 0
64 18
65 0
66 71
67 67
68 18
69 0
70 70
71 71
72 72
73 1
74 1
75 1
76 4
77 0
78 21
79 0
80 18
81 70
82 82
83 1
84 84
85 16
31
0 28
1 43
2 9
3 53
4 9
5 43
6 28
7 28
8 63
9 9
10 43
11 53
12 43
13 13
14 9
15 53
16 13
17 9
18 28
19 68
20 13
21 9
22 13
23 13
24 38
25 9
26 9
27 53
28 28
29 43
30 53
32 53
33 53
34 13
35 68
36 53
37 9
38 38
39 28
40 43
41 9
42 38
43 43
44 13
45 13
46 63
47 9
48 9
49 38
50 13
51 28
52 9
53 53
54 43
55 9
56 13
57 9
58 13
59 9
60 9
61 38
62 43
63 63
64 9
65 65
66 65
67 43
68 68
69 13
70 9
71 13
72 9
73 38
74 28
75 28
76 13
77 13
78 28
79 43
80 28
81 9
82 9
83 13
84 63
85 13
32
0 20
1 5
2 2
3 10
4 14
5 5
6 19
7 29
8 19
9 14
10 10
11 10
12 2
13 20
14 14
15 18
16 10
17 2
18 18
19 19
20 20
21 5
22 18
23 18
24 2
25 5
26 20
27 10
28 18
29 29
30 18
31 53
33 10
34 2
35 19
36 19
37 64
38 50
39 14
40 2
41 2
42 29
43 5
44 10
45 81
46 20
47 2
48 2
49 64
50 50
51 19
52 2
53 53
54 10
55 5
56 5
57 10
58 50
59 29
60 64
61 19
62 2
63 29
64 64
65 50
66 82
67 10
68 10
69 18
70 2
71 10
72 10
73 2
74 2
75 29
76 19
77 77
78 14
79 10
80 18
81 81
82 82
83 2
84 14
85 2
33
0 53
1 70
2 64
3 10
4 14
5 53
6 10
7 61
8 77
9 14
10 10
11 10
12 70
13 16
14 14
15 26
16 16
17 26
18 10
19 36
20 26
21 16
22 10
23 70
24 10
25 14
26 26
27 10
28 10
29 16
30 16
31 53
32 10
34 10
35 64
36 36
37 64
38 61
39 14
40 10
41 14
42 64
43 10
44 10
45 10
46 26
47 10
48 10
49 64
50 82
51 53
52 70
53 53
54 10
55 36
56 10
57 10
58 64
59 10
60 64
61 61
62 14
63 83
64 64
65 64
66 82
67 10
68 10
69 82
70 70
71 10
72 10
73 26
74 10
75 53
76 26
77 77
78 14
79 10
80 26
81 26
82 82
83 83
84 14
85 16
34
0 20
1 2
2 2
3 2
4 6
5 2
6 6
7 39
8 39
9 2
10 54
11 35
12 2
13 13
14 39
15 35
16 13
17 2
18 2
19 6
20 20
21 35
22 35
23 13
24 2
25 20
26 20
27 20
28 6
29 42
30 39
31 13
32 2
33 2
35 35
36 20
37 54
38 42
39 39
40 2
41 2
42 42
43 54
44 13
45 13
46 20
47 2
48 39
49 39
50 6
51 39
52 2
53 20
54 54
55 6
56 35
57 6
58 13
59 2
60 13
61 6
62 2
63 42
64 2
65 6
66 42
67 54
68 35
69 69
70 2
71 13
72 6
73 42
74 2
75 69
76 13
77 79
78 20
79 79
80 2
81 42
82 42
83 2
84 20
85 85
35
0 0
1 0
2 34
3 15
4 47
5 19
6 19
7 39
8 19
9 64
10 11
11 11
12 19
13 34
14 39
15 15
16 11
17 0
18 15
19 19
20 0
21 21
22 22
23 0
24 39
25 0
26 15
27 27
28 0
29 0
30 0
31 68
32 19
33 64
34 34
36 15
37 64
38 0
39 39
40 27
41 0
42 15
43 79
44 44
45 56
46 15
47 47
48 27
49 21
50 11
51 19
52 47
53 0
54 11
55 0
56 56
57 0
58 64
59 44
60 21
61 19
62 15
63 0
64 64
65 44
66 11
67 15
68 68
69 69
70 15
71 47
72 72
73 0
74 15
75 68
76 11
77 15
78 21
79 79
80 0
81 22
82 11
83 47
84 0
85 22
36
0 20
1 15
2 15
3 15
4 15
5 19
6 19
7 61
8 19
9 17
10 27
11 27
12 19
13 20
14 33
15 15
16 27
17 17
18 15
19 19
20 20
21 78
22 19
23 20
24 53
25 20
26 15
27 27
28 20
29 44
30 53
31 53
32 19
33 33
34 20
35 15
37 15
38 61
39 15
40 17
41 44
42 15
43 53
44 44
45 15
46 46
47 20
48 27
49 15
50 17
51 19
52 15
53 53
54 15
55 55
56 15
57 55
58 17
59 44
60 17
61 61
62 15
63 17
64 33
65 44
66 15
67 15
68 15
69 15
70 15
71 17
72 20
73 15
74 15
75 53
76 19
77 15
78 78
79 15
80 46
81 15
82 33
83 33
84 20
85 27
37
0 28
1 59
2 62
3 4
4 4
5 9
6 4
7 74
8 83
9 9
10 54
11 54
12 54
13 83
14 4
15 62
16 4
17 9
18 28
19 4
20 28
21 49
22 28
23 74
24 49
25 62
26 4
27 4
28 28
29 54
30 4
31 9
32 64
33 64
34 54
35 64
36 9
38 9
39 28
40 4
41 59
42 64
43 9
44 59
45 49
46 64
47 4
48 9
49 49
50 4
51 28
52 4
53 83
54 54
55 9
56 54
57 49
58 62
59 59
60 9
61 4
62 62
63 83
64 64
65 64
66 83
67 54
68 28
69 4
70 9
71 62
72 4
73 59
74 74
75 28
76 4
77 49
78 28
79 62
80 28
81 83
82 62
83 83
84 54
85 4
38
0 28
1 70
2 24
3 73
4 9
5 9
6 28
7 61
8 24
9 9
10 24
11 24
12 70
13 31
14 9
15 42
16 24
17 9
18 28
19 61
20 28
21 42
22 24
23 70
24 24
25 9
26 73
27 9
28 28
29 42
30 61
31 31
32 50
33 61
34 42
35 9
36 61
37 9
39 24
40 42
41 42
42 42
43 9
44 9
45 42
46 42
47 9
48 9
49 49
50 50
51 28
52 24
53 24
54 9
55 9
56 24
57 49
58 42
59 73
60 9
61 61
62 9
63 31
64 9
65 31
66 42
67 24
68 28
69 75
70 70
71 9
72 61
73 73
74 28
75 75
76 70
77 49
78 28
79 9
80 80
81 42
82 42
83 42
84 61
85 31
39
0 0
1 30
2 24
3 7
4 14
5 0
6 28
7 7
8 8
9 14
10 24
11 35
12 8
13 34
14 14
15 35
16 30
17 0
18 14
19 8
20 0
21 22
22 22
23 0
24 24
25 0
26 0
27 35
28 28
29 0
30 30
31 28
32 14
33 14
34 34
35 35
36 0
37 28
38 24
40 72
41 41
42 34
43 48
44 0
45 41
46 41
47 8
48 48
49 49
50 14
51 51
52 8
53 0
54 30
55 0
56 0
57 0
58 48
59 41
60 0
61 7
62 14
63 0
64 14
65 0
66 8
67 7
68 14
69 0
70 30
71 30
72 72
73 41
74 7
75 24
76 0
77 8
78 14
79 8
80 28
81 22
82 30
83 8
84 14
85 22
40
0 23
1 43
2 2
3 3
4 72
5 25
6 57
7 3
8 23
9 17
10 3
11 25
12 2
13 23
14 3
15 3
16 3
17 17
18 2
19 3
20 23
21 42
22 2
23 23
24 2
25 25
26 17
27 27
28 78
29 23
30 3
31 43
32 2
33 2
34 2
35 27
36 17
37 2
38 42
39 72
41 2
42 42
43 43
44 3
45 42
46 27
47 2
48 27
49 57
50 2
51 3
52 2
53 3
54 43
55 23
56 57
57 57
58 17
59 57
60 17
61 72
62 2
63 17
64 2
65 42
66 42
67 27
68 23
69 72
70 2
71 17
72 72
73 3
74 2
75 23
76 2
77 25
78 78
79 25
80 2
81 42
82 42
83 2
84 25
85 27
41
0 0
1 45
2 2
3 3
4 14
5 82
6 57
7 3
8 23
9 14
10 3
11 16
12 2
13 16
14 14
15 3
16 16
17 0
18 2
19 3
20 0
21 16
22 0
23 23
24 2
25 0
26 46
27 16
28 0
29 29
30 0
31 0
32 2
33 14
34 2
35 0
36 44
37 59
38 42
39 39
40 2
42 42
43 29
44 44
45 45
46 46
47 2
48 39
49 39
50 82
51 51
52 2
53 0
54 29
55 23
56 0
57 57
58 42
59 59
60 45
61 84
62 2
63 0
64 64
65 42
66 42
67 14
68 14
69 0
70 70
71 64
72 23
73 73
74 2
75 23
76 70
77 0
78 14
79 44
80 46
81 81
82 82
83 2
84 84
85 16
42
0 29
1 45
2 34
3 15
4 15
5 21
6 34
7 29
8 52
9 38
10 15
11 29
12 66
13 34
14 41
15 15
16 21
17 40
18 15
19 15
20 34
21 21
22 21
23 29
24 38
25 40
26 15
27 40
28 38
29 29
30 21
31 38
32 29
33 64
34 34
35 15
36 15
37 64
38 38
39 34
40 40
41 41
43 29
44 15
45 45
46 46
47 21
48 58
49 21
50 38
51 41
52 52
53 15
54 21
55 15
56 15
57 40
58 58
59 29
60 21
61 38
62 15
63 63
64 64
65 65
66 66
67 15
68 15
69 15
70 70
71 64
72 40
73 73
74 15
75 29
76 52
77 15
78 21
79 15
80 38
81 81
82 82
83 83
84 41
85 34
43
0 29
1 1
2 12
3 10
4 1
5 5
6 5
7 29
8 12
9 9
10 10
11 10
12 12
13 31
14 9
15 53
16 10
17 9
18 1
19 5
20 53
21 5
22 12
23 29
24 10
25 5
26 1
27 10
28 31
29 29
30 1
31 31
32 5
33 10
34 54
35 79
36 53
37 9
38 9
39 48
40 40
41 29
42 29
44 10
45 1
46 1
47 10
48 48
49 83
50 1
51 51
52 1
53 53
54 54
55 9
56 5
57 10
58 1
59 1
60 1
61 1
62 62
63 1
64 9
65 31
66 12
67 67
68 10
69 1
70 1
71 10
72 10
73 1
74 1
75 1
76 1
77 12
78 78
79 79
80 1
81 83
82 5
83 83
84 51
85 1
44
0 0
1 59
2 41
3 3
4 69
5 0
6 65
7 3
8 79
9 64
10 10
11 11
12 51
13 13
14 3
15 15
16 3
17 36
18 3
19 3
20 0
21 35
22 0
23 0
24 10
25 0
26 15
27 27
28 0
29 29
30 0
31 13
32 10
33 10
34 13
35 35
36 36
37 59
38 0
39 0
40 3
41 41
42 15
43 10
45 13
46 46
47 10
48 27
49 64
50 13
51 51
52 0
53 0
54 10
55 36
56 0
57 0
58 13
59 59
60 13
61 36
62 15
63 0
64 64
65 65
66 65
67 10
68 10
69 69
70 13
71 10
72 10
73 3
74 15
75 29
76 11
77 15
78 36
79 79
80 46
81 41
82 11
83 13
84 41
85 13
45
0 41
1 1
2 41
3 41
4 69
5 1
6 13
7 67
8 56
9 60
10 67
11 69
12 56
13 13
14 41
15 42
16 13
17 60
18 1
19 56
20 13
21 42
22 56
23 13
24 49
25 1
26 81
27 67
28 1
29 41
30 1
31 13
32 81
33 1
34 13
35 56
36 13
37 49
38 42
39 41
40 42
41 41
42 42
43 1
44 13
46 41
47 1
48 1
49 49
50 13
51 41
52 1
53 1
54 56
55 13
56 56
57 41
58 1
59 1
60 60
61 1
62 56
63 1
64 41
65 13
66 42
67 67
68 67
69 69
70 1
71 13
72 69
73 1
74 1
75 1
76 13
77 49
78 1
79 56
80 81
81 81
82 41
83 1
84 41
85 85
46
0 20
1 58
2 41
3 15
4 47
5 15
6 20
7 15
8 47
9 64
10 27
11 27
12 70
13 20
14 41
15 15
16 27
17 26
18 15
19 36
20 20
21 42
22 15
23 20
24 15
25 20
26 26
27 27
28 20
29 41
30 70
31 63
32 20
33 26
34 20
35 15
36 36
37 64
38 42
39 41
40 27
41 41
42 42
43 15
44 44
45 41
47 47
48 27
49 64
50 58
51 41
52 42
53 15
54 64
55 36
56 15
57 41
58 58
59 41
60 63
61 36
62 15
63 63
64 64
65 42
66 42
67 15
68 15
69 15
70 70
71 47
72 20
73 26
74 15
75 70
76 26
77 15
78 20
79 15
80 80
81 26
82 41
83 42
84 20
85 27
47
0 20
1 52
2 2
3 10
4 4
5 21
6 4
7 29
8 8
9 14
10 10
11 10
12 2
13 20
14 14
15 35
16 10
17 71
18 2
19 8
20 20
21 21
22 21
23 8
24 2
25 14
26 20
27 10
28 20
29 29
30 4
31 8
32 2
33 10
34 2
35 35
36 20
37 4
38 2
39 8
40 2
41 2
42 21
43 10
44 10
45 2
46 46
48 2
49 21
50 2
51 57
52 52
53 20
54 10
55 57
56 8
57 57
58 46
59 29
60 21
61 4
62 62
63 8
64 64
65 64
66 52
67 10
68 10
69 4
70 2
71 71
72 4
73 2
74 2
75 29
76 4
77 8
78 14
79 8
80 46
81 71
82 62
83 83
84 14
85 2
48
0 28
1 1
2 74
3 1
4 1
5 1
6 28
7 39
8 39
9 9
10 27
11 27
12 43
13 58
14 9
15 74
16 27
17 9
18 1
19 1
20 27
21 74
22 39
23 27
24 39
25 27
26 27
27 27
28 28
29 43
30 1
31 9
32 1
33 1
34 39
35 27
36 27
37 9
38 9
39 39
40 27
41 39
42 58
43 43
44 27
45 1
46 27
47 1
49 39
50 58
51 28
52 1
53 27
54 43
55 9
56 1
57 1
58 58
59 1
60 1
61 1
62 43
63 1
64 9
65 1
66 1
67 1
68 28
69 1
70 1
71 1
72 27
73 1
74 74
75 1
76 58
77 1
78 28
79 43
80 28
81 1
82 1
83 1
84 1
85 27
49
0 39
1 45
2 24
3 21
4 37
5 21
6 57
7 39
8 24
9 37
10 24
11 21
12 70
13 45
14 39
15 70
16 21
17 21
18 64
19 21
20 21
21 21
22 21
23 70
24 24
25 77
26 38
27 21
28 37
29 21
30 21
31 38
32 64
33 64
34 39
35 21
36 21
37 37
38 38
39 39
40 57
41 39
42 21
43 83
44 64
45 45
46 64
47 21
48 39
50 38
51 39
52 24
53 24
54 21
55 57
56 21
57 57
58 64
59 37
60 21
61 38
62 37
63 83
64 64
65 64
66 83
67 24
68 21
69 45
70 70
71 64
72 39
73 38
74 21
75 24
76 70
77 77
78 21
79 77
80 38
81 45
82 64
83 83
84 21
85 45
50
0 6
1 58
2 32
3 6
4 6
5 32
6 6
7 32
8 6
9 38
10 32
11 82
12 6
13 13
14 32
15 13
16 13
17 58
18 32
19 6
20 13
21 13
22 6
23 13
24 38
25 6
26 13
27 6
28 6
29 32
30 82
31 13
32 32
33 82
34 6
35 6
36 6
37 6
38 38
39 6
40 6
41 82
42 38
43 13
44 13
45 13
46 58
47 6
48 58
49 38
51 6
52 58
53 32
54 6
55 6
56 6
57 6
58 58
59 6
60 13
61 38
62 58
63 13
64 32
65 65
66 65
67 6
68 6
69 13
70 13
71 13
72 6
73 38
74 6
75 38
76 13
77 32
78 6
79 6
80 38
81 32
82 82
83 13
84 6
85 13
51
0 28
1 43
2 12
3 3
4 3
5 12
6 19
7 3
8 12
9 43
10 3
11 44
12 12
13 44
14 3
15 3
16 3
17 3
18 3
19 19
20 28
21 56
22 12
23 41
24 39
25 84
26 3
27 44
28 28
29 41
30 3
31 28
32 19
33 53
34 39
35 19
36 19
37 28
38 28
39 39
40 3
41 41
42 41
43 43
44 44
45 41
46 41
47 57
48 28
49 39
50 19
52 12
53 53
54 12
55 57
56 56
57 57
58 19
59 41
60 3
61 19
62 43
63 84
64 41
65 44
66 12
67 67
68 68
69 44
70 12
71 12
72 39
73 3
74 28
75 28
76 19
77 12
78 28
79 43
80 28
81 41
82 41
83 43
84 84
85 84
52
0 25
1 1
2 2
3 1
4 47
5 5
6 2
7 1
8 8
9 70
10 24
11 25
12 2
13 58
14 25
15 42
16 1
17 58
18 1
19 5
20 25
21 5
22 1
23 8
24 24
25 25
26 76
27 25
28 80
29 42
30 1
31 1
32 2
33 70
34 2
35 47
36 5
37 1
38 24
39 8
40 2
41 2
42 42
43 1
44 1
45 1
46 42
47 47
48 1
49 24
50 58
51 1
53 5
54 1
55 25
56 5
57 47
58 58
59 1
60 1
61 1
62 2
63 1
64 2
65 42
66 66
67 1
68 1
69 1
70 70
71 47
72 1
73 1
74 1
75 1
76 76
77 8
78 1
79 8
80 80
81 42
82 5
83 1
84 25
85 1
53
0 0
1 5
2 18
3 3
4 30
5 5
6 0
7 3
8 24
9 31
10 3
11 11
12 5
13 20
14 3
15 15
16 3
17 36
18 18
19 3
20 20
21 5
22 0
23 0
24 24
25 0
26 15
27 27
28 0
29 29
30 30
31 31
32 32
33 33
34 20
35 0
36 36
37 83
38 24
39 0
40 3
41 0
42 15
43 43
44 0
45 0
46 15
47 20
48 27
49 24
50 32
51 51
52 5
54 11
55 36
56 0
57 0
58 5
59 29
60 0
61 30
62 15
63 0
64 18
65 31
66 83
67 15
68 68
69 0
70 15
71 18
72 20
73 3
74 15
75 75
76 11
77 15
78 78
79 15
80 18
81 32
82 5
83 83
84 20
85 27
54
0 29
1 30
2 12
3 10
4 30
5 12
6 34
7 29
8 12
9 37
10 10
11 11
12 12
13 34
14 64
15 56
16 10
17 10
18 10
19 12
20 34
21 21
22 12
23 29
24 10
25 11
26 10
27 10
28 37
29 29
30 30
31 43
32 10
33 10
34 34
35 11
36 10
37 37
38 10
39 30
40 43
41 29
42 21
43 43
44 10
45 56
46 64
47 10
48 43
49 21
50 10
51 12
52 10
53 11
55 84
56 56
57 10
58 64
59 29
60 21
61 30
62 37
63 29
64 64
65 64
66 12
67 67
68 10
69 11
70 12
71 10
72 10
73 84
74 21
75 29
76 11
77 12
78 21
79 10
80 10
81 10
82 11
83 37
84 84
85 34
55
0 23
1 9
2 6
3 6
4 6
5 25
6 6
7 23
8 23
9 9
10 57
11 25
12 6
13 23
14 9
15 36
16 23
17 9
18 23
19 6
20 23
21 78
22 6
23 23
24 9
25 25
26 9
27 23
28 6
29 23
30 84
31 9
32 6
33 36
34 6
35 6
36 36
37 9
38 9
39 6
40 23
41 23
42 6
43 9
44 36
45 9
46 36
47 57
48 9
49 57
50 6
51 57
52 25
53 36
54 84
56 57
57 57
58 6
59 57
60 9
61 36
62 25
63 84
64 9
65 6
66 6
67 57
68 23
69 6
70 9
71 9
72 6
73 84
74 23
75 23
76 6
77 25
78 78
79 25
80 6
81 9
82 6
83 57
84 84
85 84
56
0 0
1 5
2 12
3 15
4 0
5 5
6 19
7 0
8 8
9 5
10 54
11 35
12 12
13 45
14 62
15 15
16 21
17 71
18 15
19 19
20 0
21 21
22 22
23 0
24 8
25 0
26 15
27 35
28 0
29 0
30 0
31 0
32 5
33 0
34 35
35 35
36 15
37 54
38 0
39 0
40 57
41 0
42 15
43 5
44 0
45 45
46 15
47 8
48 0
49 21
50 5
51 51
52 5
53 0
54 54
55 57
57 57
58 62
59 59
60 21
61 19
62 62
63 0
64 35
65 0
66 12
67 15
68 12
69 0
70 12
71 71
72 35
73 59
74 15
75 0
76 19
77 8
78 21
79 79
80 0
81 22
82 5
83 8
84 51
85 22
57
0 0
1 59
2 40
3 10
4 6
5 56
6 6
7 67
8 47
9 55
10 10
11 10
12 51
13 83
14 41
15 56
16 10
17 40
18 10
19 6
20 0
21 47
22 0
23 0
24 10
25 0
26 0
27 10
28 0
29 0
30 0
31 0
32 10
33 10
34 6
35 0
36 55
37 49
38 49
39 0
40 40
41 41
42 40
43 10
44 0
45 41
46 41
47 47
48 0
49 49
50 6
51 51
52 47
53 0
54 10
55 55
56 56
58 6
59 59
60 0
61 0
62 47
63 0
64 41
65 6
66 83
67 67
68 10
69 0
70 41
71 10
72 6
73 41
74 59
75 78
76 0
77 49
78 78
79 10
80 0
81 41
82 41
83 83
84 41
85 0
58
0 1
1 1
2 52
3 1
4 76
5 1
6 50
7 1
8 52
9 17
10 1
11 76
12 1
13 13
14 62
15 42
16 13
17 17
18 1
19 76
20 13
21 42
22 1
23 13
24 52
25 52
26 17
27 46
28 48
29 42
30 1
31 13
32 50
33 64
34 13
35 64
36 17
37 62
38 42
39 48
40 17
41 42
42 42
43 1
44 13
45 1
46 46
47 46
48 48
49 64
50 50
51 1
52 52
53 1
54 64
55 13
56 62
57 1
59 1
60 1
61 1
62 62
63 1
64 64
65 13
66 42
67 1
68 1
69 13
70 1
71 13
72 64
73 1
74 1
75 1
76 76
77 1
78 1
79 62
80 46
81 42
82 42
83 1
84 1
85 13
59
0 29
1 1
2 41
3 41
4 37
5 1
6 57
7 29
8 56
9 37
10 44
11 29
12 56
13 44
14 41
15 44
16 29
17 1
18 1
19 56
20 29
21 56
22 56
23 29
24 1
25 1
26 73
27 44
28 37
29 29
30 1
31 1
32 29
33 1
34 29
35 44
36 44
37 37
38 73
39 41
40 57
41 41
42 29
43 1
44 44
45 1
46 41
47 29
48 1
49 37
50 1
51 41
52 1
53 29
54 29
55 57
56 56
57 57
58 1
60 1
61 1
62 37
63 1
64 37
65 44
66 1
67 1
68 29
69 44
70 1
71 56
72 1
73 73
74 74
75 1
76 1
77 1
78 57
79 44
80 1
81 41
82 41
83 1
84 41
85 1
60
0 63
1 1
2 64
3 73
4 1
5 1
6 9
7 1
8 63
9 9
10 71
11 13
12 66
13 13
14 9
15 70
16 13
17 17
18 1
19 1
20 13
21 21
22 21
23 13
24 1
25 1
26 17
27 1
28 1
29 63
30 1
31 9
32 64
33 64
34 13
35 21
36 17
37 9
38 9
39 1
40 17
41 45
42 21
43 1
44 13
45 45
46 63
47 21
48 1
49 21
50 13
51 1
52 1
53 1
54 21
55 9
56 21
57 1
58 1
59 1
61 1
62 71
63 63
64 64
65 13
66 66
67 1
68 1
69 13
70 70
71 71
72 64
73 73
74 1
75 1
76 13
77 1
78 21
79 1
80 1
81 45
82 64
83 1
84 63
85 13
61
0 30
1 30
2 7
3 7
4 30
5 19
6 19
7 7
8 19
9 38
10 33
11 7
12 19
13 19
14 33
15 36
16 30
17 36
18 30
19 19
20 36
21 30
22 19
23 72
24 38
25 84
26 33
27 36
28 38
29 7
30 30
31 38
32 19
33 33
34 7
35 19
36 36
37 7
38 38
39 7
40 72
41 84
42 38
43 7
44 36
45 7
46 36
47 7
48 7
49 38
50 38
51 19
52 19
53 30
54 30
55 36
56 19
57 7
58 19
59 7
60 30
62 19
63 84
64 33
65 19
66 19
67 7
68 19
69 72
70 30
71 30
72 72
73 38
74 7
75 38
76 19
77 33
78 36
79 7
80 38
81 19
82 30
83 33
84 84
85 72
62
0 25
1 43
2 2
3 14
4 14
5 25
6 2
7 2
8 47
9 14
10 43
11 25
12 2
13 58
14 14
15 15
16 2
17 58
18 2
19 56
20 25
21 47
22 56
23 25
24 2
25 25
26 15
27 25
28 37
29 43
30 71
31 43
32 2
33 14
34 2
35 15
36 15
37 37
38 2
39 14
40 2
41 2
42 15
43 43
44 15
45 56
46 15
47 47
48 43
49 37
50 58
51 43
52 2
53 15
54 37
55 25
56 56
57 47
58 58
59 37
60 71
61 14
63 83
64 2
65 83
66 71
67 14
68 14
69 15
70 2
71 71
72 2
73 2
74 2
75 83
76 58
77 15
78 14
79 79
80 82
81 71
82 82
83 83
84 14
85 2
63
0 0
1 1
2 83
3 0
4 76
5 1
6 0
7 29
8 8
9 17
10 0
11 29
12 8
13 31
14 84
15 42
16 29
17 17
18 1
19 8
20 0
21 42
22 0
23 0
24 8
25 0
26 17
27 46
28 0
29 29
30 0
31 31
32 29
33 83
34 42
35 0
36 17
37 83
38 31
39 0
40 17
41 0
42 42
43 1
44 0
45 1
46 46
47 8
48 1
49 83
50 1
51 84
52 1
53 0
54 29
55 84
56 0
57 0
58 1
59 1
60 60
61 84
62 83
64 42
65 31
66 42
67 1
68 29
69 0
70 1
71 17
72 0
73 1
74 1
75 1
76 76
77 8
78 84
79 8
80 46
81 42
82 42
83 83
84 84
85 84
64
0 35
1 18
2 2
3 14
4 14
5 32
6 65
7 2
8 47
9 9
10 18
11 35
12 2
13 44
14 14
15 18
16 33
17 9
18 18
19 32
20 32
21 35
22 18
23 18
24 2
25 14
26 33
27 35
28 18
29 32
30 18
31 9
32 32
33 33
34 2
35 35
36 33
37 37
38 9
39 14
40 2
41 41
42 42
43 9
44 44
45 41
46 46
47 47
48 9
49 49
50 32
51 41
52 2
53 18
54 54
55 9
56 35
57 41
58 58
59 37
60 60
61 33
62 2
63 42
65 65
66 42
67 14
68 14
69 18
70 70
71 71
72 72
73 41
74 2
75 70
76 58
77 32
78 14
79 35
80 18
81 32
82 82
83 83
84 14
85 72
65
0 44
1 73
2 64
3 44
4 6
5 6
6 6
7 42
8 83
9 31
10 44
11 44
12 66
13 13
14 64
15 42
16 13
17 13
18 64
19 6
20 13
21 42
22 6
23 13
24 31
25 6
26 73
27 44
28 6
29 42
30 6
31 31
32 50
33 64
34 6
35 44
36 44
37 64
38 31
39 6
40 42
41 42
42 42
43 31
44 44
45 13
46 42
47 64
48 6
49 64
50 50
51 44
52 42
53 31
54 64
55 6
56 6
57 6
58 13
59 44
60 13
61 6
62 83
63 31
64 64
66 66
67 6
68 31
69 13
70 13
71 13
72 6
73 73
74 6
75 83
76 13
77 83
78 6
79 44
80 6
81 42
82 42
83 83
84 73
85 13
66
0 12
1 52
2 12
3 12
4 52
5 12
6 65
7 42
8 12
9 60
10 71
11 82
12 12
13 60
14 12
15 42
16 42
17 60
18 71
19 12
20 42
21 42
22 12
23 12
24 52
25 52
26 42
27 42
28 12
29 42
30 71
31 65
32 82
33 82
34 42
35 12
36 12
37 83
38 42
39 12
40 42
41 42
42 42
43 12
44 65
45 42
46 42
47 52
48 12
49 83
50 65
51 12
52 52
53 83
54 12
55 52
56 12
57 83
58 42
59 12
60 60
61 12
62 71
63 42
64 42
65 65
67 12
68 12
69 71
70 12
71 71
72 42
73 42
74 12
75 83
76 52
77 12
78 12
79 12
80 52
81 42
82 82
83 83
84 12
85 12
67
0 29
1 1
2 18
3 7
4 14
5 1
6 57
7 7
8 24
9 14
10 10
11 10
12 43
13 45
14 14
15 15
16 10
17 1
18 18
19 51
20 27
21 30
22 18
23 18
24 24
25 14
26 15
27 27
28 18
29 29
30 30
31 43
32 10
33 10
34 54
35 15
36 15
37 54
38 24
39 7
40 27
41 14
42 15
43 43
44 10
45 45
46 15
47 10
48 1
49 24
50 1
51 51
52 1
53 15
54 54
55 57
56 15
57 57
58 1
59 1
60 1
61 7
62 14
63 1
64 14
65 1
66 1
68 68
69 15
70 1
71 10
72 10
73 1
74 74
75 1
76 1
77 15
78 14
79 10
80 18
81 45
82 30
83 1
84 14
85 27
68
0 23
1 18
2 12
3 10
4 14
5 12
6 19
7 29
8 12
9 14
10 10
11 10
12 12
13 23
14 14
15 15
16 10
17 10
18 18
19 19
20 23
21 35
22 12
23 23
24 10
25 14
26 15
27 10
28 28
29 29
30 18
31 31
32 10
33 10
34 35
35 35
36 15
37 28
38 28
39 14
40 23
41 14
42 15
43 10
44 10
45 67
46 15
47 10
48 28
49 10
50 10
51 51
52 10
53 53
54 10
55 23
56 12
57 10
58 14
59 29
60 10
61 19
62 14
63 29
64 14
65 31
66 12
67 67
69 15
70 12
71 10
72 10
73 10
74 74
75 75
76 19
77 12
78 78
79 10
80 18
81 10
82 10
83 53
84 14
85 10
69
0 0
1 18
2 18
3 15
4 4
5 82
6 4
7 0
8 0
9 4
10 11
11 11
12 71
13 13
14 4
15 15
16 11
17 71
18 18
19 35
20 0
21 35
22 0
23 0
24 75
25 0
26 15
27 11
28 0
29 0
30 0
31 13
32 18
33 82
34 34
35 35
36 15
37 4
38 75
39 0
40 72
41 0
42 15
43 0
44 44
45 45
46 15
47 4
48 0
49 45
50 13
51 44
52 0
53 0
54 11
55 0
56 0
57 0
58 13
59 44
60 13
61 72
62 15
63 0
64 18
65 13
66 71
67 15
68 15
70 13
71 71
72 72
73 0
74 15
75 75
76 4
77 15
78 75
79 15
80 18
81 45
82 82
83 13
84 75
85 13
70
0 23
1 1
2 2
3 15
4 30
5 1
6 2
7 1
8 12
9 9
10 33
11 76
12 12
13 13
14 9
15 15
16 13
17 9
18 1
19 12
20 13
21 30
22 12
23 23
24 2
25 23
26 15
27 23
28 38
29 23
30 30
31 9
32 2
33 33
34 2
35 15
36 15
37 9
38 38
39 30
40 2
41 41
42 42
43 1
44 13
45 1
46 46
47 2
48 1
49 49
50 13
51 12
52 52
53 15
54 12
55 9
56 12
57 41
58 1
59 1
60 60
61 30
62 2
63 1
64 64
65 13
66 12
67 1
68 12
69 13
71 12
72 23
73 1
74 1
75 75
76 76
77 12
78 75
79 15
80 38
81 81
82 30
83 1
84 30
85 13
71
0 30
1 18
2 12
3 10
4 30
5 12
6 10
7 10
8 12
9 17
10 10
11 10
12 12
13 13
14 18
15 18
16 10
17 17
18 18
19 12
20 13
21 30
22 12
23 13
24 10
25 62
26 17
27 10
28 18
29 47
30 30
31 13
32 10
33 10
34 13
35 47
36 17
37 62
38 10
39 30
40 17
41 64
42 64
43 10
44 10
45 13
46 47
47 47
48 10
49 64
50 13
51 12
52 47
53 18
54 10
55 10
56 56
57 10
58 13
59 56
60 60
61 30
62 62
63 17
64 64
65 13
66 66
67 10
68 10
69 69
70 12
72 10
73 60
74 10
75 69
76 13
77 12
78 10
79 10
80 18
81 81
82 30
83 83
84 30
85 13
72
0 20
1 30
2 40
3 10
4 4
5 6
6 6
7 39
8 23
9 64
10 10
11 10
12 6
13 20
14 4
15 35
16 10
17 40
18 10
19 6
20 20
21 30
22 35
23 23
24 10
25 20
26 20
27 27
28 6
29 23
30 30
31 6
32 10
33 10
34 6
35 35
36 20
37 4
38 61
39 39
40 40
41 23
42 40
43 10
44 10
45 69
46 20
47 4
48 27
49 39
50 6
51 39
52 4
53 20
54 10
55 6
56 35
57 6
58 64
59 4
60 64
61 61
62 4
63 4
64 64
65 6
66 6
67 10
68 10
69 69
70 23
71 10
73 6
74 23
75 75
76 4
77 10
78 20
79 10
80 6
81 10
82 30
83 64
84 20
85 85
73
0 41
1 1
2 41
3 3
4 1
5 1
6 65
7 3
8 1
9 38
10 3
11 3
12 1
13 60
14 3
15 3
16 3
17 26
18 1
19 3
20 26
21 42
22 1
23 41
24 38
25 84
26 26
27 26
28 38
29 41
30 1
31 38
32 1
33 26
34 42
35 3
36 3
37 59
38 38
39 41
40 3
41 41
42 42
43 1
44 3
45 1
46 26
47 1
48 1
49 38
50 38
51 3
52 1
53 3
54 84
55 84
56 59
57 41
58 1
59 59
60 60
61 38
62 1
63 1
64 41
65 65
66 42
67 1
68 1
69 1
70 1
71 60
72 1
74 1
75 1
76 26
77 1
78 84
79 1
80 26
81 26
82 41
83 1
84 84
85 84
74
0 23
1 1
2 2
3 7
4 37
5 1
6 28
7 7
8 23
9 37
10 67
11 7
12 2
13 23
14 67
15 15
16 21
17 1
18 1
19 68
20 23
21 21
22 21
23 23
24 2
25 23
26 15
27 23
28 28
29 7
30 1
31 28
32 2
33 1
34 2
35 15
36 15
37 37
38 28
39 7
40 2
41 2
42 15
43 1
44 15
45 1
46 15
47 2
48 48
49 21
50 1
51 28
52 1
53 15
54 21
55 23
56 15
57 59
58 1
59 59
60 1
61 7
62 2
63 1
64 2
65 1
66 1
67 67
68 68
69 15
70 1
71 1
72 23
73 1
75 1
76 1
77 15
78 21
79 79
80 28
81 1
82 1
83 1
84 1
85 1
75
0 23
1 1
2 24
3 53
4 69
5 1
6 28
7 29
8 23
9 38
10 24
11 29
12 68
13 23
14 68
15 53
16 29
17 1
18 1
19 68
20 23
21 78
22 1
23 23
24 24
25 23
26 1
27 23
28 28
29 29
30 1
31 28
32 29
33 53
34 69
35 68
36 53
37 28
38 38
39 24
40 23
41 23
42 29
43 1
44 29
45 1
46 70
47 29
48 1
49 24
50 38
51 28
52 1
53 53
54 29
55 23
56 1
57 78
58 1
59 1
60 1
61 38
62 83
63 1
64 70
65 83
66 83
67 1
68 68
69 69
70 70
71 69
72 72
73 1
74 1
76 70
77 83
78 78
79 1
80 28
81 70
82 69
83 83
84 84
85 72
76
0 63
1 52
2 52
3 19
4 4
5 19
6 4
7 11
8 19
9 70
10 11
11 11
12 19
13 13
14 4
15 26
16 11
17 26
18 4
19 19
20 13
21 4
22 19
23 13
24 52
25 11
26 26
27 11
28 4
29 11
30 4
31 13
32 19
33 26
34 13
35 11
36 19
37 4
38 70
39 4
40 4
41 70
42 52
43 11
44 11
45 13
46 26
47 4
48 58
49 70
50 13
51 19
52 52
53 11
54 11
55 4
56 19
57 4
58 58
59 4
60 13
61 19
62 58
63 63
64 58
65 13
66 52
67 4
68 19
69 4
70 70
71 13
72 4
73 26
74 4
75 70
77 11
78 4
79 11
80 26
81 26
82 82
83 13
84 63
85 13
77
0 25
1 83
2 12
3 15
4 8
5 12
6 8
7 8
8 8
9 12
10 32
11 25
12 12
13 83
14 25
15 15
16 33
17 8
18 15
19 8
20 25
21 49
22 12
23 8
24 8
25 25
26 15
27 25
28 8
29 32
30 8
31 8
32 32
33 33
34 79
35 15
36 15
37 49
38 49
39 8
40 25
41 8
42 15
43 12
44 15
45 49
46 15
47 8
48 8
49 49
50 32
51 12
52 8
53 15
54 12
55 25
56 8
57 49
58 8
59 8
60 8
61 33
62 15
63 8
64 32
65 83
66 12
67 15
68 12
69 15
70 12
71 12
72 8
73 15
74 15
75 83
76 8
78 12
79 79
80 8
81 32
82 32
83 83
84 25
85 12
78
0 20
1 43
2 40
3 14
4 14
5 21
6 28
7 14
8 14
9 14
10 43
11 53
12 43
13 20
14 14
15 36
16 21
17 36
18 14
19 36
20 20
21 21
22 21
23 20
24 53
25 14
26 20
27 20
28 28
29 43
30 21
31 28
32 14
33 14
34 20
35 21
36 36
37 28
38 28
39 14
40 40
41 14
42 21
43 43
44 36
45 14
46 20
47 14
48 28
49 21
50 14
51 28
52 14
53 53
54 21
55 55
56 21
57 57
58 14
59 57
60 21
61 36
62 14
63 84
64 14
65 14
66 21
67 14
68 68
69 75
70 75
71 14
72 20
73 84
74 21
75 75
76 14
77 14
79 43
80 28
81 14
82 14
83 43
84 84
85 84
79
0 25
1 43
2 34
3 10
4 8
5 25
6 34
7 74
8 8
9 43
10 10
11 10
12 8
13 34
14 25
15 15
16 10
17 8
18 10
19 8
20 25
21 35
22 35
23 8
24 8
25 25
26 15
27 10
28 74
29 43
30 8
31 43
32 10
33 10
34 34
35 35
36 15
37 62
38 8
39 8
40 25
41 44
42 15
43 43
44 44
45 56
46 15
47 8
48 43
49 77
50 10
51 43
52 8
53 15
54 10
55 25
56 56
57 10
58 62
59 44
60 8
61 8
62 62
63 8
64 35
65 44
66 8
67 10
68 10
69 15
70 15
71 10
72 10
73 10
74 74
75 8
76 8
77 77
78 43
80 8
81 8
82 62
83 8
84 25
85 34
80
0 28
1 18
2 18
3 18
4 18
5 52
6 28
7 18
8 52
9 38
10 18
11 82
12 18
13 18
14 18
15 18
16 18
17 26
18 18
19 18
20 26
21 18
22 18
23 18
24 38
25 52
26 26
27 26
28 28
29 18
30 18
31 28
32 18
33 26
34 18
35 18
36 46
37 28
38 38
39 28
40 18
41 46
42 38
43 18
44 46
45 81
46 46
47 46
48 28
49 38
50 38
51 28
52 52
53 18
54 18
55 18
56 18
57 18
58 46
59 18
60 18
61 38
62 82
63 46
64 18
65 18
66 52
67 18
68 18
69 18
70 38
71 18
72 18
73 26
74 28
75 28
76 26
77 18
78 28
79 18
81 81
82 82
83 81
84 18
85 18
81
0 22
1 45
2 32
3 41
4 26
5 32
6 22
7 22
8 83
9 70
10 32
11 22
12 22
13 45
14 32
15 26
16 41
17 26
18 22
19 22
20 26
21 22
22 22
23 41
24 22
25 22
26 26
27 26
28 80
29 32
30 70
31 32
32 32
33 26
34 42
35 22
36 22
37 83
38 42
39 22
40 42
41 41
42 42
43 83
44 41
45 45
46 26
47 71
48 22
49 45
50 32
51 41
52 42
53 32
54 22
55 41
56 22
57 41
58 42
59 41
60 45
61 22
62 71
63 42
64 32
65 42
66 42
67 45
68 22
69 45
70 70
71 71
72 22
73 26
74 22
75 70
76 26
77 32
78 22
79 22
80 80
82 32
83 83
84 41
85 22
82
0 30
1 5
2 32
3 30
4 30
5 5
6 50
7 11
8 5
9 64
10 11
11 11
12 5
13 50
14 32
15 42
16 11
17 30
18 30
19 5
20 32
21 5
22 5
23 41
24 5
25 5
26 33
27 11
28 80
29 11
30 30
31 5
32 32
33 33
34 42
35 11
36 33
37 62
38 42
39 30
40 42
41 41
42 42
43 5
44 11
45 41
46 41
47 62
48 5
49 64
50 50
51 41
52 5
53 5
54 11
55 5
56 5
57 41
58 42
59 41
60 64
61 30
62 62
63 42
64 64
65 42
66 66
67 30
68 5
69 69
70 30
71 30
72 30
73 41
74 5
75 69
76 76
77 32
78 5
79 62
80 80
81 32
83 33
84 30
85 11
83
0 53
1 1
2 2
3 53
4 37
5 1
6 57
7 1
8 8
9 37
10 33
11 53
12 2
13 13
14 33
15 42
16 13
17 63
18 1
19 8
20 13
21 42
22 81
23 8
24 2
25 62
26 33
27 53
28 37
29 42
30 1
31 13
32 2
33 33
34 2
35 47
36 33
37 37
38 42
39 8
40 2
41 2
42 42
43 43
44 13
45 1
46 42
47 47
48 1
49 49
50 13
51 43
52 1
53 53
54 37
55 57
56 8
57 57
58 1
59 1
60 1
61 33
62 62
63 63
64 64
65 65
66 66
67 1
68 53
69 13
70 1
71 71
72 64
73 1
74 1
75 75
76 13
77 77
78 43
79 8
80 81
81 81
82 33
84 63
85 13
84
0 20
1 30
2 41
3 14
4 14
5 25
6 55
7 61
8 63
9 14
10 54
11 25
12 51
13 20
14 14
15 14
16 30
17 63
18 14
19 51
20 20
21 30
22 85
23 20
24 75
25 25
26 20
27 20
28 20
29 41
30 30
31 63
32 14
33 14
34 20
35 14
36 20
37 54
38 61
39 14
40 25
41 41
42 41
43 51
44 41
45 41
46 20
47 14
48 14
49 14
50 14
51 51
52 25
53 20
54 54
55 55
56 51
57 41
58 14
59 41
60 63
61 61
62 14
63 63
64 14
65 73
66 25
67 14
68 14
69 75
70 30
71 30
72 20
73 73
74 14
75 75
76 63
77 25
78 78
79 25
80 14
81 41
82 30
83 63
85 85
85
0 22
1 45
2 34
3 16
4 72
5 16
6 34
7 16
8 13
9 13
10 16
11 16
12 22
13 13
14 84
15 13
16 16
17 13
18 22
19 22
20 13
21 16
22 22
23 13
24 16
25 27
26 27
27 27
28 13
29 16
30 16
31 13
32 13
33 16
34 34
35 22
36 27
37 13
38 13
39 22
40 27
41 16
42 34
43 13
44 13
45 45
46 27
47 13
48 27
49 45
50 13
51 84
52 13
53 27
54 34
55 84
56 22
57 13
58 13
59 13
60 13
61 72
62 13
63 84
64 72
65 13
66 13
67 27
68 13
69 13
70 13
71 13
72 72
73 84
74 13
75 72
76 13
77 13
78 84
79 34
80 22
81 22
82 13
83 13
84 84
851
0
28 2
1
28 19
2
17 54
3
5 8
4
11 69
5
13 23
6
2 61
7
67 71
8
7 9
9
18 21
10
17 33
11
25 53
12
16 12
13
9 4
14
81 34
15
22 6
16
44 6
17
75 73
18
8 77
19
59 14
20
64 3
21
47 80
22
10 8
23
2 85
24
38 13
25
20 43
26
9 14
27
64 58
28
7 66
29
50 59
30
24 72
31
75 62
32
71 1
33
78 75
34
36 77
35
63 13
36
11 4
37
47 14
38
15 32
39
68 64
40
63 40
41
8 5
42
44 71
43
37 69
44
30 43
45
8 20
46
42 29
47
23 38
48
78 79
49
7 45
50
29 24
51
84 39
52
43 1
53
8 61
54
24 45
55
53 24
56
48 34
57
80 85
58
67 42
59
70 9
60
69 47
61
57 60
62
60 2
63
57 46
64
54 55
65
59 9
66
49 13
67
36 22
68
31 2
69
26 44
70
71 49
71
18 64
72
41 79
73
68 2
74
59 83
75
49 14
76
77 0
77
66 40
78
33 59
79
40 7
80
56 38
81
12 33
82
39 30
83
33 35
84
77 21
85
51 22
86
27 76
87
12 74
88
66 13
89
29 68
90
24 35
91
78 82
92
10 40
93
23 73
94
79 20
95
59 60
96
58 11
97
47 68
98
77 82
99
15 50
100
7 10
101
13 14
102
80 63
103
56 8
104
60 84
105
59 85
106
67 82
107
21 73
109
18 40
110
38 6
111
0 53
112
81 42
113
74 34
114
49 85
115
0 42
116
53 66
117
3 23
118
47 20
119
66 76
120
25 58
121
71 33
122
56 84
123
33 14
124
3 22
125
15 52
126
13 63
127
17 24
128
72 81
129
29 4
130
1 42
131
24 7
132
75 20
133
15 67
134
36 57
135
33 67
136
40 5
137
26 10
138
57 37
139
34 62
140
44 48
141
6 27
143
3 1
145
28 65
146
55 68
147
18 4
148
13 40
149
6 61
150
54 60
151
46 63
152
59 13
153
64 55
154
57 18
156
76 59
157
54 43
158
57 82
159
74 33
160
18 84
161
15 80
162
1 81
163
10 63
164
25 10
165
42 58
166
79 7
167
25 52
168
14 61
169
46 64
170
10 67
172
2 53
173
83 57
174
16 45
175
7 57
176
69 33
177
25 78
178
85 61
179
20 53
181
34 84
182
39 26
183
7 23
184
66 42
185
40 75
188
62 40
189
48 31
190
62 74
191
24 64
192
68 54
193
25 20
195
26 70
196
50 42
197
29 56
198
13 15
199
50 76
201
58 82
202
73 56
203
11 78
204
28 39
205
63 60
206
48 5
207
28 13
208
79 68
209
16 33
210
15 40
211
13 69
212
49 42
213
23 58
214
1 51
215
33 52
216
55 45
217
46 69
219
81 74
220
82 7
221
56 34
222
57 24
223
38 46
224
63 9
225
10 20
226
77 70
227
57 55
228
38 9
229
45 60
230
85 17
231
31 8
232
79 10
233
74 48
234
30 75
235
6 21
236
20 73
237
55 62
239
10 82
240
27 46
241
82 29
242
52 66
243
18 63
244
26 54
246
62 24
247
37 42
249
46 34
251
60 20
252
51 5
253
8 22
255
14 62
256
49 74
257
36 34
258
23 82
260
27 22
261
63 5
262
39 21
263
84 47
264
34 60
266
56 29
267
49 71
269
71 23
270
18 31
271
81 76
272
81 56
273
61 40
274
16 79
278
73 6
279
64 67
280
14 74
281
39 65
282
35 53
283
14 8
284
66 0
285
34 51
287
13 54
288
27 69
289
62 30
292
0 56
294
4 71
295
17 50
296
51 31
297
5 43
299
64 41
301
44 21
302
7 1
303
58 46
305
85 30
306
57 70
307
36 11
308
60 62
309
9 46
310
24 66
311
76 17
312
68 30
313
21 76
314
19 30
315
15 10
317
83 5
318
63 32
319
18 49
320
68 80
321
27 21
323
5 80
324
40 48
331
30 20
332
27 23
333
19 84
334
42 48
335
63 83
336
67 27
337
34 85
338
58 28
339
79 64
340
10 65
343
14 21
344
55 28
345
77 63
346
20 17
347
65 29
351
22 78
352
52 56
354
35 44
355
34 76
357
82 59
362
62 45
364
28 63
366
76 25
368
27 14
369
53 32
370
48 78
371
56 45
373
13 61
374
46 79
375
11 83
376
28 29
377
29 46
378
21 80
379
47 43
381
70 39
383
33 10
384
24 84
386
83 16
387
4 10
390
5 50
391
50 80
396
69 52
397
76 78
398
57 40
399
71 12
400
21 79
401
42 73
404
74 83
405
67 24
406
1 72
409
49 77
410
64 50
411
84 16
412
10 31
413
1 50
414
25 21
415
76 50
416
9 12
419
49 37
420
85 32
421
42 77
422
24 79
424
71 19
426
67 1
427
36 58
428
25 23
429
53 5
430
1 67
433
34 79
434
31 15
435
46 27
436
66 67
437
84 76
441
18 30
442
53 15
443
2 84
446
8 16
448
12 46
449
6 76
450
65 38
452
81 19
453
4 74
456
77 39
460
41 30
462
82 44
463
61 48
465
58 47
468
28 10
469
85 36
470
74 27
472
10 55
474
49 28
477
84 40
479
67 30
480
26 76
482
27 65
483
71 69
488
43 67
489
29 37
490
18 53
492
33 81
494
46 48
495
43 56
496
53 1
497
51 13
499
33 30
500
22 15
501
69 39
502
78 68
503
72 25
507
55 66
509
71 60
512
54 84
514
35 62
517
48 54
518
54 72
520
81 5
522
58 38
523
78 35
524
69 23
527
71 21
530
65 31
534
36 53
535
46 29
536
20 8
537
63 81
539
48 63
540
73 70
545
72 2
546
3 81
547
16 11
548
24 23
549
64 69
550
7 72
553
62 15
555
76 68
556
36 35
558
49 57
561
53 41
562
51 44
564
32 60
565
61 4
566
21 83
570
3 0
571
67 43
575
85 26
576
83 14
577
24 41
579
27 55
584
4 57
586
53 68
589
57 77
590
34 49
593
30 8
594
74 35
597
83 49
598
5 23
599
56 78
600
53 83
602
42 57
604
44 81
611
72 27
614
41 22
616
28 24
619
12 51
622
52 70
624
46 52
626
80 62
627
75 32
628
12 56
630
69 12
635
70 74
640
84 2
643
53 38
647
51 43
650
42 52
651
44 8
652
47 8
655
48 13
657
84 37
658
36 49
659
62 66
660
54 67
662
2 82
665
5 81
666
17 57
667
78 11
669
13 17
672
64 37
673
74 25
674
81 80
675
21 48
679
65 8
681
43 16
682
75 84
684
17 21
686
39 23
688
61 74
691
80 73
692
84 65
695
40 29
696
43 39
697
21 65
703
37 73
705
22 56
706
0 74
717
73 59
718
80 82
722
7 84
723
54 46
727
8 58
728
58 56
729
29 78
730
42 33
732
83 54
734
75 66
735
35 22
737
73 23
739
37 35
742
79 59
748
70 55
749
41 45
751
61 21
753
8 83
755
9 59
756
63 84
758
62 21
759
75 3
762
15 46
765
13 22
766
75 67
769
10 12
776
48 28
777
84 38
780
14 79
783
50 25
784
44 61
787
1 58
792
57 44
797
60 40
799
76 8
802
25 77
806
42 70
811
19 35
813
74 9
818
73 38
821
72 38
822
15 56
823
72 22
832
59 53
839
17 61
841
65 83
843
68 63
844
84 56
846
58 24
848
46 36
855
64 23
856
30 84
862
13 65
863
79 77
869
20 63
870
81 26
873
20 21
874
82 64
878
3 60
888
56 27
892
15 79
893
83 2
894
51 19
904
48 65
905
31 60
908
77 16
910
64 29
913
27 53
917
8 17
919
84 44
921
27 62
924
84 53
930
9 51
932
33 61
934
3 82
938
19 78
944
33 66
950
18 55
953
80 37
955
20 61
964
2 52
966
67 49
967
78 40
968
16 36
970
63 34
972
47 2
981
75 9
982
54 6
984
17 19
989
12 59
993
83 71
999
35 11
1003
60 9
1004
49 72
1008
17 66
1010
41 81
1012
75 27
1015
42 83
1016
42 27
1018
21 54
1027
47 32
1028
19 59
1029
57 85
1030
82 34
1041
18 71
1042
21 26
1043
38 33
1044
68 51
1049
44 62
1055
11 54
1056
76 52
1057
78 31
1058
55 11
1061
33 80
1063
79 53
1064
65 49
1067
46 42
1071
36 43
1072
65 47
1075
70 3
1081
31 3
1086
57 0
1097
11 56
1098
84 6
1102
28 82
1103
75 35
1115
37 7
1116
51 72
1121
31 79
1127
37 20
1133
60 24
1134
79 47
1143
40 31
1149
25 14
1162
66 49
1164
62 65
1166
36 41
1167
66 14
1173
57 5
1176
33 82
1177
36 33
1179
11 85
1182
19 56
1186
73 26
1188
35 79
1192
82 37
1201
75 12
1202
81 67
1204
60 58
1205
32 35
1206
78 73
1207
71 42
1208
77 13
1211
10 23
1212
54 12
1218
31 27
1222
78 69
1235
73 44
1237
46 72
1239
66 71
1241
27 19
1244
82 79
1250
51 53
1260
65 42
1261
60 64
1264
69 50
1265
51 56
1270
56 15
1272
51 47
1277
78 59
1282
62 56
1284
72 35
1301
66 60
1307
54 59
1308
28 80
1316
65 66
1322
52 57
1330
58 76
1332
54 41
1349
44 78
1354
53 30
1357
80 45
1362
69 78
1373
35 47
1382
54 19
1390
23 0
1392
15 48
1395
0 79
1402
45 8
1406
71 73
1409
51 11
1412
75 85
1420
30 46
1421
73 3
1426
75 49
1434
20 2
1441
26 80
1448
72 57
1449
69 65
1455
50 79
1457
70 76
1464
29 53
1472
47 28
1490
6 85
1504
62 67
1505
15 69
1510
17 71
1519
78 53
1523
30 31
1526
85 84
1528
41 70
1530
67 77
1532
64 8
1542
13 77
1543
79 37
1545
27 25
1554
74 57
1559
47 62
1564
64 65
1580
5 69
1582
79 74
1585
85 21
1587
28 78
1590
10 56
1592
23 61
1597
24 70
1598
3 45
1602
25 83
1606
38 28
1608
62 79
1610
59 39
1632
16 75
1644
51 64
1646
45 7
1654
53 71
1667
52 2
1670
39 28
1681
30 67
1683
44 32
1692
81 83
1706
50 77
1716
32 14
1722
83 6
1723
29 9
1725
83 33
1728
75 83
1729
9 76
1732
33 36
1736
76 2
1745
15 68
1757
2 47
1758
43 83
1759
1 8
1761
70 49
1763
51 68
1773
73 55
1784
44 3
1785
82 76
1790
24 51
1796
84 20
1821
80 38
1822
51 3
1844
43 81
1850
17 69
1853
49 79
1857
73 41
1860
41 48
1863
30 12
1878
42 14
1884
60 70
1893
83 78
1908
50 30
1909
62 37
1919
32 19
1921
28 75
1930
31 49
1952
49 38
1956
52 71
1966
49 70
1970
77 64
1972
75 47
1973
81 3
1985
79 43
1987
53 18
1993
63 33
1996
69 75
1997
40 78
2004
70 65
2010
20 27
2034
47 58
2057
34 67
2058
31 19
2059
76 41
2060
38 70
2064
46 70
2066
62 14
2068
78 85
2075
78 36
2077
45 41
2093
3 41
2095
51 75
2100
84 55
2113
57 52
2143
8 81
2144
70 23
2145
69 15
2166
57 56
2187
52 8
2199
46 20
2201
23 29
2231
1 52
2242
55 46
2264
19 5
2265
31 68
2278
71 66
2293
75 19
2298
25 40
2303
20 36
2304
70 13
2306
40 43
2319
46 47
2323
61 84
2329
77 79
2330
67 57
2333
84 78
2344
57 67
2346
75 77
2349
32 77
2356
9 30
2378
21 56
2384
23 72
2388
72 45
2406
27 10
2411
0 44
2415
48 29
2426
20 78
2461
64 36
2468
65 50
2490
49 66
2509
75 38
2512
66 31
2513
17 56
2517
63 82
2519
29 36
2525
4 72
2529
25 11
2534
43 82
2536
44 29
2547
83 72
2554
56 54
2575
71 18
10519
