86 573 2580 3
0 0 20 45
1 0 22 45
2 0 23 45
3 0 25 45
4 0 28 45
5 0 29 45
6 0 30 45
7 0 35 45
8 0 39 45
9 0 41 45
10 0 44 45
11 0 53 45
12 0 56 45
13 0 57 45
14 0 63 45
15 0 69 45
16 1 5 45
17 1 18 45
18 1 30 45
19 1 43 45
20 1 45 45
21 1 48 45
22 1 52 45
23 1 58 45
24 1 59 45
25 1 60 45
26 1 63 45
27 1 67 45
28 1 70 45
29 1 73 45
30 1 74 45
31 1 75 45
32 1 83 45
33 2 12 45
34 2 18 45
35 2 24 45
36 2 32 45
37 2 34 45
38 2 40 45
39 2 41 45
40 2 47 45
41 2 52 45
42 2 62 45
43 2 64 45
44 2 70 45
45 2 74 45
46 2 83 45
47 3 7 45
48 3 10 45
49 3 14 45
50 3 15 45
51 3 16 45
52 3 18 45
53 3 19 45
54 3 30 45
55 3 40 45
56 3 41 45
57 3 44 45
58 3 51 45
59 3 53 45
60 3 73 45
61 4 6 45
62 4 14 45
63 4 30 45
64 4 37 45
65 4 47 45
66 4 69 45
67 4 72 45
68 4 76 45
69 5 12 45
70 5 19 45
71 5 21 45
72 5 25 45
73 5 32 45
74 5 43 45
75 5 52 45
76 5 53 45
77 5 56 45
78 5 82 45
79 6 19 45
80 6 28 45
81 6 34 45
82 6 50 45
83 6 55 45
84 6 57 45
85 6 65 45
86 6 72 45
87 7 29 45
88 7 39 45
89 7 61 45
90 7 67 45
91 7 74 45
92 8 12 45
93 8 19 45
94 8 23 45
95 8 24 45
96 8 39 45
97 8 47 45
98 8 52 45
99 8 56 45
100 8 63 45
101 8 77 45
102 8 79 45
103 8 83 45
104 9 14 45
105 9 17 45
106 9 31 45
107 9 37 45
108 9 38 45
109 9 43 45
110 9 48 45
111 9 55 45
112 9 60 45
113 9 64 45
114 9 70 45
115 10 11 45
116 10 16 45
117 10 18 45
118 10 24 45
119 10 27 45
120 10 32 45
121 10 33 45
122 10 43 45
123 10 44 45
124 10 47 45
125 10 54 45
126 10 57 45
127 10 67 45
128 10 68 45
129 10 71 45
130 10 72 45
131 10 79 45
132 11 16 45
133 11 25 45
134 11 27 45
135 11 29 45
136 11 35 45
137 11 44 45
138 11 53 45
139 11 54 45
140 11 69 45
141 11 76 45
142 11 82 45
143 12 19 45
144 12 22 45
145 12 43 45
146 12 51 45
147 12 54 45
148 12 56 45
149 12 66 45
150 12 68 45
151 12 70 45
152 12 71 45
153 12 77 45
154 13 16 45
155 13 20 45
156 13 23 45
157 13 31 45
158 13 34 45
159 13 44 45
160 13 45 45
161 13 50 45
162 13 58 45
163 13 60 45
164 13 65 45
165 13 69 45
166 13 70 45
167 13 71 45
168 13 76 45
169 13 83 45
170 13 85 45
171 14 18 45
172 14 25 45
173 14 32 45
174 14 33 45
175 14 39 45
176 14 41 45
177 14 47 45
178 14 62 45
179 14 64 45
180 14 67 45
181 14 68 45
182 14 78 45
183 14 84 45
184 15 18 45
185 15 26 45
186 15 35 45
187 15 36 45
188 15 42 45
189 15 44 45
190 15 46 45
191 15 53 45
192 15 56 45
193 15 62 45
194 15 67 45
195 15 68 45
196 15 69 45
197 15 70 45
198 15 74 45
199 15 77 45
200 15 79 45
201 16 21 45
202 16 27 45
203 16 29 45
204 16 30 45
205 16 33 45
206 16 41 45
207 16 85 45
208 17 26 45
209 17 36 45
210 17 40 45
211 17 58 45
212 17 60 45
213 17 63 45
214 17 71 45
215 18 22 45
216 18 23 45
217 18 28 45
218 18 30 45
219 18 32 45
220 18 53 45
221 18 64 45
222 18 67 45
223 18 68 45
224 18 69 45
225 18 71 45
226 18 80 45
227 19 22 45
228 19 32 45
229 19 35 45
230 19 36 45
231 19 51 45
232 19 56 45
233 19 61 45
234 19 68 45
235 19 76 45
236 20 23 45
237 20 25 45
238 20 26 45
239 20 27 45
240 20 28 45
241 20 32 45
242 20 34 45
243 20 36 45
244 20 46 45
245 20 47 45
246 20 53 45
247 20 72 45
248 20 78 45
249 20 84 45
250 21 22 45
251 21 30 45
252 21 35 45
253 21 42 45
254 21 47 45
255 21 49 45
256 21 54 45
257 21 56 45
258 21 60 45
259 21 74 45
260 21 78 45
261 22 35 45
262 22 39 45
263 22 56 45
264 22 81 45
265 22 85 45
266 23 25 45
267 23 27 45
268 23 29 45
269 23 40 45
270 23 41 45
271 23 55 45
272 23 68 45
273 23 70 45
274 23 72 45
275 23 74 45
276 23 75 45
277 24 38 45
278 24 39 45
279 24 49 45
280 24 52 45
281 24 53 45
282 24 67 45
283 24 75 45
284 25 27 45
285 25 40 45
286 25 52 45
287 25 55 45
288 25 62 45
289 25 77 45
290 25 79 45
291 25 84 45
292 26 27 45
293 26 33 45
294 26 46 45
295 26 73 45
296 26 76 45
297 26 80 45
298 26 81 45
299 27 35 45
300 27 36 45
301 27 40 45
302 27 44 45
303 27 46 45
304 27 48 45
305 27 53 45
306 27 67 45
307 27 72 45
308 27 85 45
309 28 31 45
310 28 37 45
311 28 38 45
312 28 39 45
313 28 48 45
314 28 51 45
315 28 68 45
316 28 74 45
317 28 75 45
318 28 78 45
319 28 80 45
320 29 32 45
321 29 41 45
322 29 42 45
323 29 43 45
324 29 44 45
325 29 47 45
326 29 53 45
327 29 54 45
328 29 59 45
329 29 63 45
330 29 67 45
331 29 68 45
332 29 75 45
333 30 39 45
334 30 53 45
335 30 54 45
336 30 61 45
337 30 67 45
338 30 70 45
339 30 71 45
340 30 72 45
341 30 82 45
342 30 84 45
343 31 38 45
344 31 43 45
345 31 53 45
346 31 63 45
347 31 65 45
348 31 68 45
349 32 50 45
350 32 53 45
351 32 64 45
352 32 77 45
353 32 81 45
354 32 82 45
355 33 36 45
356 33 53 45
357 33 61 45
358 33 64 45
359 33 70 45
360 33 77 45
361 33 82 45
362 33 83 45
363 34 35 45
364 34 39 45
365 34 42 45
366 34 54 45
367 34 69 45
368 34 79 45
369 34 85 45
370 35 39 45
371 35 44 45
372 35 47 45
373 35 56 45
374 35 64 45
375 35 68 45
376 35 69 45
377 35 72 45
378 35 79 45
379 36 44 45
380 36 46 45
381 36 53 45
382 36 55 45
383 36 61 45
384 36 78 45
385 37 49 45
386 37 54 45
387 37 59 45
388 37 62 45
389 37 64 45
390 37 74 45
391 37 83 45
392 38 42 45
393 38 49 45
394 38 50 45
395 38 61 45
396 38 70 45
397 38 73 45
398 38 75 45
399 38 80 45
400 39 41 45
401 39 48 45
402 39 49 45
403 39 51 45
404 39 72 45
405 40 42 45
406 40 43 45
407 40 57 45
408 40 72 45
409 40 78 45
410 41 42 45
411 41 44 45
412 41 45 45
413 41 46 45
414 41 51 45
415 41 57 45
416 41 59 45
417 41 64 45
418 41 70 45
419 41 73 45
420 41 81 45
421 41 82 45
422 41 84 45
423 42 45 45
424 42 46 45
425 42 52 45
426 42 58 45
427 42 63 45
428 42 64 45
429 42 65 45
430 42 66 45
431 42 70 45
432 42 73 45
433 42 81 45
434 42 82 45
435 42 83 45
436 43 48 45
437 43 51 45
438 43 53 45
439 43 54 45
440 43 62 45
441 43 67 45
442 43 78 45
443 43 79 45
444 43 83 45
445 44 46 45
446 44 51 45
447 44 59 45
448 44 64 45
449 44 65 45
450 44 69 45
451 44 79 45
452 45 49 45
453 45 56 45
454 45 60 45
455 45 67 45
456 45 69 45
457 45 81 45
458 45 85 45
459 46 47 45
460 46 58 45
461 46 63 45
462 46 64 45
463 46 70 45
464 46 80 45
465 47 52 45
466 47 57 45
467 47 62 45
468 47 64 45
469 47 71 45
470 47 83 45
471 48 58 45
472 48 74 45
473 49 57 45
474 49 64 45
475 49 70 45
476 49 77 45
477 49 83 45
478 50 58 45
479 50 65 45
480 50 82 45
481 51 53 45
482 51 56 45
483 51 57 45
484 51 67 45
485 51 68 45
486 51 84 45
487 52 58 45
488 52 66 45
489 52 70 45
490 52 76 45
491 52 80 45
492 53 68 45
493 53 75 45
494 53 78 45
495 53 83 45
496 54 56 45
497 54 64 45
498 54 67 45
499 54 84 45
500 55 57 45
501 55 78 45
502 55 84 45
503 56 57 45
504 56 59 45
505 56 62 45
506 56 71 45
507 56 79 45
508 57 59 45
509 57 67 45
510 57 78 45
511 57 83 45
512 58 62 45
513 58 64 45
514 58 76 45
515 59 73 45
516 59 74 45
517 60 63 45
518 60 64 45
519 60 66 45
520 60 70 45
521 60 71 45
522 60 73 45
523 61 72 45
524 61 84 45
525 62 71 45
526 62 79 45
527 62 82 45
528 62 83 45
529 63 76 45
530 63 83 45
531 63 84 45
532 64 65 45
533 64 70 45
534 64 71 45
535 64 72 45
536 64 82 45
537 64 83 45
538 65 66 45
539 65 73 45
540 65 83 45
541 66 71 45
542 66 82 45
543 66 83 45
544 67 68 45
545 67 74 45
546 68 74 45
547 68 75 45
548 68 78 45
549 69 71 45
550 69 72 45
551 69 75 45
552 69 82 45
553 70 75 45
554 70 76 45
555 70 81 45
556 71 81 45
557 71 83 45
558 72 75 45
559 72 85 45
560 73 84 45
561 74 79 45
562 75 78 45
563 75 83 45
564 75 84 45
565 76 82 45
566 77 79 45
567 77 83 45
568 78 84 45
569 80 81 45
570 80 82 45
571 81 83 45
572 84 85 45
0 28 2 12
1 28 19 12
2 17 54 10
3 5 8 15
4 11 69 15
5 13 23 11
6 2 61 11
7 67 71 15
8 7 9 15
9 18 21 10
10 17 33 15
11 25 53 12
12 16 12 10
13 9 4 13
14 81 34 12
15 22 6 15
16 44 6 10
17 75 73 10
18 8 77 15
19 59 14 12
20 64 3 14
21 47 80 10
22 10 8 12
23 2 85 15
24 38 13 11
25 20 43 10
26 9 14 11
27 64 58 12
28 7 66 11
29 50 59 10
30 24 72 10
31 75 62 11
32 71 1 13
33 78 75 10
34 36 77 11
35 63 13 14
36 11 4 12
37 47 14 12
38 15 32 13
39 68 64 10
40 63 40 13
41 8 5 14
42 44 71 11
43 37 69 15
44 30 43 14
45 8 20 13
46 42 29 13
47 23 38 13
48 78 79 15
49 7 45 11
50 29 24 15
51 84 39 13
52 43 1 14
53 8 61 14
54 24 45 15
55 53 24 15
56 48 34 10
57 80 85 12
58 67 42 14
59 70 9 10
60 69 47 12
61 57 60 10
62 60 2 13
63 57 46 13
64 54 55 11
65 59 9 10
66 49 13 10
67 36 22 10
68 31 2 13
69 26 44 11
70 71 49 14
71 18 64 10
72 41 79 13
73 68 2 10
74 59 83 14
75 49 14 13
76 77 0 10
77 66 40 11
78 33 59 12
79 40 7 15
80 56 38 14
81 12 33 12
82 39 30 14
83 33 35 13
84 77 21 13
85 51 22 13
86 27 76 12
87 12 74 15
88 66 13 15
89 29 68 11
90 24 35 15
91 78 82 12
92 10 40 12
93 23 73 15
94 79 20 13
95 59 60 15
96 58 11 11
97 47 68 14
98 77 82 13
99 15 50 10
100 7 10 11
101 13 14 11
102 80 63 14
103 56 8 14
104 60 84 14
105 59 85 15
106 67 82 14
107 21 73 11
108 7 73 10
109 18 40 14
110 38 6 10
111 0 53 11
112 81 42 10
113 74 34 13
114 49 85 13
115 0 42 10
116 53 66 14
117 3 23 12
118 47 20 14
119 66 76 13
120 25 58 15
121 71 33 10
122 56 84 10
123 33 14 14
124 3 22 12
125 15 52 15
126 13 63 13
127 17 24 13
128 72 81 13
129 29 4 14
130 1 42 11
131 24 7 10
132 75 20 12
133 15 67 13
134 36 57 10
135 33 67 12
136 40 5 11
137 26 10 11
138 57 37 15
139 34 62 10
140 44 48 12
141 6 27 13
142 12 41 15
143 3 1 13
144 32 71 14
145 28 65 11
146 55 68 11
147 18 4 11
148 13 40 11
149 6 61 15
150 54 60 14
151 46 63 12
152 59 13 15
153 64 55 14
154 57 18 12
155 2 3 13
156 76 59 11
157 54 43 14
158 57 82 15
159 74 33 14
160 18 84 11
161 15 80 12
162 1 81 14
163 10 63 14
164 25 10 11
165 42 58 10
166 79 7 14
167 25 52 13
168 14 61 13
169 46 64 14
170 10 67 14
171 30 59 13
172 2 53 10
173 83 57 10
174 16 45 12
175 7 57 12
176 69 33 14
177 25 78 10
178 85 61 14
179 20 53 12
180 7 70 11
181 34 84 12
182 39 26 12
183 7 23 14
184 66 42 15
185 40 75 14
186 10 7 14
187 58 57 10
188 62 40 13
189 48 31 12
190 62 74 10
191 24 64 10
192 68 54 14
193 25 20 10
194 1 59 15
195 26 70 15
196 50 42 12
197 29 56 10
198 13 15 11
199 50 76 14
200 22 67 14
201 58 82 11
202 73 56 13
203 11 78 15
204 28 39 14
205 63 60 15
206 48 5 10
207 28 13 10
208 79 68 13
209 16 33 12
210 15 40 13
211 13 69 11
212 49 42 11
213 23 58 10
214 1 51 14
215 33 52 13
216 55 45 13
217 46 69 12
218 4 36 11
219 81 74 10
220 82 7 11
221 56 34 14
222 57 24 13
223 38 46 13
224 63 9 11
225 10 20 12
226 77 70 15
227 57 55 15
228 38 9 12
229 45 60 15
230 85 17 10
231 31 8 15
232 79 10 11
233 74 48 14
234 30 75 15
235 6 21 14
236 20 73 13
237 55 62 15
238 22 2 13
239 10 82 10
240 27 46 10
241 82 29 11
242 52 66 14
243 18 63 14
244 26 54 13
245 61 35 12
246 62 24 11
247 37 42 13
248 14 73 12
249 46 34 14
250 55 69 12
251 60 20 13
252 51 5 12
253 8 22 14
254 11 61 13
255 14 62 10
256 49 74 14
257 36 34 12
258 23 82 14
259 24 74 13
260 27 22 12
261 63 5 10
262 39 21 14
263 84 47 12
264 34 60 10
265 21 6 10
266 56 29 10
267 49 71 10
268 68 5 13
269 71 23 12
270 18 31 14
271 81 76 13
272 81 56 13
273 61 40 11
274 16 79 14
275 72 68 11
276 73 12 14
277 61 43 14
278 73 6 12
279 64 67 12
280 14 74 15
281 39 65 11
282 35 53 12
283 14 8 14
284 66 0 11
285 34 51 13
286 5 2 13
287 13 54 14
288 27 69 12
289 62 30 14
290 9 3 15
291 50 31 13
292 0 56 11
293 9 71 12
294 4 71 11
295 17 50 10
296 51 31 12
297 5 43 12
298 49 36 14
299 64 41 14
300 2 14 13
301 44 21 12
302 7 1 10
303 58 46 12
304 3 37 14
305 85 30 12
306 57 70 10
307 36 11 11
308 60 62 10
309 9 46 11
310 24 66 13
311 76 17 15
312 68 30 14
313 21 76 10
314 19 30 14
315 15 10 15
316 70 62 12
317 83 5 10
318 63 32 11
319 18 49 11
320 68 80 12
321 27 21 11
322 84 62 13
323 5 80 11
324 40 48 13
325 17 75 12
326 35 18 12
327 61 22 11
328 20 54 12
329 61 19 14
330 31 82 11
331 30 20 15
332 27 23 11
333 19 84 13
334 42 48 10
335 63 83 12
336 67 27 12
337 34 85 10
338 58 28 10
339 79 64 15
340 10 65 10
341 73 18 12
342 84 18 12
343 14 21 14
344 55 28 12
345 77 63 12
346 20 17 14
347 65 29 11
348 3 79 11
349 33 79 14
350 4 3 14
351 22 78 11
352 52 56 13
353 68 47 10
354 35 44 12
355 34 76 12
356 39 18 14
357 82 59 11
358 62 18 13
359 71 24 11
360 29 26 12
361 68 27 11
362 62 45 12
363 57 81 15
364 28 63 14
365 43 11 11
366 76 25 10
367 13 49 12
368 27 14 11
369 53 32 12
370 48 78 13
371 56 45 13
372 4 45 13
373 13 61 10
374 46 79 15
375 11 83 14
376 28 29 11
377 29 46 13
378 21 80 15
379 47 43 10
380 15 26 12
381 70 39 10
382 7 31 15
383 33 10 10
384 24 84 11
385 3 84 15
386 83 16 11
387 4 10 13
388 29 69 11
389 16 80 13
390 5 50 14
391 50 80 14
392 82 52 13
393 29 0 13
394 2 79 14
395 52 36 14
396 69 52 11
397 76 78 14
398 57 40 13
399 71 12 14
400 21 79 14
401 42 73 10
402 11 2 11
403 79 67 12
404 74 83 11
405 67 24 12
406 1 72 11
407 18 56 12
408 24 16 14
409 49 77 12
410 64 50 11
411 84 16 10
412 10 31 15
413 1 50 12
414 25 21 11
415 76 50 14
416 9 12 15
417 71 48 13
418 39 14 10
419 49 37 15
420 85 32 13
421 42 77 11
422 24 79 13
423 47 76 13
424 71 19 13
425 74 2 10
426 67 1 10
427 36 58 10
428 25 23 11
429 53 5 15
430 1 67 14
431 68 39 15
432 10 25 15
433 34 79 13
434 31 15 10
435 46 27 14
436 66 67 15
437 84 76 11
438 12 20 14
439 1 39 15
440 34 20 14
441 18 30 15
442 53 15 13
443 2 84 14
444 71 79 15
445 26 68 11
446 8 16 15
447 81 12 10
448 12 46 10
449 6 76 13
450 65 38 14
451 61 3 12
452 81 19 15
453 4 74 13
454 58 51 13
455 13 4 10
456 77 39 12
457 25 9 14
458 80 35 11
459 17 27 13
460 41 30 11
461 60 10 12
462 82 44 10
463 61 48 11
464 25 29 11
465 58 47 10
466 74 84 12
467 39 33 14
468 28 10 13
469 85 36 15
470 74 27 13
471 1 9 13
472 10 55 15
473 65 60 15
474 49 28 15
475 3 62 11
476 59 20 11
477 84 40 13
478 47 69 12
479 67 30 13
480 26 76 10
481 56 4 10
482 27 65 14
483 71 69 10
484 0 18 14
485 41 56 14
486 66 16 11
487 26 29 15
488 43 67 13
489 29 37 11
490 18 53 12
491 9 2 10
492 33 81 12
493 18 24 10
494 46 48 13
495 43 56 13
496 53 1 15
497 51 13 15
498 45 15 13
499 33 30 12
500 22 15 10
501 69 39 11
502 78 68 14
503 72 25 15
504 72 3 11
505 12 55 14
506 52 33 13
507 55 66 10
508 19 50 15
509 71 60 12
510 71 44 10
511 80 13 13
512 54 84 15
513 54 14 11
514 35 62 15
515 48 82 14
516 41 74 13
517 48 54 12
518 54 72 11
519 55 47 14
520 81 5 11
521 70 20 13
522 58 38 13
523 78 35 15
524 69 23 12
525 37 40 13
526 37 57 15
527 71 21 10
528 6 13 11
529 62 84 13
530 65 31 12
531 20 66 10
532 30 62 11
533 33 22 10
534 36 53 15
535 46 29 12
536 20 8 15
537 63 81 10
538 43 60 11
539 48 63 13
540 73 70 11
541 5 6 11
542 6 24 10
543 34 24 11
544 6 62 13
545 72 2 15
546 3 81 10
547 16 11 12
548 24 23 11
549 64 69 12
550 7 72 14
551 43 47 12
552 1 54 11
553 62 15 14
554 15 6 13
555 76 68 12
556 36 35 15
557 69 6 13
558 49 57 15
559 55 17 15
560 78 4 15
561 53 41 10
562 51 44 10
563 16 51 12
564 32 60 11
565 61 4 12
566 21 83 10
567 38 15 12
568 71 57 13
569 67 63 10
570 3 0 14
571 67 43 12
572 44 7 13
573 26 43 15
574 60 51 11
575 85 26 14
576 83 14 11
577 24 41 12
578 82 24 15
579 27 55 10
580 50 19 10
581 26 63 13
582 7 16 15
583 4 80 13
584 4 57 11
585 60 30 13
586 53 68 10
587 30 11 13
588 56 55 10
589 57 77 10
590 34 49 15
591 55 2 10
592 43 42 14
593 30 8 14
594 74 35 14
595 34 78 15
596 77 8 15
597 83 49 10
598 5 23 14
599 56 78 15
600 53 83 11
601 17 41 12
602 42 57 12
603 13 79 12
604 44 81 10
605 66 81 14
606 4 55 13
607 3 29 13
608 29 34 10
609 74 82 10
610 48 10 13
611 72 27 10
612 31 25 11
613 48 25 12
614 41 22 14
615 3 34 15
616 28 24 11
617 49 32 12
618 34 47 14
619 12 51 12
620 53 12 12
621 20 81 14
622 52 70 10
623 41 78 10
624 46 52 13
625 38 83 10
626 80 62 15
627 75 32 14
628 12 56 15
629 78 3 13
630 69 12 11
631 44 56 10
632 50 3 11
633 78 67 15
634 21 18 12
635 70 74 15
636 39 60 10
637 52 62 12
638 77 50 12
639 4 2 15
640 84 2 11
641 14 72 15
642 57 79 13
643 53 38 15
644 56 0 15
645 39 71 13
646 84 3 10
647 51 43 13
648 8 18 12
649 55 52 11
650 42 52 14
651 44 8 11
652 47 8 13
653 17 64 15
654 80 3 11
655 48 13 12
656 22 19 14
657 84 37 13
658 36 49 14
659 62 66 12
660 54 67 10
661 77 35 14
662 2 82 12
663 34 48 11
664 43 70 10
665 5 81 15
666 17 57 11
667 78 11 13
668 13 34 10
669 13 17 10
670 23 78 10
671 44 66 14
672 64 37 10
673 74 25 13
674 81 80 15
675 21 48 15
676 26 11 11
677 38 74 12
678 54 3 13
679 65 8 15
680 65 20 14
681 43 16 10
682 75 84 11
683 69 43 11
684 17 21 14
685 27 15 10
686 39 23 11
687 10 46 12
688 61 74 15
689 57 80 15
690 1 32 14
691 80 73 14
692 84 65 15
693 29 10 15
694 48 84 10
695 40 29 14
696 43 39 11
697 21 65 12
698 44 82 10
699 16 76 15
700 72 26 14
701 58 66 14
702 34 25 10
703 37 73 10
704 57 53 12
705 22 56 11
706 0 74 11
707 6 12 14
708 71 62 10
709 53 81 14
710 80 69 11
711 18 73 11
712 34 7 10
713 14 48 11
714 65 2 10
715 53 69 10
716 59 30 11
717 73 59 12
718 80 82 15
719 4 58 13
720 19 9 14
721 2 55 13
722 7 84 12
723 54 46 12
724 29 35 10
725 6 19 13
726 63 10 13
727 8 58 11
728 58 56 12
729 29 78 14
730 42 33 11
731 11 80 15
732 83 54 10
733 9 69 13
734 75 66 10
735 35 22 15
736 14 64 12
737 73 23 14
738 30 6 10
739 37 35 14
740 18 20 14
741 34 52 14
742 79 59 13
743 52 15 10
744 59 4 15
745 6 11 10
746 73 20 10
747 60 29 13
748 70 55 13
749 41 45 15
750 60 14 14
751 61 21 14
752 5 24 12
753 8 83 11
754 69 53 12
755 9 59 13
756 63 84 15
757 83 29 15
758 62 21 12
759 75 3 13
760 24 44 14
761 28 15 11
762 15 46 10
763 84 5 10
764 77 76 14
765 13 22 14
766 75 67 11
767 34 66 13
768 12 27 15
769 10 12 10
770 66 3 13
771 59 10 10
772 75 11 11
773 7 32 15
774 43 74 11
775 77 46 14
776 48 28 14
777 84 38 12
778 31 41 15
779 35 50 14
780 14 79 13
781 49 22 11
782 6 1 11
783 50 25 13
784 44 61 10
785 66 8 12
786 8 68 15
787 1 58 13
788 69 28 11
789 23 52 10
790 37 38 13
791 33 45 12
792 57 44 11
793 8 7 10
794 17 52 13
795 71 77 15
796 56 39 11
797 60 40 13
798 9 34 14
799 76 8 11
800 47 44 11
801 79 12 15
802 25 77 13
803 72 32 12
804 57 32 10
805 8 85 15
806 42 70 15
807 52 53 14
808 36 73 11
809 56 20 12
810 32 42 11
811 19 35 10
812 4 66 15
813 74 9 11
814 20 74 12
815 24 78 13
816 4 13 10
817 19 85 11
818 73 38 10
819 39 84 11
820 75 7 10
821 72 38 10
822 15 56 13
823 72 22 14
824 25 17 12
825 72 47 10
826 14 0 14
827 54 57 10
828 22 37 14
829 8 9 13
830 73 77 11
831 38 58 15
832 59 53 11
833 77 60 12
834 49 56 14
835 26 0 15
836 59 18 10
837 62 70 11
838 9 82 14
839 17 61 14
840 3 7 13
841 65 83 12
842 50 37 11
843 68 63 11
844 84 56 13
845 24 46 14
846 58 24 10
847 11 10 11
848 46 36 15
849 78 23 12
850 60 35 12
851 52 37 12
852 26 20 14
853 14 47 13
854 9 25 13
855 64 23 11
856 30 84 15
857 18 79 15
858 4 37 13
859 0 66 12
860 4 60 11
861 36 67 10
862 13 65 13
863 79 77 13
864 13 62 14
865 2 69 12
866 71 10 12
867 20 62 13
868 13 9 12
869 20 63 12
870 81 26 13
871 10 30 11
872 4 38 10
873 20 21 11
874 82 64 10
875 82 74 13
876 72 79 10
877 13 10 11
878 3 60 11
879 53 49 10
880 76 51 13
881 56 75 13
882 76 56 14
883 8 48 11
884 51 48 13
885 12 34 10
886 22 52 15
887 46 74 13
888 56 27 11
889 14 17 13
890 9 85 15
891 17 10 12
892 15 79 13
893 83 2 14
894 51 19 13
895 26 32 14
896 79 19 14
897 33 18 13
898 53 11 13
899 64 35 10
900 41 38 14
901 44 83 10
902 16 2 13
903 13 16 15
904 48 65 13
905 31 60 10
906 61 12 15
907 46 67 15
908 77 16 13
909 18 45 14
910 64 29 11
911 72 9 14
912 62 85 14
913 27 53 14
914 53 34 11
915 8 10 15
916 8 0 14
917 8 17 14
918 19 61 13
919 84 44 11
920 77 72 14
921 27 62 13
922 80 59 11
923 39 20 13
924 84 53 13
925 3 11 12
926 17 25 12
927 84 17 13
928 78 34 11
929 36 4 13
930 9 51 11
931 62 51 13
932 33 61 14
933 39 66 13
934 3 82 12
935 15 29 10
936 2 51 13
937 50 5 15
938 19 78 15
939 63 18 14
940 38 42 10
941 25 45 13
942 0 76 14
943 6 9 15
944 33 66 10
945 51 70 10
946 7 54 15
947 43 75 15
948 46 0 11
949 82 51 11
950 18 55 11
951 29 60 12
952 2 42 15
953 80 37 11
954 19 23 15
955 20 61 14
956 35 49 15
957 23 36 10
958 48 66 11
959 57 42 14
960 67 61 15
961 6 18 11
962 2 60 15
963 39 5 15
964 2 52 13
965 39 13 12
966 67 49 13
967 78 40 15
968 16 36 15
969 2 81 14
970 63 34 10
971 40 83 15
972 47 2 13
973 42 62 13
974 33 39 14
975 48 80 11
976 12 38 14
977 15 72 13
978 35 7 12
979 25 51 12
980 37 41 10
981 75 9 15
982 54 6 10
983 81 22 15
984 17 19 13
985 42 54 13
986 76 79 11
987 53 48 11
988 38 29 12
989 12 59 14
990 84 8 12
991 66 5 14
992 78 49 12
993 83 71 13
994 13 38 13
995 78 19 15
996 14 9 14
997 28 48 14
998 59 46 13
999 35 11 11
1000 22 65 13
1001 54 62 10
1002 32 34 12
1003 60 9 14
1004 49 72 12
1005 29 77 10
1006 32 4 14
1007 6 64 13
1008 17 66 15
1009 29 40 15
1010 41 81 13
1011 12 36 11
1012 75 27 10
1013 76 10 15
1014 23 8 11
1015 42 83 14
1016 42 27 15
1017 17 36 10
1018 21 54 13
1019 54 71 12
1020 50 52 10
1021 78 0 15
1022 19 65 14
1023 42 38 10
1024 15 81 11
1025 45 4 11
1026 48 11 12
1027 47 32 15
1028 19 59 15
1029 57 85 10
1030 82 34 10
1031 6 39 12
1032 68 60 13
1033 37 55 14
1034 79 3 15
1035 32 79 15
1036 41 19 13
1037 3 42 15
1038 13 64 12
1039 37 49 12
1040 12 25 13
1041 18 71 10
1042 21 26 10
1043 38 33 14
1044 68 51 11
1045 53 54 14
1046 4 22 14
1047 40 47 12
1048 76 57 12
1049 44 62 10
1050 7 44 13
1051 17 67 15
1052 37 36 11
1053 82 4 15
1054 69 11 15
1055 11 54 10
1056 76 52 11
1057 78 31 14
1058 55 11 11
1059 41 13 10
1060 0 26 13
1061 33 80 15
1062 15 19 10
1063 79 53 14
1064 65 49 10
1065 6 63 13
1066 41 57 10
1067 46 42 13
1068 73 36 13
1069 53 39 13
1070 78 8 15
1071 36 43 13
1072 65 47 14
1073 84 0 14
1074 43 15 14
1075 70 3 14
1076 40 76 14
1077 48 2 11
1078 16 49 13
1079 17 43 15
1080 12 7 11
1081 31 3 14
1082 30 29 10
1083 20 35 13
1084 61 53 15
1085 70 83 14
1086 57 0 13
1087 37 11 10
1088 65 6 14
1089 0 60 15
1090 19 72 14
1091 55 63 11
1092 22 36 14
1093 43 44 10
1094 43 80 13
1095 4 25 12
1096 25 36 14
1097 11 56 10
1098 84 6 10
1099 29 83 15
1100 43 63 15
1101 5 42 14
1102 28 82 12
1103 75 35 11
1104 36 62 12
1105 26 51 14
1106 43 26 14
1107 79 23 14
1108 51 26 13
1109 29 32 15
1110 46 17 12
1111 12 83 13
1112 45 6 13
1113 37 27 15
1114 29 3 12
1115 37 7 15
1116 51 72 13
1117 47 12 12
1118 65 18 13
1119 71 22 13
1120 18 43 13
1121 31 79 11
1122 4 7 14
1123 81 18 15
1124 9 11 13
1125 60 15 12
1126 45 24 13
1127 37 20 10
1128 13 43 11
1129 13 74 15
1130 20 55 15
1131 76 30 13
1132 0 73 14
1133 60 24 14
1134 79 47 12
1135 12 29 10
1136 3 30 15
1137 54 69 14
1138 54 24 12
1139 76 37 10
1140 18 28 10
1141 85 60 12
1142 48 57 12
1143 40 31 13
1144 62 4 14
1145 50 32 11
1146 17 46 13
1147 26 65 12
1148 8 55 10
1149 25 14 11
1150 8 79 10
1151 16 24 14
1152 10 39 12
1153 31 17 13
1154 34 13 12
1155 32 55 12
1156 23 19 12
1157 47 72 11
1158 17 63 10
1159 80 1 13
1160 38 35 10
1161 85 13 12
1162 66 49 11
1163 77 85 15
1164 62 65 11
1165 16 81 14
1166 36 41 11
1167 66 14 11
1168 73 15 15
1169 55 7 12
1170 1 3 15
1171 74 71 14
1172 28 54 14
1173 57 5 10
1174 60 18 10
1175 47 11 14
1176 33 82 13
1177 36 33 10
1178 7 40 12
1179 11 85 11
1180 16 20 15
1181 74 23 11
1182 19 56 11
1183 38 81 12
1184 81 85 12
1185 4 28 14
1186 73 26 12
1187 61 54 15
1188 35 79 14
1189 41 23 15
1190 24 19 12
1191 25 60 13
1192 82 37 11
1193 36 70 12
1194 30 44 10
1195 36 45 12
1196 51 17 13
1197 5 41 12
1198 29 64 12
1199 45 44 14
1200 64 43 14
1201 75 12 15
1202 81 67 14
1203 7 28 12
1204 60 58 15
1205 32 35 15
1206 78 73 12
1207 71 42 11
1208 77 13 10
1209 8 28 10
1210 68 26 11
1211 10 23 10
1212 54 12 15
1213 17 45 10
1214 73 58 11
1215 12 81 10
1216 18 81 15
1217 76 66 15
1218 31 27 10
1219 41 18 15
1220 64 12 10
1221 7 56 12
1222 78 69 14
1223 84 83 14
1224 61 9 10
1225 45 32 14
1226 37 4 12
1227 31 71 10
1228 7 69 13
1229 52 42 14
1230 83 9 12
1231 26 79 11
1232 48 19 11
1233 30 78 11
1234 49 35 13
1235 73 44 12
1236 72 39 13
1237 46 72 11
1238 1 46 12
1239 66 71 14
1240 46 6 13
1241 27 19 12
1242 59 76 10
1243 52 23 15
1244 82 79 15
1245 7 61 13
1246 21 53 14
1247 16 46 11
1248 26 16 10
1249 77 78 15
1250 51 53 11
1251 57 17 12
1252 4 62 10
1253 4 1 14
1254 36 5 13
1255 46 66 14
1256 20 16 11
1257 61 16 15
1258 41 75 14
1259 28 8 13
1260 65 42 14
1261 60 64 15
1262 61 26 12
1263 6 44 11
1264 69 50 13
1265 51 56 13
1266 1 24 13
1267 80 24 13
1268 72 51 13
1269 5 25 13
1270 56 15 15
1271 73 32 15
1272 51 47 10
1273 11 23 11
1274 43 61 14
1275 18 22 11
1276 81 78 12
1277 78 59 10
1278 39 6 13
1279 19 48 11
1280 29 50 12
1281 39 9 12
1282 62 56 15
1283 37 43 14
1284 72 35 10
1285 64 68 11
1286 0 69 14
1287 67 7 14
1288 24 21 10
1289 56 76 13
1290 36 37 15
1291 67 8 13
1292 45 16 12
1293 29 76 10
1294 80 23 12
1295 41 17 12
1296 3 24 10
1297 69 73 15
1298 59 25 15
1299 60 52 10
1300 84 22 13
1301 66 60 10
1302 25 31 11
1303 14 82 12
1304 64 26 15
1305 79 16 14
1306 44 67 15
1307 54 59 12
1308 28 80 13
1309 2 37 14
1310 66 30 11
1311 50 17 15
1312 14 56 15
1313 40 0 13
1314 5 75 12
1315 59 8 14
1316 65 66 10
1317 85 49 15
1318 79 82 15
1319 44 9 11
1320 10 74 10
1321 35 20 14
1322 52 57 11
1323 1 57 12
1324 50 70 15
1325 49 26 14
1326 48 37 13
1327 9 7 15
1328 58 70 15
1329 12 21 13
1330 58 76 12
1331 79 15 13
1332 54 41 12
1333 65 78 14
1334 65 16 11
1335 52 18 13
1336 36 82 10
1337 66 46 13
1338 16 30 11
1339 30 14 13
1340 63 22 14
1341 6 4 11
1342 39 82 13
1343 32 15 15
1344 78 45 10
1345 25 6 13
1346 38 41 12
1347 18 76 10
1348 81 1 11
1349 44 78 11
1350 81 2 12
1351 61 82 10
1352 70 25 14
1353 16 84 11
1354 53 30 15
1355 8 82 13
1356 51 12 11
1357 80 45 15
1358 62 78 14
1359 84 15 15
1360 21 24 11
1361 15 53 10
1362 69 78 14
1363 23 47 13
1364 30 10 10
1365 37 2 11
1366 12 44 11
1367 6 65 10
1368 36 7 11
1369 58 52 10
1370 59 62 14
1371 65 75 11
1372 31 16 11
1373 35 47 12
1374 17 84 11
1375 26 85 15
1376 10 61 15
1377 63 66 10
1378 14 35 11
1379 60 53 12
1380 83 55 12
1381 56 2 13
1382 54 19 10
1383 52 27 12
1384 7 17 10
1385 36 23 10
1386 2 48 15
1387 15 33 10
1388 5 49 12
1389 41 43 14
1390 23 0 10
1391 34 32 12
1392 15 48 10
1393 76 39 13
1394 42 31 13
1395 0 79 11
1396 77 66 11
1397 23 80 11
1398 21 31 15
1399 48 56 13
1400 3 76 14
1401 26 38 11
1402 45 8 13
1403 7 15 11
1404 40 64 14
1405 11 20 10
1406 71 73 14
1407 31 0 14
1408 26 1 10
1409 51 11 14
1410 39 8 10
1411 49 15 10
1412 75 85 15
1413 81 0 13
1414 17 73 13
1415 60 34 13
1416 76 60 13
1417 65 3 11
1418 24 13 13
1419 27 38 14
1420 30 46 12
1421 73 3 14
1422 38 62 10
1423 37 66 14
1424 48 32 11
1425 19 33 13
1426 75 49 11
1427 13 68 15
1428 68 76 14
1429 53 0 14
1430 78 25 15
1431 82 80 11
1432 49 25 12
1433 76 19 13
1434 20 2 12
1435 65 17 12
1436 44 18 10
1437 57 26 14
1438 14 6 10
1439 84 66 14
1440 56 30 15
1441 26 80 11
1442 36 61 10
1443 43 84 11
1444 43 71 14
1445 78 77 15
1446 51 60 11
1447 78 7 11
1448 72 57 11
1449 69 65 12
1450 82 68 12
1451 30 37 11
1452 10 73 10
1453 70 45 15
1454 57 27 12
1455 50 79 14
1456 55 59 12
1457 70 76 13
1458 7 11 12
1459 36 19 15
1460 5 79 15
1461 47 60 13
1462 83 20 10
1463 6 41 15
1464 29 53 14
1465 67 76 10
1466 70 73 13
1467 34 28 12
1468 31 69 11
1469 69 60 13
1470 73 34 15
1471 32 9 10
1472 47 28 15
1473 0 78 10
1474 19 63 15
1475 24 49 13
1476 52 82 11
1477 63 16 12
1478 35 58 10
1479 72 74 13
1480 60 33 12
1481 18 29 14
1482 19 45 11
1483 55 44 15
1484 80 56 12
1485 56 52 15
1486 65 15 10
1487 20 0 10
1488 45 53 12
1489 40 44 11
1490 6 85 12
1491 35 25 15
1492 76 26 14
1493 58 20 15
1494 57 1 13
1495 83 46 14
1496 27 29 12
1497 79 83 11
1498 36 21 11
1499 71 38 12
1500 70 16 11
1501 19 69 14
1502 1 12 15
1503 60 8 10
1504 62 67 10
1505 15 69 13
1506 66 75 11
1507 69 27 14
1508 43 33 11
1509 35 80 12
1510 17 71 12
1511 7 27 14
1512 33 7 12
1513 70 67 13
1514 0 32 14
1515 11 72 11
1516 14 70 15
1517 59 28 11
1518 72 42 10
1519 78 53 11
1520 24 31 12
1521 34 3 15
1522 85 31 14
1523 30 31 11
1524 26 57 15
1525 66 62 11
1526 85 84 11
1527 41 67 10
1528 41 70 11
1529 78 80 14
1530 67 77 15
1531 43 72 15
1532 64 8 12
1533 66 68 10
1534 42 8 12
1535 43 52 13
1536 35 51 12
1537 17 23 13
1538 4 53 11
1539 35 67 13
1540 7 37 11
1541 67 80 10
1542 13 77 11
1543 79 37 15
1544 34 56 13
1545 27 25 15
1546 84 58 13
1547 77 73 11
1548 32 57 10
1549 14 31 10
1550 55 1 12
1551 75 13 14
1552 12 63 14
1553 72 59 10
1554 74 57 11
1555 12 2 14
1556 6 22 13
1557 8 29 13
1558 21 23 12
1559 47 62 14
1560 36 9 14
1561 1 31 11
1562 16 17 10
1563 14 28 15
1564 64 65 13
1565 8 71 13
1566 55 3 13
1567 1 78 12
1568 41 63 11
1569 32 11 13
1570 71 43 15
1571 64 84 15
1572 32 44 15
1573 26 49 14
1574 65 84 10
1575 80 4 12
1576 25 39 10
1577 46 28 12
1578 63 36 14
1579 23 81 11
1580 5 69 10
1581 6 60 15
1582 79 74 11
1583 34 45 13
1584 45 9 11
1585 85 21 13
1586 84 41 11
1587 28 78 13
1588 16 40 15
1589 73 75 14
1590 10 56 14
1591 3 83 15
1592 23 61 10
1593 40 23 11
1594 57 30 13
1595 52 25 14
1596 48 71 10
1597 24 70 11
1598 3 45 11
1599 38 82 12
1600 40 58 15
1601 46 39 11
1602 25 83 15
1603 79 50 10
1604 7 42 13
1605 74 72 13
1606 38 28 10
1607 43 21 11
1608 62 79 10
1609 14 1 15
1610 59 39 13
1611 44 43 10
1612 30 1 11
1613 83 0 10
1614 54 68 15
1615 24 20 10
1616 38 17 10
1617 82 36 11
1618 18 35 13
1619 1 33 11
1620 66 37 14
1621 40 6 10
1622 61 17 12
1623 43 2 14
1624 78 30 11
1625 6 2 14
1626 40 70 15
1627 56 41 11
1628 8 72 11
1629 20 49 14
1630 84 48 12
1631 28 12 10
1632 16 75 10
1633 17 3 14
1634 62 55 15
1635 43 66 11
1636 63 14 15
1637 60 66 13
1638 17 1 14
1639 76 22 13
1640 74 73 13
1641 78 24 12
1642 71 27 11
1643 66 2 13
1644 51 64 14
1645 1 15 13
1646 45 7 10
1647 59 61 12
1648 35 57 12
1649 82 9 13
1650 80 65 10
1651 45 58 11
1652 54 39 15
1653 1 85 14
1654 53 71 10
1655 14 22 10
1656 2 26 14
1657 2 67 15
1658 15 76 13
1659 7 85 12
1660 56 51 12
1661 79 42 12
1662 71 64 12
1663 1 25 13
1664 3 39 10
1665 71 2 14
1666 83 38 14
1667 52 2 15
1668 20 7 14
1669 63 29 14
1670 39 28 11
1671 21 12 12
1672 50 29 12
1673 62 53 14
1674 18 80 12
1675 16 31 14
1676 12 43 12
1677 60 39 11
1678 21 82 14
1679 76 45 12
1680 57 45 12
1681 30 67 11
1682 46 3 13
1683 44 32 10
1684 24 73 10
1685 60 81 12
1686 32 31 11
1687 73 62 14
1688 16 0 11
1689 15 18 11
1690 57 84 10
1691 84 29 11
1692 81 83 15
1693 7 81 12
1694 17 7 13
1695 14 3 14
1696 36 13 10
1697 84 63 13
1698 43 24 11
1699 31 70 13
1700 24 85 15
1701 61 60 11
1702 51 37 11
1703 69 42 15
1704 84 60 11
1705 85 2 15
1706 50 77 10
1707 56 37 11
1708 27 70 10
1709 83 68 13
1710 77 11 14
1711 10 66 10
1712 73 68 10
1713 60 38 12
1714 42 16 15
1715 81 25 13
1716 32 14 10
1717 22 25 11
1718 49 20 14
1719 48 36 10
1720 8 50 14
1721 16 62 13
1722 83 6 11
1723 29 9 15
1724 28 84 13
1725 83 33 14
1726 2 31 13
1727 9 54 14
1728 75 83 11
1729 9 76 10
1730 10 69 12
1731 45 34 10
1732 33 36 14
1733 62 2 11
1734 63 12 13
1735 34 61 12
1736 76 2 13
1737 31 18 14
1738 47 25 11
1739 61 31 13
1740 18 25 10
1741 42 56 13
1742 19 6 15
1743 59 21 13
1744 52 77 11
1745 15 68 15
1746 43 22 15
1747 83 12 14
1748 55 18 12
1749 28 76 12
1750 49 27 14
1751 33 68 13
1752 17 32 11
1753 37 74 10
1754 75 25 12
1755 74 20 13
1756 32 38 14
1757 2 47 12
1758 43 83 14
1759 1 8 14
1760 28 81 13
1761 70 49 13
1762 40 82 13
1763 51 68 10
1764 39 43 15
1765 58 15 10
1766 58 65 10
1767 52 45 12
1768 54 38 13
1769 9 33 13
1770 37 19 10
1771 19 1 13
1772 50 45 13
1773 73 55 13
1774 58 44 14
1775 10 26 12
1776 34 59 13
1777 48 21 11
1778 50 72 13
1779 52 31 13
1780 70 54 10
1781 79 63 13
1782 52 61 15
1783 82 32 10
1784 44 3 13
1785 82 76 11
1786 44 10 15
1787 15 11 12
1788 18 58 15
1789 71 15 15
1790 24 51 11
1791 33 70 10
1792 34 55 13
1793 60 77 11
1794 25 71 11
1795 74 43 15
1796 84 20 15
1797 13 33 10
1798 4 24 15
1799 77 57 14
1800 40 10 12
1801 9 22 10
1802 74 3 13
1803 63 62 11
1804 40 22 15
1805 30 58 15
1806 39 59 13
1807 15 14 12
1808 43 68 15
1809 36 74 15
1810 61 24 14
1811 38 1 10
1812 45 18 10
1813 21 33 10
1814 54 52 13
1815 66 48 15
1816 12 78 14
1817 49 48 12
1818 45 25 11
1819 66 25 13
1820 15 5 13
1821 80 38 13
1822 51 3 11
1823 11 5 13
1824 56 58 11
1825 82 47 11
1826 30 73 13
1827 34 39 10
1828 21 61 12
1829 61 72 14
1830 70 1 11
1831 58 17 10
1832 25 42 11
1833 46 9 11
1834 67 58 12
1835 51 63 15
1836 36 60 12
1837 70 58 10
1838 12 16 15
1839 71 58 10
1840 12 15 13
1841 25 68 13
1842 11 1 14
1843 13 47 11
1844 43 81 11
1845 57 71 10
1846 52 4 14
1847 68 52 11
1848 71 84 12
1849 10 76 13
1850 17 69 12
1851 13 76 12
1852 33 56 12
1853 49 79 10
1854 74 21 11
1855 21 84 15
1856 8 69 11
1857 73 41 13
1858 44 25 14
1859 77 29 11
1860 41 48 11
1861 34 14 14
1862 59 71 13
1863 30 12 14
1864 83 74 11
1865 59 66 13
1866 79 71 15
1867 72 49 15
1868 58 25 13
1869 46 49 14
1870 66 4 15
1871 66 41 15
1872 76 84 13
1873 18 15 13
1874 27 81 15
1875 38 67 13
1876 70 48 15
1877 3 15 10
1878 42 14 15
1879 11 64 12
1880 48 38 10
1881 0 20 11
1882 6 46 14
1883 30 41 14
1884 60 70 14
1885 2 68 11
1886 44 17 13
1887 22 57 11
1888 85 68 11
1889 56 50 10
1890 55 58 10
1891 50 18 12
1892 10 85 13
1893 83 78 11
1894 12 79 15
1895 68 7 14
1896 41 55 15
1897 7 48 15
1898 73 78 11
1899 23 31 11
1900 24 55 13
1901 30 51 15
1902 43 32 15
1903 6 10 14
1904 61 27 10
1905 8 11 11
1906 2 18 13
1907 21 22 10
1908 50 30 10
1909 62 37 15
1910 80 12 14
1911 76 28 14
1912 72 16 15
1913 57 31 11
1914 35 2 14
1915 42 68 13
1916 31 40 12
1917 55 74 11
1918 49 54 11
1919 32 19 14
1920 75 54 13
1921 28 75 10
1922 57 35 11
1923 84 49 13
1924 26 64 15
1925 22 18 14
1926 23 28 15
1927 60 7 15
1928 79 25 10
1929 36 8 13
1930 31 49 10
1931 20 29 14
1932 70 11 14
1933 35 85 15
1934 74 56 12
1935 10 43 11
1936 19 44 10
1937 48 58 15
1938 9 28 11
1939 17 28 13
1940 2 74 10
1941 30 13 11
1942 39 50 12
1943 37 29 14
1944 1 10 12
1945 29 28 14
1946 42 71 11
1947 24 17 15
1948 5 78 10
1949 15 22 14
1950 9 64 12
1951 78 28 15
1952 49 38 12
1953 76 7 11
1954 6 7 13
1955 59 73 14
1956 52 71 15
1957 5 48 15
1958 3 49 12
1959 50 8 11
1960 14 63 12
1961 60 17 13
1962 62 23 11
1963 38 4 13
1964 69 56 13
1965 25 70 13
1966 49 70 14
1967 62 7 13
1968 82 16 10
1969 26 13 13
1970 77 64 11
1971 25 63 14
1972 75 47 11
1973 81 3 12
1974 52 51 14
1975 2 58 11
1976 45 21 13
1977 49 45 11
1978 79 69 10
1979 47 31 15
1980 50 15 10
1981 2 34 15
1982 55 80 10
1983 42 13 10
1984 2 12 14
1985 79 43 10
1986 21 50 12
1987 53 18 13
1988 13 53 13
1989 44 16 10
1990 46 73 11
1991 10 47 13
1992 20 30 14
1993 63 33 11
1994 32 59 12
1995 19 83 12
1996 69 75 10
1997 40 78 13
1998 39 54 12
1999 11 73 14
2000 37 54 15
2001 47 48 11
2002 14 50 10
2003 26 23 15
2004 70 65 14
2005 33 85 14
2006 73 61 14
2007 78 38 10
2008 45 17 14
2009 70 17 14
2010 20 27 10
2011 39 24 15
2012 4 84 11
2013 44 19 10
2014 1 83 11
2015 73 66 14
2016 20 85 13
2017 61 69 11
2018 40 30 12
2019 75 74 13
2020 84 64 15
2021 9 49 10
2022 83 19 10
2023 58 67 14
2024 84 68 15
2025 66 80 10
2026 55 82 11
2027 50 54 13
2028 78 65 13
2029 34 17 11
2030 67 36 12
2031 39 51 10
2032 11 58 14
2033 40 38 14
2034 47 58 10
2035 1 37 14
2036 32 82 15
2037 39 83 15
2038 42 9 15
2039 85 82 14
2040 27 9 11
2041 19 12 15
2042 67 14 15
2043 48 60 10
2044 13 46 13
2045 13 1 10
2046 62 16 13
2047 7 59 13
2048 65 45 10
2049 53 37 15
2050 7 82 13
2051 6 43 14
2052 44 13 15
2053 17 79 12
2054 20 68 14
2055 69 9 10
2056 36 76 13
2057 34 67 15
2058 31 19 12
2059 76 41 13
2060 38 70 12
2061 79 13 11
2062 45 74 14
2063 25 28 12
2064 46 70 11
2065 68 11 14
2066 62 14 13
2067 44 55 14
2068 78 85 11
2069 77 80 11
2070 42 60 15
2071 45 80 10
2072 24 11 12
2073 24 54 13
2074 19 13 11
2075 78 36 15
2076 63 17 12
2077 45 41 15
2078 62 49 14
2079 40 8 10
2080 79 36 14
2081 75 31 15
2082 50 26 14
2083 72 55 10
2084 8 39 12
2085 9 73 12
2086 80 34 12
2087 79 46 15
2088 78 50 10
2089 33 4 14
2090 58 39 10
2091 65 36 10
2092 18 48 12
2093 3 41 11
2094 22 17 13
2095 51 75 15
2096 84 7 12
2097 58 23 10
2098 65 55 12
2099 43 28 11
2100 84 55 10
2101 51 79 10
2102 59 32 14
2103 72 28 15
2104 57 75 10
2105 66 1 12
2106 40 33 13
2107 67 62 11
2108 0 80 11
2109 72 53 15
2110 16 3 12
2111 31 29 13
2112 33 6 14
2113 57 52 11
2114 69 20 13
2115 10 84 11
2116 71 70 11
2117 15 2 15
2118 69 58 11
2119 47 38 10
2120 56 63 15
2121 32 68 14
2122 9 53 14
2123 35 27 11
2124 66 11 11
2125 58 59 12
2126 68 77 15
2127 33 24 13
2128 69 71 13
2129 20 34 11
2130 59 44 14
2131 10 34 10
2132 48 41 10
2133 42 69 10
2134 73 81 12
2135 27 13 13
2136 38 56 10
2137 47 78 15
2138 71 59 12
2139 24 34 10
2140 80 27 11
2141 68 81 12
2142 73 30 11
2143 8 81 13
2144 70 23 11
2145 69 15 14
2146 32 72 15
2147 61 58 12
2148 27 49 13
2149 69 29 12
2150 65 70 12
2151 43 35 14
2152 4 69 13
2153 62 81 14
2154 12 26 14
2155 13 12 14
2156 52 63 15
2157 50 85 12
2158 85 66 15
2159 31 45 13
2160 66 85 11
2161 65 21 11
2162 51 80 14
2163 60 63 13
2164 4 68 12
2165 23 74 14
2166 57 56 10
2167 81 17 11
2168 11 6 15
2169 85 33 13
2170 29 49 15
2171 2 11 12
2172 38 48 10
2173 16 9 12
2174 22 81 11
2175 68 83 15
2176 53 57 11
2177 13 84 14
2178 33 15 15
2179 83 73 12
2180 73 19 15
2181 53 40 15
2182 68 42 15
2183 64 7 11
2184 0 23 15
2185 27 11 12
2186 69 1 14
2187 52 8 11
2188 39 78 11
2189 7 14 14
2190 41 76 13
2191 28 1 14
2192 66 6 13
2193 40 60 11
2194 39 46 13
2195 36 0 15
2196 55 0 13
2197 41 54 14
2198 1 76 14
2199 46 20 10
2200 16 19 14
2201 23 29 15
2202 36 52 13
2203 38 34 13
2204 9 84 13
2205 57 38 11
2206 85 80 15
2207 83 32 15
2208 0 1 10
2209 81 66 15
2210 38 59 15
2211 82 54 13
2212 74 76 15
2213 46 24 12
2214 73 48 10
2215 56 11 11
2216 35 6 14
2217 32 85 13
2218 48 45 15
2219 19 3 15
2220 22 23 15
2221 7 24 15
2222 9 80 12
2223 80 30 13
2224 13 7 12
2225 66 23 13
2226 7 75 13
2227 58 40 10
2228 58 73 13
2229 43 18 11
2230 9 58 14
2231 1 52 13
2232 63 56 12
2233 65 74 11
2234 1 80 10
2235 51 25 15
2236 85 55 14
2237 34 16 13
2238 30 27 13
2239 10 70 14
2240 12 30 12
2241 43 76 15
2242 55 46 13
2243 20 59 11
2244 70 63 14
2245 14 84 15
2246 64 32 15
2247 14 38 13
2248 48 23 15
2249 30 65 10
2250 20 50 13
2251 7 76 12
2252 71 54 13
2253 61 11 15
2254 52 35 10
2255 66 15 12
2256 53 6 12
2257 84 73 14
2258 11 19 14
2259 84 28 13
2260 25 18 11
2261 84 21 14
2262 57 76 14
2263 0 9 11
2264 19 5 14
2265 31 68 15
2266 54 49 13
2267 79 55 12
2268 26 56 13
2269 58 3 11
2270 79 22 13
2271 38 79 14
2272 10 38 11
2273 69 30 14
2274 56 40 10
2275 1 70 15
2276 24 27 13
2277 10 81 14
2278 71 66 14
2279 23 62 10
2280 21 37 15
2281 64 78 10
2282 30 48 10
2283 57 34 12
2284 47 57 15
2285 50 55 15
2286 31 72 12
2287 16 63 12
2288 66 20 13
2289 56 47 14
2290 38 57 14
2291 23 21 13
2292 85 6 10
2293 75 19 12
2294 83 48 13
2295 45 78 12
2296 61 78 15
2297 15 9 14
2298 25 40 10
2299 59 3 14
2300 58 14 13
2301 59 6 11
2302 8 27 12
2303 20 36 11
2304 70 13 13
2305 42 30 15
2306 40 43 12
2307 81 82 13
2308 17 35 12
2309 79 80 14
2310 4 11 12
2311 66 18 14
2312 21 25 13
2313 76 48 14
2314 52 85 12
2315 1 48 13
2316 10 51 12
2317 51 45 10
2318 10 44 10
2319 46 47 14
2320 7 6 13
2321 51 83 10
2322 45 54 15
2323 61 84 11
2324 81 13 11
2325 5 68 12
2326 54 31 15
2327 63 67 11
2328 31 54 14
2329 77 79 15
2330 67 57 11
2331 8 73 10
2332 85 0 15
2333 84 78 10
2334 55 42 10
2335 5 3 12
2336 61 23 10
2337 41 25 12
2338 60 85 10
2339 2 78 11
2340 42 65 13
2341 10 62 10
2342 23 1 10
2343 41 84 12
2344 57 67 14
2345 1 7 15
2346 75 77 12
2347 44 84 12
2348 25 82 11
2349 32 77 11
2350 26 22 15
2351 10 22 15
2352 38 25 10
2353 18 42 14
2354 84 81 11
2355 27 51 15
2356 9 30 11
2357 17 62 13
2358 74 1 12
2359 83 61 15
2360 33 38 13
2361 1 77 15
2362 65 13 10
2363 3 56 15
2364 61 67 12
2365 25 37 15
2366 83 24 15
2367 31 44 15
2368 58 5 10
2369 50 27 13
2370 41 3 13
2371 2 40 10
2372 28 31 15
2373 61 71 12
2374 45 57 15
2375 30 52 11
2376 44 30 10
2377 31 34 15
2378 21 56 11
2379 23 16 13
2380 16 57 11
2381 16 23 14
2382 2 75 15
2383 62 42 10
2384 23 72 11
2385 33 1 14
2386 73 52 12
2387 53 59 14
2388 72 45 15
2389 48 35 15
2390 45 77 15
2391 67 84 10
2392 26 4 11
2393 20 75 11
2394 71 37 12
2395 22 21 10
2396 37 26 11
2397 82 6 12
2398 0 24 10
2399 25 0 14
2400 43 64 13
2401 82 23 10
2402 21 3 13
2403 45 19 10
2404 2 22 12
2405 45 50 14
2406 27 10 14
2407 55 20 11
2408 81 14 12
2409 61 36 12
2410 29 63 11
2411 0 44 11
2412 53 16 13
2413 52 30 10
2414 4 75 13
2415 48 29 15
2416 23 41 11
2417 58 84 11
2418 77 56 13
2419 62 33 14
2420 29 74 10
2421 1 29 13
2422 46 50 14
2423 39 31 10
2424 38 3 10
2425 60 71 12
2426 20 78 12
2427 30 25 15
2428 32 23 14
2429 36 1 14
2430 80 68 14
2431 28 64 10
2432 23 84 14
2433 42 19 10
2434 6 36 15
2435 11 51 12
2436 70 46 15
2437 11 47 12
2438 33 69 13
2439 17 15 14
2440 59 1 11
2441 78 46 15
2442 5 85 14
2443 70 66 12
2444 21 29 15
2445 17 8 13
2446 73 69 15
2447 5 54 14
2448 49 18 11
2449 34 36 13
2450 23 54 12
2451 85 62 15
2452 57 16 11
2453 59 35 15
2454 70 37 13
2455 76 23 13
2456 5 45 14
2457 76 33 12
2458 48 12 13
2459 28 40 11
2460 51 7 13
2461 64 36 12
2462 63 0 13
2463 62 39 10
2464 3 19 15
2465 81 6 10
2466 57 8 10
2467 3 54 12
2468 65 50 14
2469 68 12 12
2470 67 38 14
2471 81 77 12
2472 33 9 15
2473 8 23 12
2474 23 15 13
2475 20 79 12
2476 18 9 14
2477 52 55 13
2478 27 84 14
2479 47 74 12
2480 71 50 11
2481 60 82 15
2482 67 44 12
2483 75 56 10
2484 79 61 15
2485 67 56 10
2486 55 25 11
2487 61 80 14
2488 58 33 13
2489 19 52 13
2490 49 66 10
2491 8 43 15
2492 51 39 10
2493 61 50 11
2494 22 68 11
2495 3 61 12
2496 80 75 12
2497 78 52 11
2498 82 31 11
2499 35 43 14
2500 30 9 12
2501 84 10 12
2502 21 10 12
2503 32 28 12
2504 18 44 10
2505 7 67 15
2506 48 77 14
2507 16 4 12
2508 24 32 15
2509 75 38 14
2510 69 24 12
2511 74 36 11
2512 66 31 12
2513 17 56 10
2514 57 61 15
2515 35 76 13
2516 50 78 10
2517 63 82 10
2518 30 16 12
2519 29 36 10
2520 58 83 13
2521 10 13 13
2522 7 4 12
2523 40 79 13
2524 1 79 10
2525 4 72 15
2526 68 36 10
2527 20 56 10
2528 82 73 12
2529 25 11 12
2530 21 14 10
2531 53 23 12
2532 83 51 15
2533 69 51 12
2534 43 82 10
2535 48 73 13
2536 44 29 13
2537 80 84 15
2538 71 80 10
2539 67 60 10
2540 52 29 12
2541 36 24 10
2542 29 31 10
2543 11 18 15
2544 62 6 13
2545 36 40 12
2546 26 73 15
2547 83 72 10
2548 35 74 13
2549 2 30 10
2550 26 28 13
2551 14 51 10
2552 6 54 12
2553 3 40 13
2554 56 54 15
2555 83 11 12
2556 1 49 14
2557 2 5 12
2558 71 53 11
2559 35 4 14
2560 43 13 13
2561 38 37 10
2562 31 67 14
2563 69 83 11
2564 31 84 12
2565 58 26 11
2566 49 12 13
2567 61 79 14
2568 65 72 10
2569 36 26 14
2570 0 40 14
2571 3 59 13
2572 0 85 12
2573 65 54 14
2574 61 30 11
2575 71 18 10
2576 23 6 10
2577 77 67 14
2578 17 14 15
2579 44 2 14
