otherCase
0
1 54
2 84
3 4
4 4
5 4
6 4
7 18
8 4
9 9
10 4
11 18
12 84
13 18
14 9
15 9
16 9
17 9
18 18
19 9
20 54
21 4
22 18
23 18
24 9
25 9
26 4
27 4
28 9
29 18
30 9
31 73
32 4
33 4
34 4
35 73
36 78
37 4
38 4
39 78
40 18
41 4
42 4
43 9
44 9
45 4
46 73
47 4
48 54
49 9
50 18
51 84
52 4
53 73
54 54
55 9
56 4
57 4
58 78
59 54
60 84
61 4
62 4
63 4
64 54
65 4
66 9
67 54
68 4
69 84
70 9
71 9
72 18
73 73
74 4
75 73
76 9
77 4
78 78
79 54
80 18
81 9
82 4
83 84
84 84
85 84
86 4
87 73
88 84
1
0 54
2 84
3 7
4 21
5 29
6 60
7 7
8 7
9 15
10 21
11 76
12 21
13 7
14 35
15 15
16 35
17 15
18 29
19 15
20 54
21 21
22 21
23 60
24 7
25 7
26 15
27 15
28 60
29 29
30 35
31 7
32 21
33 71
34 15
35 35
36 71
37 29
38 21
39 29
40 21
41 21
42 21
43 15
44 35
45 21
46 35
47 7
48 54
49 15
50 7
51 60
52 60
53 35
54 54
55 15
56 7
57 60
58 7
59 21
60 60
61 7
62 15
63 21
64 21
65 15
66 15
67 67
68 7
69 21
70 35
71 71
72 71
73 35
74 15
75 15
76 76
77 35
78 7
79 7
80 7
81 29
82 21
83 84
84 84
85 21
86 60
87 21
88 21
2
0 84
1 84
3 22
4 77
5 42
6 42
7 77
8 12
9 77
10 12
11 12
12 12
13 77
14 12
15 75
16 77
17 42
18 22
19 22
20 22
21 22
22 22
23 22
24 12
25 42
26 22
27 22
28 84
29 42
30 12
31 22
32 42
33 42
34 75
35 77
36 22
37 42
38 22
39 22
40 42
41 22
42 42
43 77
44 22
45 22
46 75
47 22
48 85
49 77
50 42
51 84
52 84
53 22
54 22
55 42
56 42
57 12
58 22
59 22
60 84
61 12
62 75
63 22
64 22
65 22
66 42
67 84
68 22
69 85
70 22
71 42
72 12
73 75
74 75
75 75
76 77
77 77
78 42
79 22
80 77
81 12
82 22
83 84
84 84
85 85
86 77
87 22
88 85
3
0 4
1 33
2 4
4 4
5 4
6 4
7 79
8 45
9 4
10 4
11 26
12 26
13 4
14 32
15 26
16 4
17 4
18 4
19 4
20 4
21 45
22 26
23 79
24 32
25 46
26 26
27 4
28 32
29 32
30 32
31 26
32 32
33 33
34 79
35 4
36 46
37 33
38 4
39 4
40 32
41 4
42 4
43 26
44 26
45 45
46 46
47 79
48 4
49 26
50 26
51 4
52 4
53 26
54 79
55 26
56 4
57 4
58 4
59 26
60 4
61 4
62 4
63 33
64 32
65 4
66 26
67 32
68 4
69 4
70 32
71 33
72 32
73 46
74 79
75 46
76 26
77 4
78 4
79 79
80 26
81 26
82 4
83 26
84 4
85 4
86 4
87 45
88 4
4
0 0
1 0
2 77
3 3
5 6
6 6
7 3
8 82
9 0
10 10
11 10
12 10
13 77
14 27
15 6
16 27
17 56
18 0
19 6
20 27
21 82
22 3
23 0
24 27
25 3
26 3
27 27
28 0
29 0
30 0
31 0
32 3
33 3
34 27
35 77
36 78
37 6
38 10
39 27
40 3
41 82
42 56
43 6
44 27
45 3
46 3
47 6
48 56
49 77
50 56
51 6
52 82
53 0
54 0
55 6
56 56
57 10
58 78
59 3
60 6
61 27
62 27
63 82
64 3
65 27
66 6
67 0
68 56
69 27
70 3
71 3
72 0
73 0
74 27
75 0
76 77
77 77
78 78
79 3
80 0
81 10
82 82
83 0
84 0
85 56
86 82
87 3
88 27
5
0 6
1 29
2 13
3 6
4 6
6 6
7 13
8 13
9 30
10 6
11 13
12 13
13 13
14 30
15 6
16 25
17 39
18 13
19 6
20 30
21 25
22 6
23 6
24 13
25 25
26 13
27 39
28 6
29 29
30 30
31 13
32 30
33 6
34 56
35 29
36 25
37 6
38 6
39 39
40 25
41 13
42 56
43 6
44 30
45 6
46 25
47 6
48 13
49 6
50 13
51 6
52 6
53 13
54 13
55 6
56 56
57 6
58 13
59 13
60 6
61 13
62 62
63 30
64 30
65 30
66 6
67 29
68 56
69 56
70 30
71 6
72 30
73 13
74 62
75 62
76 29
77 13
78 39
79 25
80 13
81 29
82 6
83 13
84 6
85 56
86 13
87 13
88 56
6
0 4
1 60
2 4
3 4
4 4
5 5
7 5
8 4
9 19
10 4
11 19
12 60
13 5
14 5
15 60
16 4
17 4
18 4
19 19
20 4
21 4
22 60
23 60
24 5
25 5
26 4
27 4
28 60
29 5
30 5
31 19
32 4
33 37
34 19
35 4
36 4
37 37
38 4
39 5
40 5
41 4
42 37
43 19
44 5
45 4
46 4
47 47
48 4
49 37
50 5
51 60
52 60
53 4
54 4
55 37
56 4
57 60
58 4
59 4
60 60
61 4
62 5
63 4
64 37
65 4
66 19
67 60
68 37
69 4
70 60
71 37
72 5
73 4
74 4
75 4
76 37
77 4
78 4
79 47
80 37
81 5
82 4
83 60
84 60
85 4
86 60
87 19
88 4
7
0 1
1 1
2 1
3 79
4 13
5 13
6 1
8 8
9 79
10 1
11 58
12 8
13 13
14 1
15 1
16 13
17 13
18 13
19 13
20 1
21 1
22 1
23 58
24 8
25 79
26 13
27 58
28 1
29 1
30 1
31 13
32 79
33 1
34 58
35 1
36 58
37 13
38 1
39 13
40 1
41 13
42 13
43 58
44 58
45 1
46 79
47 79
48 13
49 79
50 13
51 1
52 1
53 13
54 1
55 13
56 79
57 1
58 58
59 13
60 1
61 58
62 13
63 58
64 1
65 58
66 1
67 1
68 58
69 1
70 58
71 1
72 79
73 1
74 79
75 79
76 1
77 13
78 58
79 79
80 80
81 1
82 1
83 1
84 1
85 1
86 13
87 13
88 58
8
0 7
1 7
2 21
3 7
4 21
5 7
6 7
7 7
9 24
10 21
11 7
12 24
13 7
14 24
15 7
16 7
17 7
18 7
19 21
20 21
21 21
22 21
23 24
24 24
25 7
26 21
27 24
28 24
29 7
30 24
31 7
32 21
33 7
34 24
35 7
36 7
37 7
38 21
39 7
40 21
41 21
42 21
43 24
44 7
45 21
46 7
47 7
48 7
49 7
50 7
51 7
52 21
53 7
54 7
55 7
56 7
57 24
58 7
59 21
60 7
61 24
62 7
63 21
64 21
65 24
66 21
67 7
68 7
69 21
70 7
71 7
72 7
73 7
74 7
75 7
76 7
77 7
78 7
79 7
80 7
81 24
82 21
83 7
84 7
85 21
86 7
87 21
88 21
9
0 0
1 0
2 0
3 0
4 0
5 30
6 19
7 49
8 30
10 0
11 19
12 30
13 0
14 30
15 49
16 16
17 17
18 0
19 19
20 0
21 19
22 49
23 0
24 30
25 16
26 49
27 16
28 28
29 0
30 30
31 19
32 30
33 30
34 17
35 30
36 17
37 49
38 0
39 17
40 16
41 17
42 17
43 19
44 30
45 0
46 0
47 19
48 0
49 49
50 16
51 28
52 19
53 17
54 0
55 49
56 17
57 28
58 0
59 49
60 28
61 28
62 16
63 30
64 30
65 49
66 19
67 0
68 17
69 49
70 17
71 49
72 30
73 0
74 17
75 0
76 49
77 16
78 0
79 49
80 49
81 49
82 19
83 16
84 0
85 0
86 17
87 19
88 28
10
0 4
1 38
2 4
3 4
4 4
5 4
6 4
7 4
8 38
9 4
11 57
12 57
13 4
14 4
15 57
16 4
17 4
18 4
19 4
20 4
21 38
22 38
23 57
24 57
25 46
26 4
27 4
28 57
29 57
30 4
31 46
32 4
33 4
34 4
35 4
36 46
37 4
38 38
39 4
40 38
41 4
42 4
43 46
44 4
45 4
46 46
47 4
48 4
49 4
50 4
51 57
52 4
53 46
54 4
55 4
56 4
57 57
58 4
59 4
60 57
61 4
62 4
63 4
64 38
65 4
66 4
67 38
68 4
69 4
70 4
71 4
72 46
73 46
74 4
75 46
76 57
77 4
78 4
79 4
80 4
81 57
82 4
83 4
84 4
85 4
86 4
87 4
88 4
11
0 31
1 76
2 57
3 31
4 57
5 31
6 31
7 58
8 58
9 31
10 57
12 57
13 31
14 72
15 31
16 31
17 72
18 72
19 31
20 58
21 76
22 31
23 58
24 31
25 31
26 31
27 58
28 57
29 57
30 72
31 31
32 72
33 72
34 31
35 31
36 72
37 31
38 57
39 58
40 31
41 58
42 31
43 31
44 31
45 31
46 31
47 72
48 31
49 31
50 31
51 57
52 76
53 31
54 72
55 31
56 58
57 57
58 58
59 31
60 57
61 58
62 31
63 58
64 72
65 31
66 31
67 76
68 58
69 31
70 31
71 72
72 72
73 31
74 31
75 31
76 76
77 31
78 58
79 72
80 31
81 57
82 31
83 31
84 57
85 31
86 31
87 31
88 58
12
0 2
1 2
2 2
3 22
4 2
5 24
6 57
7 24
8 24
9 24
10 57
11 57
13 24
14 24
15 57
16 2
17 2
18 22
19 22
20 22
21 22
22 22
23 22
24 24
25 2
26 22
27 22
28 24
29 57
30 24
31 22
32 24
33 2
34 24
35 2
36 22
37 2
38 22
39 22
40 2
41 22
42 2
43 24
44 22
45 22
46 57
47 22
48 2
49 2
50 2
51 57
52 57
53 22
54 22
55 2
56 2
57 57
58 22
59 22
60 57
61 24
62 2
63 22
64 22
65 22
66 24
67 2
68 22
69 2
70 22
71 2
72 24
73 2
74 2
75 2
76 57
77 2
78 2
79 22
80 2
81 57
82 22
83 2
84 2
85 2
86 24
87 22
88 2
13
0 18
1 7
2 77
3 7
4 77
5 5
6 5
7 7
8 7
9 5
10 60
11 31
12 24
14 5
15 60
16 77
17 86
18 18
19 31
20 37
21 7
22 18
23 18
24 24
25 5
26 31
27 5
28 60
29 5
30 5
31 31
32 5
33 37
34 24
35 77
36 18
37 37
38 7
39 5
40 5
41 50
42 37
43 24
44 31
45 31
46 5
47 5
48 48
49 31
50 50
51 60
52 60
53 48
54 48
55 37
56 5
57 60
58 7
59 48
60 60
61 24
62 5
63 5
64 37
65 18
66 31
67 7
68 37
69 48
70 31
71 37
72 18
73 31
74 5
75 31
76 7
77 77
78 5
79 7
80 7
81 5
82 86
83 50
84 60
85 48
86 86
87 31
88 24
14
0 30
1 30
2 30
3 30
4 62
5 30
6 30
7 30
8 30
9 30
10 43
11 30
12 30
13 30
15 43
16 30
17 30
18 30
19 43
20 30
21 30
22 30
23 30
24 30
25 30
26 43
27 62
28 30
29 30
30 30
31 30
32 30
33 30
34 43
35 30
36 43
37 43
38 30
39 30
40 30
41 30
42 30
43 43
44 30
45 30
46 43
47 30
48 62
49 43
50 30
51 30
52 30
53 62
54 62
55 43
56 30
57 30
58 30
59 62
60 30
61 43
62 62
63 30
64 30
65 30
66 43
67 30
68 30
69 30
70 30
71 30
72 30
73 30
74 62
75 62
76 43
77 30
78 43
79 30
80 30
81 43
82 30
83 30
84 30
85 30
86 30
87 30
88 43
15
0 1
1 1
2 1
3 49
4 49
5 1
6 60
7 1
8 1
9 49
10 60
11 1
12 60
13 60
14 49
16 49
17 74
18 1
19 66
20 1
21 1
22 1
23 60
24 49
25 49
26 49
27 74
28 60
29 1
30 1
31 49
32 66
33 1
34 66
35 1
36 49
37 49
38 1
39 49
40 66
41 1
42 49
43 49
44 49
45 1
46 1
47 49
48 1
49 49
50 60
51 60
52 60
53 49
54 1
55 49
56 49
57 60
58 1
59 49
60 60
61 49
62 74
63 49
64 1
65 49
66 66
67 1
68 49
69 49
70 49
71 1
72 1
73 1
74 74
75 74
76 1
77 49
78 49
79 49
80 49
81 49
82 1
83 1
84 1
85 1
86 60
87 49
88 49
16
0 9
1 77
2 77
3 25
4 27
5 25
6 9
7 25
8 9
9 9
10 25
11 9
12 77
13 77
14 9
15 9
17 9
18 9
19 9
20 27
21 25
22 27
23 25
24 9
25 25
26 83
27 27
28 9
29 25
30 9
31 9
32 83
33 77
34 27
35 77
36 9
37 77
38 25
39 27
40 25
41 83
42 25
43 9
44 9
45 25
46 25
47 25
48 27
49 9
50 83
51 9
52 9
53 9
54 9
55 9
56 9
57 9
58 27
59 83
60 9
61 27
62 27
63 9
64 27
65 27
66 9
67 27
68 27
69 27
70 9
71 9
72 9
73 9
74 27
75 27
76 9
77 77
78 9
79 25
80 9
81 9
82 9
83 83
84 83
85 77
86 25
87 9
88 27
17
0 9
1 74
2 56
3 36
4 56
5 39
6 9
7 56
8 9
9 9
10 36
11 36
12 9
13 86
14 9
15 74
16 9
18 9
19 9
20 70
21 56
22 53
23 56
24 9
25 86
26 53
27 39
28 9
29 39
30 9
31 9
32 70
33 9
34 74
35 9
36 36
37 9
38 36
39 39
40 56
41 53
42 56
43 36
44 70
45 36
46 36
47 56
48 53
49 9
50 36
51 86
52 86
53 53
54 9
55 9
56 56
57 86
58 36
59 53
60 86
61 9
62 74
63 9
64 70
65 9
66 9
67 70
68 36
69 56
70 70
71 9
72 36
73 53
74 74
75 74
76 9
77 9
78 36
79 56
80 9
81 9
82 86
83 9
84 9
85 56
86 86
87 9
88 56
18
0 0
1 29
2 0
3 0
4 0
5 13
6 0
7 13
8 13
9 0
10 0
11 72
12 13
13 13
14 30
15 13
16 0
17 0
19 0
20 0
21 23
22 23
23 23
24 13
25 13
26 13
27 0
28 0
29 29
30 30
31 13
32 30
33 13
34 80
35 29
36 72
37 13
38 0
39 0
40 29
41 13
42 13
43 30
44 23
45 0
46 0
47 23
48 13
49 80
50 13
51 13
52 13
53 0
54 0
55 13
56 0
57 13
58 23
59 13
60 13
61 13
62 13
63 23
64 30
65 23
66 13
67 29
68 80
69 23
70 23
71 72
72 72
73 0
74 23
75 0
76 23
77 13
78 0
79 23
80 80
81 23
82 0
83 0
84 0
85 0
86 13
87 13
88 0
19
0 9
1 6
2 6
3 6
4 6
5 6
6 6
7 25
8 82
9 9
10 6
11 31
12 6
13 31
14 43
15 66
16 9
17 9
18 9
20 82
21 82
22 31
23 6
24 9
25 25
26 31
27 6
28 9
29 6
30 9
31 31
32 9
33 6
34 66
35 9
36 43
37 6
38 82
39 6
40 25
41 82
42 6
43 43
44 31
45 31
46 25
47 6
48 31
49 9
50 31
51 6
52 66
53 9
54 9
55 43
56 6
57 6
58 31
59 31
60 6
61 43
62 6
63 82
64 66
65 66
66 66
67 6
68 6
69 66
70 9
71 6
72 9
73 31
74 9
75 31
76 9
77 6
78 6
79 25
80 9
81 9
82 82
83 9
84 6
85 82
86 25
87 31
88 43
20
0 54
1 54
2 22
3 22
4 27
5 27
6 27
7 54
8 22
9 27
10 27
11 68
12 22
13 54
14 27
15 27
16 27
17 70
18 22
19 63
21 22
22 22
23 22
24 22
25 27
26 22
27 27
28 70
29 54
30 63
31 22
32 64
33 63
34 68
35 54
36 68
37 68
38 22
39 27
40 22
41 68
42 22
43 27
44 70
45 22
46 68
47 54
48 54
49 22
50 68
51 22
52 64
53 22
54 54
55 68
56 68
57 22
58 68
59 22
60 22
61 27
62 27
63 63
64 64
65 27
66 27
67 64
68 68
69 27
70 70
71 64
72 54
73 75
74 27
75 75
76 54
77 22
78 27
79 54
80 68
81 22
82 63
83 22
84 22
85 22
86 63
87 22
88 27
21
0 1
1 1
2 22
3 45
4 82
5 1
6 1
7 1
8 8
9 82
10 38
11 1
12 22
13 1
14 1
15 1
16 40
17 82
18 1
19 82
20 22
22 22
23 22
24 8
25 40
26 22
27 22
28 1
29 1
30 1
31 22
32 40
33 1
34 40
35 1
36 1
37 1
38 38
39 1
40 40
41 82
42 40
43 82
44 40
45 45
46 38
47 1
48 85
49 1
50 40
51 1
52 64
53 22
54 1
55 1
56 85
57 1
58 1
59 22
60 1
61 8
62 85
63 82
64 64
65 22
66 40
67 1
68 22
69 85
70 22
71 1
72 1
73 1
74 1
75 22
76 1
77 1
78 82
79 1
80 1
81 1
82 82
83 1
84 1
85 85
86 82
87 45
88 85
22
0 2
1 21
2 2
3 26
4 2
5 2
6 23
7 21
8 21
9 26
10 12
11 12
12 12
13 2
14 12
15 21
16 2
17 20
18 23
19 21
20 20
21 21
23 23
24 12
25 21
26 26
27 20
28 20
29 21
30 12
31 26
32 20
33 20
34 20
35 2
36 20
37 2
38 21
39 20
40 21
41 59
42 2
43 26
44 23
45 21
46 26
47 23
48 59
49 26
50 2
51 23
52 20
53 26
54 20
55 26
56 2
57 12
58 23
59 59
60 23
61 12
62 20
63 20
64 20
65 23
66 21
67 20
68 20
69 2
70 20
71 20
72 23
73 2
74 2
75 2
76 21
77 2
78 23
79 23
80 20
81 23
82 21
83 26
84 2
85 2
86 21
87 59
88 2
23
0 18
1 60
2 22
3 79
4 18
5 18
6 60
7 58
8 24
9 18
10 60
11 58
12 22
13 18
14 18
15 60
16 65
17 44
18 18
19 44
20 22
21 22
22 22
24 24
25 79
26 22
27 65
28 60
29 18
30 18
31 44
32 18
33 63
34 24
35 44
36 18
37 18
38 22
39 58
40 44
41 22
42 22
43 24
44 44
45 22
46 79
47 79
48 18
49 44
50 18
51 60
52 60
53 22
54 79
55 44
56 79
57 60
58 58
59 22
60 60
61 24
62 44
63 63
64 22
65 65
66 65
67 60
68 58
69 65
70 44
71 18
72 18
73 18
74 44
75 22
76 81
77 18
78 58
79 79
80 18
81 81
82 63
83 22
84 60
85 22
86 60
87 22
88 24
24
0 13
1 8
2 12
3 23
4 13
5 13
6 13
7 8
8 8
9 30
10 12
11 12
12 12
13 13
14 30
15 13
16 13
17 13
18 13
19 13
20 12
21 8
22 12
23 23
25 13
26 12
27 61
28 61
29 13
30 30
31 13
32 30
33 13
34 61
35 30
36 30
37 13
38 8
39 13
40 8
41 13
42 12
43 61
44 23
45 8
46 12
47 23
48 13
49 61
50 13
51 13
52 13
53 13
54 13
55 13
56 13
57 12
58 23
59 12
60 13
61 61
62 13
63 23
64 8
65 23
66 61
67 8
68 13
69 23
70 23
71 13
72 30
73 13
74 23
75 12
76 23
77 13
78 23
79 23
80 8
81 23
82 8
83 13
84 12
85 8
86 13
87 13
88 61
25
0 16
1 5
2 16
3 46
4 5
5 5
6 5
7 79
8 40
9 16
10 46
11 19
12 5
13 5
14 5
15 19
16 16
17 86
18 5
19 19
20 16
21 40
22 40
23 79
24 5
26 16
27 16
28 16
29 5
30 5
31 19
32 40
33 46
34 19
35 5
36 46
37 5
38 40
39 5
40 40
41 19
42 40
43 19
44 40
45 40
46 46
47 79
48 5
49 79
50 5
51 86
52 19
53 46
54 79
55 19
56 5
57 46
58 40
59 5
60 86
61 16
62 5
63 5
64 40
65 16
66 19
67 5
68 5
69 5
70 40
71 79
72 79
73 46
74 79
75 46
76 79
77 16
78 5
79 79
80 79
81 5
82 19
83 16
84 16
85 5
86 86
87 19
88 5
26
0 3
1 22
2 22
3 3
4 3
5 31
6 3
7 3
8 22
9 49
10 3
11 31
12 22
13 31
14 49
15 49
16 83
17 53
18 22
19 31
20 22
21 22
22 22
23 22
24 22
25 3
27 3
28 49
29 49
30 3
31 31
32 3
33 3
34 31
35 31
36 3
37 49
38 22
39 49
40 3
41 53
42 22
43 49
44 31
45 3
46 3
47 3
48 53
49 49
50 83
51 22
52 31
53 53
54 3
55 49
56 3
57 22
58 22
59 59
60 22
61 49
62 53
63 3
64 3
65 49
66 31
67 3
68 22
69 49
70 3
71 49
72 3
73 31
74 3
75 22
76 49
77 49
78 49
79 3
80 49
81 49
82 3
83 83
84 83
85 59
86 31
87 31
88 49
27
0 4
1 20
2 4
3 4
4 4
5 39
6 4
7 61
8 61
9 16
10 4
11 61
12 20
13 4
14 62
15 74
16 16
17 39
18 4
19 4
20 20
21 4
22 20
23 65
24 61
25 16
26 4
28 61
29 39
30 16
31 61
32 4
33 4
34 61
35 4
36 4
37 4
38 4
39 39
40 16
41 4
42 4
43 61
44 74
45 4
46 4
47 4
48 61
49 61
50 16
51 4
52 4
53 39
54 20
55 61
56 4
57 4
58 61
59 20
60 4
61 61
62 62
63 20
64 20
65 65
66 61
67 20
68 20
69 65
70 20
71 20
72 74
73 4
74 74
75 20
76 61
77 4
78 4
79 74
80 20
81 61
82 4
83 16
84 4
85 4
86 4
87 4
88 61
28
0 9
1 60
2 60
3 70
4 9
5 9
6 60
7 60
8 61
9 9
10 60
11 60
12 60
13 60
14 9
15 60
16 9
17 9
18 9
19 9
20 70
21 60
22 60
23 60
24 61
25 9
26 9
27 61
29 60
30 9
31 9
32 70
33 9
34 61
35 9
36 9
37 9
38 60
39 9
40 61
41 9
42 9
43 61
44 70
45 60
46 9
47 60
48 61
49 9
50 60
51 60
52 60
53 9
54 9
55 9
56 9
57 60
58 61
59 61
60 60
61 61
62 61
63 9
64 60
65 9
66 61
67 60
68 61
69 9
70 70
71 9
72 9
73 9
74 9
75 70
76 9
77 9
78 9
79 9
80 9
81 9
82 9
83 9
84 60
85 60
86 60
87 9
88 61
29
0 18
1 1
2 1
3 37
4 5
5 5
6 5
7 1
8 1
9 5
10 81
11 1
12 81
13 5
14 5
15 1
16 5
17 5
18 18
19 5
20 1
21 1
22 1
23 18
24 5
25 5
26 37
27 5
28 1
30 5
31 5
32 40
33 37
34 37
35 35
36 18
37 37
38 1
39 5
40 40
41 37
42 37
43 37
44 35
45 1
46 5
47 5
48 1
49 37
50 5
51 1
52 1
53 35
54 1
55 37
56 5
57 81
58 1
59 35
60 1
61 37
62 5
63 5
64 1
65 18
66 40
67 1
68 37
69 35
70 35
71 1
72 18
73 35
74 1
75 35
76 1
77 35
78 5
79 1
80 18
81 81
82 1
83 1
84 1
85 35
86 1
87 1
88 35
30
0 9
1 35
2 24
3 32
4 5
5 5
6 5
7 5
8 24
9 9
10 5
11 72
12 24
13 5
14 14
15 9
16 9
17 9
18 18
19 9
20 63
21 24
22 18
23 18
24 24
25 5
26 9
27 5
28 9
29 5
31 44
32 32
33 63
34 24
35 35
36 72
37 5
38 24
39 5
40 32
41 63
42 5
43 14
44 44
45 32
46 5
47 5
48 5
49 9
50 5
51 5
52 32
53 9
54 9
55 9
56 5
57 24
58 44
59 35
60 5
61 24
62 5
63 63
64 32
65 63
66 9
67 32
68 63
69 35
70 32
71 72
72 72
73 35
74 44
75 35
76 9
77 35
78 5
79 72
80 18
81 5
82 63
83 32
84 9
85 35
86 5
87 44
88 24
31
0 73
1 11
2 13
3 26
4 13
5 13
6 19
7 13
8 13
9 19
10 11
11 11
12 11
13 13
14 19
15 49
16 13
17 13
18 13
19 19
20 26
21 19
22 26
23 44
24 13
25 19
26 26
27 44
28 13
29 13
30 44
32 11
33 13
34 66
35 44
36 11
37 13
38 11
39 13
40 44
41 13
42 13
43 19
44 44
45 87
46 73
47 19
48 13
49 49
50 13
51 13
52 66
53 26
54 13
55 49
56 13
57 11
58 11
59 26
60 13
61 49
62 13
63 19
64 49
65 49
66 66
67 11
68 11
69 49
70 44
71 49
72 11
73 73
74 44
75 73
76 11
77 13
78 49
79 49
80 49
81 49
82 19
83 26
84 13
85 13
86 13
87 87
88 49
32
0 3
1 30
2 40
3 3
4 3
5 30
6 3
7 3
8 30
9 30
10 3
11 72
12 30
13 30
14 30
15 40
16 83
17 70
18 30
19 30
20 64
21 40
22 3
23 3
24 30
25 40
26 3
27 3
28 70
29 40
30 30
31 3
33 3
34 40
35 30
36 72
37 3
38 40
39 30
40 40
41 83
42 40
43 30
44 30
45 3
46 3
47 3
48 3
49 3
50 83
51 64
52 64
53 3
54 3
55 3
56 3
57 72
58 30
59 3
60 64
61 30
62 30
63 30
64 64
65 30
66 40
67 64
68 30
69 30
70 70
71 64
72 72
73 3
74 3
75 64
76 64
77 3
78 3
79 3
80 30
81 40
82 3
83 83
84 83
85 30
86 40
87 3
88 30
33
0 3
1 71
2 37
3 3
4 3
5 37
6 37
7 3
8 3
9 37
10 3
11 71
12 3
13 37
14 63
15 37
16 37
17 3
18 37
19 37
20 63
21 3
22 3
23 63
24 37
25 3
26 3
27 3
28 3
29 37
30 63
31 3
32 3
34 37
35 37
36 3
37 37
38 3
39 3
40 3
41 37
42 37
43 37
44 37
45 3
46 3
47 3
48 37
49 37
50 37
51 37
52 63
53 3
54 3
55 37
56 3
57 3
58 37
59 3
60 37
61 37
62 3
63 63
64 71
65 63
66 63
67 71
68 37
69 63
70 3
71 71
72 71
73 3
74 3
75 63
76 37
77 37
78 3
79 3
80 37
81 37
82 63
83 3
84 71
85 3
86 37
87 3
88 37
34
0 61
1 66
2 74
3 74
4 61
5 68
6 66
7 61
8 61
9 61
10 61
11 61
12 61
13 61
14 61
15 66
16 61
17 74
18 68
19 66
20 68
21 66
22 68
23 61
24 61
25 66
26 61
27 61
28 61
29 66
30 61
31 66
32 66
33 68
35 74
36 68
37 68
38 66
39 61
40 66
41 68
42 66
43 61
44 74
45 66
46 68
47 74
48 61
49 61
50 68
51 61
52 66
53 61
54 61
55 61
56 68
57 61
58 61
59 61
60 61
61 61
62 74
63 68
64 66
65 66
66 66
67 66
68 68
69 66
70 61
71 61
72 68
73 66
74 74
75 74
76 61
77 61
78 61
79 74
80 68
81 61
82 66
83 68
84 61
85 61
86 74
87 66
88 61
35
0 73
1 1
2 77
3 30
4 77
5 29
6 1
7 1
8 1
9 30
10 73
11 1
12 30
13 77
14 30
15 1
16 77
17 30
18 29
19 30
20 1
21 1
22 1
23 44
24 30
25 29
26 44
27 44
28 1
29 29
30 30
31 44
32 30
33 1
34 44
36 30
37 29
38 1
39 29
40 29
41 73
42 29
43 30
44 44
45 1
46 73
47 1
48 85
49 44
50 77
51 1
52 1
53 73
54 1
55 29
56 85
57 1
58 44
59 85
60 1
61 30
62 29
63 30
64 1
65 30
66 1
67 1
68 29
69 85
70 44
71 1
72 30
73 73
74 44
75 73
76 1
77 77
78 44
79 1
80 1
81 29
82 1
83 1
84 1
85 85
86 1
87 44
88 85
36
0 78
1 72
2 17
3 46
4 78
5 17
6 43
7 68
8 43
9 17
10 46
11 72
12 43
13 17
14 43
15 17
16 17
17 17
18 72
19 43
20 68
21 17
22 68
23 68
24 43
25 46
26 17
27 17
28 17
29 68
30 72
31 43
32 72
33 46
34 68
35 46
37 68
38 46
39 17
40 46
41 68
42 17
43 43
44 17
45 46
46 46
47 72
48 17
49 43
50 68
51 17
52 17
53 17
54 68
55 43
56 17
57 46
58 68
59 68
60 17
61 43
62 17
63 68
64 68
65 43
66 43
67 68
68 68
69 17
70 17
71 72
72 72
73 46
74 17
75 17
76 43
77 43
78 78
79 72
80 68
81 43
82 17
83 68
84 78
85 17
86 17
87 43
88 43
37
0 6
1 29
2 42
3 33
4 6
5 6
6 6
7 13
8 13
9 49
10 6
11 13
12 13
13 13
14 49
15 49
16 77
17 13
18 13
19 6
20 68
21 29
22 42
23 6
24 13
25 6
26 49
27 6
28 6
29 29
30 6
31 13
32 29
33 33
34 68
35 29
36 68
38 6
39 6
40 29
41 68
42 42
43 49
44 49
45 33
46 33
47 6
48 13
49 49
50 13
51 6
52 6
53 13
54 13
55 55
56 42
57 6
58 68
59 13
60 6
61 49
62 6
63 33
64 71
65 49
66 6
67 29
68 68
69 49
70 49
71 71
72 71
73 13
74 49
75 42
76 49
77 77
78 49
79 49
80 49
81 29
82 6
83 13
84 6
85 13
86 13
87 13
88 49
38
0 10
1 21
2 21
3 10
4 10
5 10
6 10
7 21
8 21
9 10
10 10
11 10
12 10
13 10
14 10
15 21
16 10
17 10
18 10
19 21
20 21
21 21
22 21
23 21
24 21
25 10
26 21
27 10
28 10
29 21
30 21
31 10
32 21
33 10
34 21
35 21
36 10
37 10
39 10
40 21
41 21
42 21
43 10
44 21
45 21
46 10
47 10
48 21
49 10
50 21
51 10
52 21
53 10
54 21
55 10
56 10
57 10
58 10
59 21
60 10
61 10
62 10
63 21
64 21
65 10
66 21
67 21
68 10
69 21
70 21
71 21
72 10
73 10
74 10
75 10
76 21
77 10
78 10
79 10
80 21
81 10
82 21
83 21
84 21
85 21
86 21
87 21
88 21
39
0 78
1 5
2 5
3 27
4 27
5 5
6 5
7 5
8 5
9 17
10 27
11 78
12 5
13 5
14 5
15 17
16 27
17 17
18 5
19 5
20 27
21 5
22 27
23 27
24 5
25 5
26 17
27 27
28 17
29 5
30 5
31 5
32 5
33 5
34 17
35 5
36 17
37 5
38 27
40 5
41 17
42 5
43 17
44 5
45 27
46 5
47 5
48 5
49 78
50 5
51 5
52 5
53 17
54 27
55 78
56 5
57 5
58 78
59 5
60 5
61 27
62 5
63 5
64 27
65 27
66 27
67 5
68 5
69 27
70 17
71 78
72 5
73 17
74 17
75 17
76 78
77 5
78 78
79 5
80 78
81 5
82 17
83 27
84 78
85 5
86 17
87 5
88 27
40
0 29
1 21
2 42
3 32
4 21
5 25
6 25
7 21
8 21
9 25
10 21
11 32
12 21
13 25
14 32
15 66
16 25
17 25
18 29
19 25
20 21
21 21
22 21
23 44
24 21
25 25
26 21
27 25
28 32
29 29
30 32
31 44
32 32
33 29
34 66
35 29
36 25
37 29
38 21
39 25
41 21
42 42
43 25
44 44
45 21
46 25
47 25
48 21
49 44
50 42
51 21
52 66
53 21
54 21
55 29
56 42
57 29
58 44
59 21
60 21
61 66
62 25
63 21
64 21
65 66
66 66
67 21
68 29
69 21
70 32
71 21
72 32
73 25
74 44
75 42
76 21
77 25
78 42
79 25
80 29
81 29
82 21
83 32
84 21
85 21
86 25
87 21
88 21
41
0 53
1 82
2 50
3 53
4 82
5 50
6 68
7 50
8 82
9 53
10 82
11 68
12 59
13 50
14 53
15 50
16 50
17 53
18 50
19 82
20 68
21 82
22 59
23 59
24 50
25 82
26 53
27 68
28 50
29 68
30 68
31 50
32 50
33 68
34 68
35 53
36 68
37 68
38 82
39 53
40 50
42 50
43 68
44 68
45 59
46 53
47 68
48 53
49 53
50 50
51 50
52 82
53 53
54 53
55 68
56 68
57 50
58 68
59 59
60 50
61 53
62 53
63 68
64 68
65 68
66 68
67 68
68 68
69 59
70 53
71 68
72 68
73 53
74 53
75 53
76 82
77 50
78 68
79 68
80 68
81 53
82 82
83 50
84 50
85 59
86 82
87 59
88 59
42
0 2
1 2
2 2
3 37
4 56
5 56
6 37
7 37
8 40
9 37
10 56
11 2
12 2
13 37
14 37
15 37
16 2
17 56
18 37
19 37
20 2
21 40
22 2
23 2
24 2
25 40
26 2
27 56
28 2
29 37
30 40
31 37
32 40
33 37
34 37
35 2
36 37
37 37
38 40
39 56
40 40
41 50
43 37
44 40
45 40
46 40
47 37
48 56
49 37
50 50
51 2
52 40
53 50
54 56
55 37
56 56
57 2
58 37
59 2
60 2
61 37
62 56
63 37
64 37
65 37
66 40
67 2
68 37
69 2
70 40
71 37
72 37
73 2
74 2
75 2
76 37
77 2
78 56
79 56
80 37
81 37
82 40
83 50
84 2
85 2
86 37
87 2
88 2
43
0 19
1 49
2 49
3 36
4 19
5 14
6 19
7 49
8 61
9 19
10 36
11 19
12 61
13 19
14 14
15 49
16 19
17 36
18 14
19 19
20 36
21 19
22 49
23 49
24 61
25 19
26 49
27 61
28 61
29 49
30 14
31 19
32 14
33 49
34 61
35 14
36 36
37 49
38 19
39 36
40 19
41 19
42 49
44 49
45 19
46 36
47 19
48 61
49 49
50 36
51 19
52 19
53 36
54 49
55 55
56 36
57 49
58 61
59 49
60 19
61 61
62 14
63 14
64 49
65 49
66 19
67 49
68 36
69 49
70 36
71 49
72 36
73 19
74 14
75 14
76 49
77 49
78 36
79 49
80 49
81 49
82 19
83 49
84 19
85 61
86 19
87 19
88 61
44
0 23
1 35
2 23
3 23
4 35
5 30
6 23
7 58
8 23
9 30
10 23
11 31
12 23
13 31
14 30
15 49
16 30
17 70
18 23
19 31
20 70
21 40
22 23
23 23
24 23
25 40
26 31
27 74
28 70
29 35
30 30
31 31
32 30
33 23
34 74
35 35
36 30
37 49
38 40
39 30
40 40
41 58
42 40
43 49
45 31
46 31
47 23
48 31
49 49
50 31
51 23
52 23
53 31
54 23
55 49
56 23
57 23
58 58
59 23
60 23
61 49
62 74
63 23
64 30
65 23
66 31
67 35
68 58
69 23
70 70
71 49
72 30
73 31
74 74
75 74
76 49
77 35
78 49
79 23
80 49
81 23
82 23
83 30
84 23
85 35
86 23
87 31
88 35
45
0 3
1 21
2 21
3 3
4 3
5 3
6 3
7 3
8 21
9 3
10 3
11 87
12 21
13 87
14 3
15 21
16 3
17 3
18 3
19 21
20 21
21 21
22 21
23 3
24 21
25 3
26 3
27 3
28 3
29 21
30 3
31 87
32 3
33 3
34 3
35 21
36 3
37 3
38 21
39 3
40 21
41 21
42 21
43 3
44 21
46 3
47 3
48 21
49 3
50 3
51 21
52 21
53 3
54 3
55 3
56 3
57 3
58 3
59 87
60 21
61 3
62 3
63 3
64 21
65 3
66 21
67 21
68 3
69 21
70 3
71 3
72 3
73 3
74 3
75 3
76 21
77 3
78 3
79 3
80 3
81 3
82 21
83 3
84 21
85 21
86 21
87 87
88 21
46
0 73
1 73
2 73
3 3
4 3
5 25
6 3
7 3
8 3
9 25
10 10
11 10
12 10
13 25
14 36
15 3
16 25
17 36
18 36
19 25
20 36
21 3
22 3
23 3
24 3
25 25
26 3
27 3
28 3
29 25
30 3
31 73
32 3
33 3
34 36
35 73
36 36
37 3
38 10
39 25
40 25
41 36
42 25
43 36
44 25
45 3
47 3
48 73
49 3
50 36
51 10
52 3
53 73
54 3
55 36
56 3
57 10
58 36
59 3
60 10
61 36
62 25
63 3
64 3
65 3
66 25
67 3
68 36
69 73
70 3
71 3
72 36
73 73
74 3
75 73
76 3
77 3
78 36
79 3
80 36
81 10
82 3
83 3
84 73
85 73
86 25
87 3
88 36
47
0 6
1 6
2 6
3 79
4 6
5 6
6 6
7 79
8 79
9 6
10 6
11 79
12 6
13 6
14 6
15 6
16 79
17 79
18 79
19 6
20 79
21 6
22 79
23 79
24 79
25 79
26 79
27 6
28 6
29 6
30 6
31 6
32 79
33 6
34 79
35 6
36 79
37 6
38 6
39 6
40 79
41 6
42 6
43 6
44 79
45 79
46 79
48 79
49 79
50 6
51 6
52 6
53 79
54 79
55 6
56 79
57 6
58 79
59 79
60 6
61 79
62 6
63 79
64 6
65 79
66 6
67 6
68 6
69 79
70 6
71 6
72 79
73 6
74 79
75 79
76 79
77 6
78 6
79 79
80 79
81 79
82 6
83 6
84 6
85 79
86 6
87 6
88 79
48
0 54
1 54
2 85
3 53
4 56
5 13
6 13
7 13
8 13
9 53
10 56
11 13
12 13
13 13
14 62
15 13
16 13
17 53
18 13
19 13
20 54
21 85
22 59
23 13
24 13
25 13
26 53
27 61
28 61
29 13
30 13
31 13
32 13
33 13
34 61
35 85
36 53
37 13
38 85
39 13
40 56
41 53
42 56
43 61
44 13
45 59
46 53
47 54
49 61
50 13
51 13
52 13
53 53
54 54
55 13
56 56
57 13
58 61
59 59
60 13
61 61
62 62
63 54
64 54
65 61
66 61
67 54
68 56
69 85
70 53
71 13
72 13
73 53
74 62
75 53
76 54
77 13
78 56
79 54
80 13
81 61
82 13
83 13
84 85
85 85
86 13
87 59
88 61
49
0 9
1 15
2 77
3 26
4 77
5 9
6 37
7 79
8 61
9 9
10 77
11 31
12 26
13 31
14 43
15 15
16 9
17 9
18 80
19 9
20 26
21 15
22 26
23 44
24 61
25 79
26 26
27 61
28 9
29 37
30 9
31 31
32 9
33 37
34 61
35 44
36 43
37 37
38 15
39 78
40 44
41 26
42 37
43 43
44 44
45 26
46 26
47 79
48 61
50 26
51 15
52 76
53 26
54 79
55 55
56 78
57 81
58 44
59 26
60 15
61 61
62 15
63 65
64 71
65 65
66 15
67 15
68 37
69 65
70 44
71 71
72 71
73 31
74 15
75 15
76 76
77 77
78 78
79 79
80 80
81 81
82 9
83 26
84 9
85 26
86 9
87 31
88 61
50
0 13
1 13
2 42
3 83
4 13
5 13
6 13
7 13
8 13
9 83
10 13
11 13
12 13
13 13
14 13
15 13
16 83
17 13
18 13
19 13
20 68
21 41
22 41
23 13
24 13
25 13
26 83
27 68
28 13
29 13
30 13
31 13
32 83
33 13
34 68
35 13
36 68
37 13
38 41
39 13
40 42
41 41
42 42
43 68
44 13
45 13
46 68
47 13
48 13
49 13
51 13
52 13
53 41
54 13
55 13
56 42
57 13
58 68
59 41
60 13
61 13
62 13
63 68
64 68
65 68
66 13
67 13
68 68
69 13
70 68
71 13
72 13
73 13
74 68
75 42
76 13
77 13
78 42
79 13
80 68
81 13
82 41
83 83
84 83
85 13
86 13
87 13
88 13
51
0 60
1 60
2 60
3 60
4 60
5 60
6 60
7 60
8 60
9 60
10 60
11 60
12 60
13 60
14 60
15 60
16 60
17 60
18 60
19 60
20 60
21 60
22 60
23 60
24 60
25 60
26 60
27 60
28 60
29 60
30 60
31 60
32 60
33 60
34 60
35 60
36 60
37 60
38 60
39 60
40 60
41 60
42 60
43 60
44 60
45 60
46 60
47 60
48 60
49 60
50 60
52 60
53 60
54 60
55 60
56 60
57 60
58 60
59 60
60 60
61 60
62 60
63 60
64 60
65 60
66 60
67 60
68 60
69 60
70 60
71 60
72 60
73 60
74 60
75 60
76 60
77 60
78 60
79 60
80 60
81 60
82 60
83 60
84 60
85 60
86 60
87 60
88 60
52
0 60
1 60
2 60
3 64
4 82
5 60
6 60
7 60
8 64
9 60
10 60
11 76
12 60
13 60
14 64
15 60
16 60
17 60
18 60
19 66
20 64
21 64
22 60
23 60
24 60
25 60
26 66
27 64
28 60
29 60
30 64
31 66
32 64
33 64
34 66
35 60
36 60
37 60
38 64
39 60
40 66
41 82
42 66
43 66
44 60
45 64
46 60
47 60
48 60
49 76
50 60
51 60
53 82
54 60
55 76
56 82
57 60
58 60
59 82
60 60
61 66
62 60
63 82
64 64
65 66
66 66
67 64
68 64
69 66
70 60
71 64
72 64
73 66
74 60
75 64
76 76
77 60
78 76
79 60
80 76
81 76
82 82
83 60
84 60
85 60
86 60
87 66
88 66
53
0 73
1 48
2 26
3 26
4 17
5 17
6 17
7 48
8 26
9 17
10 73
11 26
12 26
13 48
14 48
15 17
16 17
17 17
18 48
19 17
20 17
21 26
22 26
23 26
24 48
25 17
26 26
27 17
28 17
29 73
30 17
31 26
32 17
33 26
34 17
35 73
36 17
37 26
38 26
39 17
40 17
41 41
42 17
43 17
44 17
45 26
46 73
47 17
48 48
49 26
50 41
51 17
52 41
54 48
55 26
56 17
57 17
58 41
59 26
60 17
61 48
62 48
63 41
64 17
65 26
66 26
67 48
68 41
69 48
70 17
71 26
72 17
73 73
74 17
75 73
76 26
77 26
78 17
79 17
80 26
81 26
82 41
83 26
84 26
85 48
86 17
87 26
88 48
54
0 0
1 1
2 0
3 79
4 0
5 1
6 0
7 1
8 1
9 0
10 0
11 1
12 20
13 48
14 48
15 1
16 0
17 0
18 0
19 0
20 20
21 1
22 20
23 79
24 48
25 79
26 20
27 20
28 0
29 1
30 0
31 0
32 20
33 1
34 20
35 1
36 0
37 1
38 1
39 0
40 1
41 20
42 48
43 48
44 1
45 1
46 0
47 79
48 48
49 79
50 20
51 1
52 1
53 48
55 79
56 48
57 1
58 0
59 48
60 1
61 48
62 48
63 20
64 20
65 20
66 1
67 1
68 20
69 48
70 20
71 1
72 79
73 0
74 79
75 20
76 1
77 0
78 0
79 79
80 0
81 1
82 0
83 0
84 0
85 48
86 1
87 48
88 48
55
0 49
1 37
2 37
3 37
4 37
5 37
6 37
7 37
8 37
9 49
10 37
11 49
12 37
13 37
14 43
15 49
16 37
17 43
18 37
19 43
20 37
21 37
22 49
23 49
24 37
25 43
26 49
27 43
28 43
29 37
30 43
31 49
32 37
33 37
34 37
35 37
36 43
37 37
38 37
39 49
40 37
41 37
42 37
43 43
44 49
45 37
46 43
47 37
48 37
49 49
50 37
51 37
52 49
53 49
54 49
56 37
57 49
58 37
59 49
60 37
61 43
62 43
63 37
64 37
65 49
66 43
67 37
68 37
69 49
70 49
71 37
72 37
73 49
74 49
75 37
76 49
77 37
78 49
79 49
80 49
81 49
82 43
83 49
84 37
85 37
86 37
87 49
88 43
56
0 4
1 5
2 42
3 4
4 4
5 5
6 4
7 79
8 79
9 17
10 4
11 68
12 42
13 5
14 5
15 17
16 4
17 17
18 4
19 4
20 68
21 85
22 42
23 79
24 5
25 5
26 4
27 4
28 17
29 5
30 5
31 5
32 4
33 4
34 68
35 85
36 17
37 42
38 4
39 5
40 42
41 68
42 42
43 17
44 5
45 4
46 4
47 79
48 48
49 78
50 42
51 4
52 4
53 17
54 48
55 42
57 4
58 68
59 48
60 4
61 48
62 5
63 68
64 68
65 4
66 42
67 5
68 68
69 85
70 17
71 42
72 79
73 4
74 17
75 17
76 78
77 4
78 78
79 79
80 68
81 5
82 4
83 42
84 85
85 85
86 17
87 48
88 85
57
0 10
1 60
2 12
3 10
4 10
5 60
6 60
7 11
8 12
9 60
10 10
11 11
12 12
13 60
14 11
15 60
16 10
17 60
18 11
19 11
20 12
21 10
22 12
23 60
24 12
25 10
26 11
27 10
28 60
29 81
30 11
31 11
32 11
33 10
34 11
35 60
36 10
37 60
38 10
39 10
40 81
41 10
42 12
43 81
44 11
45 10
46 10
47 60
48 60
49 81
50 60
51 60
52 60
53 10
54 60
55 81
56 10
58 11
59 12
60 60
61 11
62 10
63 60
64 60
65 60
66 11
67 60
68 11
69 12
70 60
71 11
72 11
73 10
74 60
75 12
76 11
77 10
78 10
79 11
80 81
81 81
82 10
83 60
84 60
85 12
86 60
87 11
88 11
58
0 78
1 7
2 23
3 7
4 78
5 7
6 23
7 7
8 7
9 44
10 11
11 11
12 11
13 7
14 44
15 7
16 61
17 44
18 23
19 11
20 68
21 7
22 23
23 23
24 23
25 7
26 11
27 61
28 61
29 7
30 44
31 11
32 11
33 23
34 61
35 44
36 68
37 68
38 7
39 78
40 44
41 68
42 44
43 61
44 44
45 7
46 68
47 7
48 61
49 44
50 68
51 23
52 11
53 61
54 7
55 44
56 68
57 11
59 23
60 23
61 61
62 44
63 23
64 68
65 23
66 61
67 7
68 68
69 23
70 44
71 7
72 11
73 11
74 44
75 44
76 11
77 7
78 78
79 7
80 7
81 23
82 23
83 68
84 7
85 44
86 7
87 11
88 61
59
0 48
1 22
2 22
3 26
4 26
5 48
6 22
7 48
8 22
9 26
10 22
11 26
12 22
13 48
14 48
15 26
16 26
17 26
18 22
19 26
20 22
21 22
22 22
23 22
24 22
25 22
26 26
27 22
28 48
29 85
30 85
31 26
32 26
33 26
34 41
35 85
36 41
37 26
38 22
39 22
40 22
41 41
42 22
43 26
44 22
45 87
46 26
47 22
48 48
49 26
50 41
51 22
52 41
53 26
54 48
55 26
56 48
57 22
58 22
60 22
61 48
62 48
63 22
64 22
65 22
66 26
67 22
68 41
69 85
70 22
71 26
72 22
73 26
74 48
75 22
76 26
77 22
78 26
79 22
80 26
81 22
82 41
83 26
84 85
85 85
86 41
87 87
88 85
60
0 84
1 1
2 84
3 6
4 6
5 6
6 6
7 1
8 1
9 28
10 57
11 57
12 57
13 13
14 1
15 15
16 13
17 86
18 13
19 6
20 1
21 1
22 23
23 23
24 13
25 86
26 13
27 6
28 28
29 1
30 1
31 13
32 28
33 1
34 15
35 1
36 86
37 6
38 1
39 6
40 1
41 13
42 6
43 6
44 23
45 1
46 57
47 6
48 13
49 15
50 13
51 51
52 52
53 13
54 1
55 6
56 6
57 57
58 23
59 13
61 28
62 6
63 23
64 52
65 23
66 15
67 1
68 6
69 23
70 28
71 1
72 1
73 1
74 15
75 15
76 1
77 13
78 6
79 23
80 1
81 23
82 52
83 84
84 84
85 84
86 86
87 13
88 28
61
0 27
1 28
2 24
3 27
4 27
5 24
6 27
7 58
8 24
9 28
10 27
11 58
12 24
13 24
14 43
15 49
16 27
17 27
18 24
19 43
20 27
21 24
22 24
23 24
24 24
25 27
26 49
27 27
28 28
29 49
30 24
31 49
32 24
33 49
34 34
35 24
36 43
37 49
38 24
39 27
40 66
41 34
42 48
43 43
44 49
45 24
46 43
47 49
48 48
49 49
50 24
51 28
52 66
53 48
54 48
55 43
56 48
57 24
58 58
59 48
60 28
62 27
63 24
64 27
65 27
66 66
67 27
68 34
69 27
70 28
71 49
72 24
73 48
74 27
75 27
76 49
77 49
78 49
79 49
80 49
81 49
82 27
83 27
84 28
85 48
86 24
87 48
88 88
62
0 27
1 5
2 48
3 27
4 27
5 5
6 5
7 5
8 5
9 5
10 27
11 5
12 5
13 5
14 14
15 74
16 27
17 74
18 5
19 5
20 27
21 48
22 27
23 27
24 5
25 5
26 48
27 27
28 27
29 5
30 5
31 5
32 5
33 5
34 74
35 5
36 14
37 5
38 27
39 5
40 5
41 48
42 5
43 14
44 74
45 27
46 5
47 5
48 48
49 14
50 5
51 5
52 5
53 48
54 48
55 14
56 5
57 5
58 27
59 48
60 5
61 27
63 5
64 27
65 27
66 27
67 5
68 5
69 27
70 27
71 5
72 5
73 48
74 74
75 74
76 5
77 5
78 5
79 74
80 5
81 5
82 27
83 27
84 48
85 48
86 5
87 48
88 27
63
0 20
1 20
2 20
3 33
4 82
5 30
6 23
7 23
8 23
9 30
10 82
11 23
12 20
13 23
14 30
15 23
16 20
17 20
18 23
19 82
20 20
21 82
22 20
23 23
24 23
25 23
26 20
27 20
28 20
29 23
30 30
31 23
32 30
33 33
34 68
35 30
36 68
37 33
38 82
39 20
40 23
41 68
42 33
43 30
44 23
45 33
46 33
47 23
48 20
49 65
50 68
51 23
52 82
53 68
54 20
55 33
56 68
57 23
58 23
59 20
60 23
61 20
62 20
64 20
65 65
66 65
67 20
68 68
69 65
70 20
71 33
72 30
73 20
74 20
75 20
76 23
77 30
78 23
79 23
80 68
81 23
82 82
83 30
84 23
85 30
86 82
87 20
88 20
64
0 20
1 21
2 20
3 32
4 20
5 32
6 52
7 21
8 21
9 32
10 21
11 32
12 20
13 52
14 32
15 21
16 20
17 20
18 32
19 21
20 20
21 21
22 20
23 20
24 21
25 21
26 20
27 20
28 20
29 21
30 32
31 52
32 32
33 71
34 20
35 21
36 20
37 71
38 21
39 20
40 21
41 20
42 21
43 71
44 20
45 21
46 32
47 20
48 20
49 71
50 20
51 52
52 52
53 20
54 20
55 71
56 20
57 52
58 20
59 20
60 52
61 20
62 20
63 20
65 20
66 52
67 67
68 20
69 21
70 20
71 71
72 32
73 20
74 20
75 20
76 52
77 71
78 71
79 20
80 20
81 52
82 21
83 32
84 21
85 21
86 21
87 21
88 21
65
0 23
1 23
2 23
3 23
4 27
5 27
6 23
7 23
8 23
9 49
10 27
11 23
12 23
13 23
14 27
15 49
16 27
17 27
18 23
19 66
20 27
21 23
22 23
23 23
24 23
25 23
26 49
27 27
28 23
29 23
30 63
31 49
32 63
33 63
34 66
35 23
36 49
37 49
38 23
39 27
40 66
41 63
42 49
43 49
44 23
45 23
46 23
47 23
48 27
49 49
50 63
51 23
52 66
53 49
54 23
55 49
56 23
57 23
58 23
59 23
60 23
61 27
62 27
63 63
64 27
66 66
67 23
68 63
69 69
70 23
71 49
72 23
73 49
74 27
75 27
76 49
77 49
78 49
79 23
80 49
81 23
82 63
83 27
84 23
85 69
86 23
87 49
88 27
66
0 19
1 15
2 40
3 31
4 19
5 19
6 19
7 15
8 40
9 19
10 15
11 31
12 61
13 31
14 19
15 15
16 19
17 15
18 31
19 19
20 34
21 40
22 31
23 65
24 61
25 19
26 31
27 61
28 61
29 40
30 19
31 31
32 40
33 65
34 34
35 15
36 19
37 15
38 40
39 61
40 40
41 19
42 40
43 19
44 31
45 31
46 19
47 19
48 61
49 15
50 31
51 15
52 52
53 31
54 15
55 15
56 34
57 15
58 61
59 31
60 15
61 61
62 15
63 65
64 52
65 65
67 15
68 34
69 65
70 31
71 15
72 31
73 31
74 15
75 15
76 52
77 15
78 15
79 15
80 15
81 15
82 19
83 31
84 15
85 40
86 15
87 31
88 61
67
0 1
1 1
2 1
3 64
4 1
5 1
6 1
7 1
8 1
9 1
10 1
11 1
12 1
13 1
14 1
15 1
16 1
17 1
18 1
19 1
20 64
21 1
22 1
23 1
24 1
25 1
26 1
27 64
28 1
29 1
30 1
31 1
32 64
33 1
34 1
35 1
36 1
37 1
38 1
39 1
40 1
41 1
42 1
43 1
44 1
45 1
46 1
47 1
48 1
49 1
50 1
51 1
52 64
53 1
54 1
55 1
56 1
57 1
58 1
59 1
60 1
61 1
62 1
63 64
64 64
65 1
66 1
68 64
69 1
70 64
71 1
72 1
73 1
74 1
75 64
76 1
77 1
78 1
79 1
80 1
81 1
82 1
83 1
84 1
85 1
86 1
87 1
88 1
68
0 20
1 20
2 20
3 36
4 56
5 56
6 37
7 58
8 58
9 36
10 36
11 58
12 20
13 37
14 36
15 34
16 20
17 36
18 80
19 34
20 20
21 20
22 20
23 58
24 34
25 36
26 20
27 20
28 20
29 37
30 63
31 34
32 20
33 37
34 34
35 37
36 36
37 37
38 20
39 20
40 34
41 41
42 37
43 36
44 58
45 20
46 36
47 37
48 56
49 37
50 50
51 37
52 20
53 41
54 20
55 37
56 56
57 58
58 58
59 41
60 37
61 34
62 20
63 63
64 20
65 63
66 34
67 20
69 56
70 20
71 37
72 36
73 20
74 34
75 20
76 37
77 37
78 36
79 56
80 80
81 37
82 41
83 50
84 50
85 56
86 36
87 41
88 34
69
0 85
1 85
2 85
3 65
4 65
5 85
6 65
7 65
8 85
9 65
10 65
11 65
12 85
13 85
14 65
15 65
16 65
17 85
18 65
19 65
20 65
21 85
22 65
23 65
24 65
25 65
26 65
27 65
28 65
29 85
30 65
31 65
32 65
33 65
34 65
35 85
36 65
37 65
38 85
39 65
40 65
41 85
42 85
43 65
44 65
45 85
46 85
47 65
48 85
49 65
50 65
51 65
52 65
53 85
54 85
55 65
56 85
57 65
58 65
59 85
60 65
61 65
62 65
63 65
64 85
65 65
66 65
67 85
68 65
70 65
71 65
72 65
73 85
74 65
75 85
76 65
77 65
78 65
79 65
80 65
81 65
82 65
83 85
84 85
85 85
86 65
87 85
88 85
70
0 17
1 20
2 20
3 32
4 17
5 17
6 28
7 44
8 20
9 17
10 17
11 32
12 20
13 17
14 32
15 17
16 17
17 17
18 32
19 17
20 20
21 20
22 20
23 44
24 28
25 17
26 17
27 20
28 28
29 32
30 32
31 44
32 32
33 20
34 17
35 44
36 17
37 20
38 20
39 17
40 32
41 17
42 17
43 17
44 44
45 32
46 17
47 17
48 17
49 44
50 20
51 28
52 20
53 17
54 20
55 44
56 17
57 28
58 44
59 20
60 28
61 28
62 17
63 20
64 20
65 20
66 28
67 20
68 20
69 17
71 20
72 32
73 17
74 17
75 20
76 44
77 44
78 17
79 17
80 20
81 44
82 17
83 32
84 28
85 17
86 17
87 44
88 28
71
0 1
1 1
2 1
3 33
4 33
5 1
6 37
7 1
8 1
9 49
10 1
11 72
12 1
13 37
14 49
15 1
16 37
17 49
18 72
19 37
20 64
21 1
22 1
23 1
24 37
25 49
26 49
27 49
28 1
29 1
30 72
31 49
32 64
33 33
34 37
35 1
36 72
37 37
38 1
39 49
40 1
41 37
42 37
43 49
44 49
45 1
46 33
47 37
48 1
49 49
50 37
51 1
52 64
53 49
54 1
55 37
56 37
57 1
58 1
59 49
60 1
61 49
62 1
63 33
64 64
65 49
66 1
67 1
68 37
69 49
70 49
72 72
73 1
74 1
75 64
76 1
77 37
78 49
79 49
80 49
81 49
82 1
83 1
84 1
85 1
86 1
87 49
88 49
72
0 18
1 71
2 11
3 32
4 18
5 30
6 30
7 79
8 30
9 30
10 11
11 11
12 11
13 18
14 30
15 71
16 30
17 36
18 18
19 11
20 30
21 32
22 18
23 18
24 30
25 79
26 11
27 79
28 30
29 18
30 30
31 11
32 32
33 71
34 36
35 30
36 36
37 71
38 11
39 30
40 32
41 36
42 32
43 36
44 30
45 32
46 36
47 79
48 18
49 71
50 18
51 11
52 11
53 36
54 79
55 36
56 79
57 11
58 11
59 11
60 11
61 11
62 30
63 30
64 32
65 18
66 11
67 32
68 36
69 18
70 32
71 71
73 11
74 79
75 79
76 11
77 18
78 36
79 79
80 18
81 11
82 30
83 32
84 18
85 30
86 18
87 11
88 11
73
0 0
1 35
2 75
3 46
4 0
5 31
6 0
7 31
8 31
9 0
10 46
11 31
12 75
13 31
14 35
15 31
16 0
17 53
18 0
19 31
20 75
21 35
22 31
23 0
24 31
25 46
26 31
27 0
28 0
29 35
30 35
31 31
32 35
33 46
34 31
35 35
36 46
37 31
38 46
39 0
40 31
41 53
42 75
43 31
44 31
45 31
46 46
47 0
48 53
49 31
50 31
51 0
52 31
53 53
54 0
55 31
56 0
57 31
58 0
59 31
60 0
61 31
62 53
63 35
64 75
65 31
66 31
67 35
68 46
69 35
70 31
71 31
72 0
74 75
75 75
76 31
77 35
78 0
79 0
80 0
81 31
82 0
83 0
84 0
85 35
86 31
87 31
88 35
74
0 17
1 15
2 75
3 79
4 27
5 62
6 15
7 79
8 79
9 17
10 27
11 44
12 75
13 15
14 62
15 15
16 27
17 17
18 44
19 15
20 27
21 15
22 27
23 44
24 27
25 79
26 15
27 27
28 15
29 15
30 44
31 44
32 17
33 79
34 34
35 44
36 17
37 15
38 15
39 17
40 44
41 17
42 17
43 15
44 44
45 79
46 17
47 79
48 62
49 15
50 34
51 15
52 15
53 17
54 79
55 15
56 17
57 15
58 44
59 62
60 15
61 27
62 62
63 27
64 27
65 27
66 15
67 15
68 34
69 27
70 17
71 15
72 79
73 75
75 75
76 15
77 15
78 15
79 79
80 15
81 15
82 17
83 27
84 15
85 17
86 17
87 44
88 27
75
0 73
1 2
2 2
3 73
4 2
5 74
6 2
7 74
8 2
9 73
10 73
11 73
12 2
13 2
14 74
15 74
16 2
17 74
18 73
19 73
20 20
21 2
22 2
23 2
24 2
25 73
26 2
27 20
28 20
29 73
30 20
31 73
32 20
33 20
34 74
35 73
36 20
37 2
38 2
39 20
40 2
41 20
42 2
43 2
44 74
45 2
46 73
47 74
48 2
49 2
50 2
51 2
52 20
53 73
54 20
55 2
56 2
57 2
58 20
59 2
60 2
61 20
62 74
63 20
64 20
65 20
66 73
67 20
68 20
69 2
70 20
71 20
72 74
73 73
74 74
76 2
77 2
78 73
79 74
80 20
81 2
82 20
83 2
84 2
85 2
86 74
87 73
88 2
76
0 1
1 1
2 1
3 49
4 49
5 1
6 1
7 1
8 1
9 49
10 11
11 11
12 11
13 1
14 49
15 1
16 49
17 49
18 1
19 11
20 1
21 1
22 1
23 81
24 49
25 49
26 49
27 49
28 1
29 1
30 1
31 11
32 11
33 1
34 49
35 1
36 11
37 49
38 1
39 49
40 1
41 52
42 49
43 49
44 49
45 1
46 1
47 49
48 1
49 49
50 1
51 1
52 52
53 49
54 1
55 49
56 49
57 11
58 11
59 49
60 1
61 49
62 1
63 49
64 52
65 49
66 52
67 1
68 11
69 49
70 49
71 1
72 11
73 1
74 1
75 1
77 49
78 49
79 49
80 49
81 81
82 52
83 1
84 1
85 1
86 1
87 11
88 49
77
0 4
1 35
2 2
3 4
4 4
5 13
6 4
7 13
8 13
9 16
10 4
11 13
12 2
13 13
14 35
15 49
16 16
17 4
18 13
19 4
20 2
21 2
22 2
23 2
24 13
25 16
26 49
27 4
28 13
29 35
30 35
31 13
32 4
33 37
34 37
35 35
36 4
37 37
38 4
39 4
40 2
41 4
42 2
43 49
44 35
45 4
46 4
47 4
48 13
49 49
50 13
51 13
52 4
53 13
54 4
55 37
56 4
57 2
58 4
59 2
60 13
61 49
62 4
63 4
64 37
65 49
66 13
67 35
68 37
69 2
70 35
71 37
72 13
73 35
74 2
75 2
76 49
78 4
79 49
80 49
81 49
82 4
83 16
84 2
85 2
86 13
87 13
88 2
78
0 0
1 0
2 0
3 4
4 4
5 39
6 4
7 58
8 58
9 0
10 4
11 58
12 0
13 0
14 36
15 49
16 0
17 36
18 0
19 0
20 0
21 4
22 49
23 58
24 49
25 36
26 49
27 4
28 0
29 0
30 0
31 49
32 4
33 4
34 36
35 0
36 36
37 49
38 4
39 39
40 49
41 4
42 56
43 36
44 49
45 4
46 36
47 4
48 56
49 49
50 36
51 0
52 4
53 0
54 0
55 49
56 56
57 4
58 58
59 49
60 0
61 49
62 4
63 4
64 49
65 49
66 49
67 0
68 36
69 49
70 36
71 49
72 36
73 0
74 4
75 0
76 49
77 4
79 49
80 49
81 49
82 4
83 0
84 0
85 56
86 4
87 49
88 49
79
0 54
1 7
2 23
3 3
4 3
5 25
6 47
7 7
8 7
9 49
10 3
11 72
12 23
13 7
14 49
15 49
16 25
17 56
18 23
19 25
20 54
21 3
22 23
23 23
24 23
25 25
26 3
27 74
28 23
29 7
30 72
31 49
32 3
33 3
34 74
35 7
36 72
37 49
38 3
39 25
40 25
41 56
42 56
43 49
44 23
45 3
46 3
47 47
48 54
49 49
50 7
51 23
52 23
53 3
54 54
55 49
56 56
57 23
58 7
59 3
60 23
61 49
62 74
63 23
64 3
65 23
66 23
67 7
68 56
69 23
70 3
71 49
72 72
73 3
74 74
75 74
76 49
77 49
78 49
80 7
81 23
82 3
83 3
84 7
85 56
86 25
87 3
88 49
80
0 18
1 7
2 49
3 7
4 18
5 7
6 49
7 7
8 7
9 49
10 18
11 7
12 7
13 7
14 18
15 49
16 49
17 49
18 18
19 49
20 68
21 7
22 18
23 18
24 7
25 7
26 49
27 49
28 49
29 18
30 18
31 49
32 18
33 49
34 68
35 7
36 68
37 49
38 7
39 49
40 18
41 68
42 49
43 49
44 49
45 7
46 68
47 7
48 7
49 49
50 68
51 7
52 49
53 49
54 7
55 49
56 68
57 49
58 7
59 49
60 7
61 49
62 7
63 68
64 49
65 49
66 49
67 7
68 68
69 49
70 49
71 49
72 18
73 18
74 7
75 68
76 49
77 49
78 49
79 7
81 49
82 68
83 49
84 7
85 68
86 7
87 49
88 49
81
0 23
1 29
2 23
3 23
4 49
5 29
6 23
7 23
8 23
9 49
10 57
11 57
12 57
13 23
14 49
15 49
16 49
17 49
18 23
19 49
20 23
21 23
22 23
23 23
24 23
25 23
26 49
27 23
28 23
29 29
30 23
31 49
32 29
33 23
34 49
35 29
36 49
37 29
38 57
39 29
40 29
41 23
42 29
43 49
44 23
45 23
46 57
47 23
48 49
49 49
50 23
51 23
52 76
53 49
54 23
55 49
56 23
57 57
58 23
59 23
60 23
61 49
62 29
63 23
64 49
65 23
66 23
67 29
68 23
69 23
70 23
71 49
72 23
73 29
74 23
75 23
76 76
77 49
78 49
79 23
80 49
82 23
83 49
84 23
85 29
86 23
87 49
88 49
82
0 4
1 21
2 4
3 4
4 4
5 4
6 4
7 21
8 21
9 19
10 4
11 19
12 21
13 86
14 19
15 19
16 4
17 86
18 4
19 19
20 63
21 21
22 21
23 63
24 21
25 19
26 4
27 4
28 19
29 21
30 63
31 19
32 4
33 63
34 19
35 4
36 4
37 4
38 21
39 4
40 21
41 41
42 4
43 19
44 19
45 21
46 4
47 4
48 4
49 4
50 41
51 52
52 52
53 41
54 4
55 19
56 4
57 4
58 4
59 41
60 52
61 4
62 4
63 63
64 21
65 63
66 19
67 21
68 41
69 21
70 63
71 21
72 63
73 4
74 4
75 63
76 52
77 4
78 4
79 4
80 41
81 52
83 41
84 4
85 21
86 86
87 19
88 21
83
0 84
1 84
2 84
3 26
4 16
5 16
6 84
7 50
8 26
9 16
10 16
11 26
12 26
13 50
14 32
15 26
16 16
17 16
18 32
19 16
20 16
21 26
22 26
23 26
24 32
25 16
26 26
27 16
28 16
29 32
30 32
31 26
32 32
33 26
34 50
35 16
36 32
37 16
38 26
39 16
40 32
41 50
42 50
43 26
44 26
45 26
46 16
47 16
48 26
49 26
50 50
51 84
52 32
53 26
54 84
55 26
56 50
57 84
58 50
59 26
60 84
61 16
62 16
63 32
64 32
65 16
66 26
67 32
68 50
69 84
70 32
71 26
72 32
73 26
74 16
75 84
76 26
77 16
78 26
79 16
80 26
81 26
82 50
84 84
85 84
86 16
87 26
88 84
84
0 0
1 1
2 2
3 0
4 0
5 1
6 60
7 1
8 1
9 0
10 0
11 1
12 2
13 60
14 0
15 1
16 83
17 0
18 0
19 0
20 0
21 1
22 2
23 60
24 2
25 60
26 83
27 0
28 60
29 1
30 0
31 0
32 83
33 1
34 1
35 1
36 0
37 1
38 1
39 0
40 1
41 83
42 2
43 0
44 1
45 1
46 0
47 60
48 85
49 0
50 83
51 60
52 60
53 0
54 0
55 0
56 85
57 60
58 0
59 85
60 60
61 60
62 85
63 60
64 1
65 60
66 1
67 1
68 83
69 85
70 60
71 1
72 0
73 0
74 1
75 2
76 1
77 2
78 0
79 0
80 0
81 1
82 0
83 83
85 85
86 60
87 85
88 85
85
0 84
1 21
2 2
3 21
4 56
5 56
6 56
7 21
8 21
9 35
10 21
11 2
12 2
13 48
14 35
15 21
16 2
17 56
18 35
19 21
20 2
21 21
22 2
23 2
24 2
25 21
26 59
27 48
28 48
29 35
30 35
31 35
32 21
33 2
34 48
35 35
36 56
37 2
38 21
39 56
40 21
41 59
42 2
43 48
44 35
45 21
46 35
47 56
48 48
49 2
50 2
51 84
52 21
53 48
54 48
55 2
56 56
57 2
58 35
59 59
60 84
61 48
62 48
63 21
64 21
65 69
66 21
67 21
68 56
69 69
70 35
71 21
72 35
73 35
74 2
75 2
76 21
77 2
78 56
79 56
80 56
81 35
82 21
83 84
84 84
86 21
87 59
88 88
86
0 13
1 60
2 13
3 25
4 82
5 13
6 60
7 13
8 13
9 17
10 25
11 13
12 13
13 13
14 13
15 60
16 25
17 17
18 13
19 25
20 17
21 82
22 60
23 60
24 13
25 25
26 13
27 17
28 60
29 13
30 13
31 13
32 17
33 13
34 17
35 13
36 17
37 13
38 82
39 17
40 25
41 82
42 13
43 17
44 13
45 82
46 25
47 25
48 13
49 13
50 13
51 60
52 60
53 17
54 13
55 13
56 17
57 60
58 13
59 13
60 60
61 13
62 13
63 82
64 60
65 60
66 13
67 60
68 13
69 13
70 17
71 13
72 13
73 13
74 17
75 17
76 60
77 13
78 17
79 25
80 13
81 60
82 82
83 13
84 60
85 13
87 13
88 13
87
0 31
1 45
2 59
3 45
4 45
5 31
6 31
7 31
8 45
9 31
10 31
11 31
12 59
13 31
14 31
15 31
16 31
17 31
18 31
19 31
20 59
21 45
22 59
23 31
24 31
25 31
26 31
27 31
28 31
29 31
30 31
31 31
32 45
33 45
34 31
35 31
36 31
37 31
38 45
39 31
40 31
41 59
42 31
43 31
44 31
45 45
46 31
47 31
48 59
49 31
50 31
51 31
52 31
53 31
54 59
55 31
56 59
57 31
58 31
59 59
60 31
61 31
62 59
63 31
64 45
65 31
66 31
67 45
68 59
69 59
70 31
71 31
72 31
73 31
74 31
75 31
76 31
77 31
78 31
79 31
80 31
81 31
82 31
83 31
84 59
85 59
86 31
88 59
88
0 85
1 85
2 85
3 61
4 61
5 85
6 61
7 61
8 61
9 61
10 61
11 61
12 61
13 61
14 61
15 61
16 61
17 85
18 61
19 61
20 61
21 85
22 85
23 61
24 61
25 61
26 61
27 61
28 61
29 85
30 61
31 61
32 61
33 61
34 61
35 85
36 61
37 61
38 85
39 61
40 61
41 85
42 85
43 61
44 61
45 85
46 61
47 61
48 61
49 61
50 61
51 61
52 61
53 61
54 61
55 61
56 85
57 61
58 61
59 85
60 61
61 61
62 61
63 61
64 85
65 61
66 61
67 85
68 61
69 85
70 61
71 61
72 61
73 85
74 61
75 85
76 61
77 61
78 61
79 61
80 61
81 61
82 85
83 85
84 85
85 85
86 61
87 85
327
0
82 10
1
59 86
2
52 49
3
74 72
4
34 83
5
7 42
6
48 62
7
21 33
8
57 35
9
4 81
10
56 65
11
22 81
12
15 58
13
8 24
14
43 51
15
71 53
16
14 33
17
52 35
18
73 29
19
10 59
20
76 1
21
65 80
22
88 1
23
19 47
24
67 71
25
71 14
26
5 21
27
31 30
28
37 8
29
0 21
30
4 9
31
72 17
32
52 3
33
73 17
34
67 78
35
58 0
36
76 79
37
22 53
38
30 19
39
25 28
40
6 1
41
26 21
42
88 41
43
15 18
44
1 5
45
17 16
46
12 61
48
2 51
49
75 87
50
64 20
51
58 88
52
77 3
53
21 75
54
22 59
55
74 77
56
2 34
57
5 86
58
23 2
60
79 16
61
70 21
62
79 62
63
42 27
65
62 37
66
28 56
68
23 49
69
34 78
70
68 44
71
37 25
72
82 1
73
42 79
74
33 66
75
68 22
76
77 6
77
80 40
78
43 57
80
42 34
81
27 17
82
55 48
84
23 28
85
84 86
86
8 76
87
59 27
88
24 81
91
45 18
92
18 83
93
45 21
94
87 62
95
66 82
96
78 1
97
57 48
98
14 31
99
80 88
100
60 49
103
21 17
104
20 55
105
74 46
106
20 61
107
0 40
110
66 23
112
75 1
120
64 74
121
54 46
125
46 47
126
65 61
128
11 40
131
84 25
132
66 29
133
8 47
136
27 23
140
32 65
141
19 23
144
12 5
145
55 82
147
3 55
149
31 1
150
34 13
151
27 44
154
28 44
155
36 9
157
30 32
158
87 69
161
56 30
163
28 59
165
72 13
170
66 13
172
49 14
173
25 50
174
33 29
176
73 10
177
85 80
182
40 34
183
49 30
185
23 56
190
60 53
191
81 62
195
52 63
198
77 66
199
19 40
201
73 83
203
21 45
209
64 42
210
61 43
214
10 75
217
23 54
220
54 50
221
15 72
223
13 15
226
85 43
228
69 51
231
14 11
232
81 68
237
68 59
239
13 26
243
7 25
244
49 55
248
34 85
250
73 81
251
41 83
252
75 72
262
31 0
263
39 86
265
67 20
268
65 87
272
52 69
273
33 35
274
84 19
277
18 80
279
39 16
291
87 33
294
53 62
296
15 57
299
41 42
300
0 79
301
35 29
303
53 73
304
35 70
309
81 77
316
35 34
320
1 44
321
24 77
325
11 10
326
67 32
328
11 76
329
22 30
331
68 53
332
47 11
336
46 45
343
76 64
346
51 64
359
18 71
365
72 37
370
12 71
371
71 3
372
40 58
380
86 75
386
7 50
390
56 36
391
59 31
401
49 79
403
49 29
406
74 15
415
11 58
420
54 70
424
68 46
427
79 23
428
15 62
442
44 37
446
53 52
454
48 20
457
78 34
466
50 2
468
35 16
470
42 50
473
19 61
482
57 32
490
34 15
491
49 7
495
53 70
500
56 59
506
70 3
510
33 64
516
17 53
518
47 4
527
79 86
533
21 64
543
78 56
552
83 77
553
15 19
562
42 40
567
68 25
583
56 49
590
63 24
594
3 79
597
31 3
605
56 58
610
24 44
616
48 21
618
30 73
621
39 68
639
52 66
643
8 21
657
72 77
670
12 77
682
78 72
695
77 83
717
11 23
781
60 61
784
82 63
807
63 75
813
30 8
827
44 34
838
36 72
842
18 34
864
49 44
865
40 83
871
78 49
873
38 69
884
63 50
887
1 84
900
22 12
928
38 10
952
41 82
953
32 2
960
63 41
961
55 31
978
85 78
981
82 20
993
17 56
1000
88 11
1013
20 70
1026
31 25
1052
53 1
1062
38 21
1084
84 1
1086
65 18
1088
77 30
1097
88 17
1115
83 85
1124
32 17
1198
32 28
1221
40 72
1222
77 2
1225
21 10
1233
74 27
1255
57 29
1277
62 14
1289
61 16
1301
35 72
1333
77 12
1336
39 72
1406
83 32
1475
30 23
1496
82 86
1506
57 12
1518
80 63
1523
58 30
1566
35 24
1586
9 31
1631
13 86
1645
57 11
1654
66 58
1667
54 56
1708
35 44
1731
33 74
1794
14 62
1807
30 5
1858
77 37
1889
32 16
1893
18 30
1967
41 68
2033
30 22
2035
73 53
2049
55 43
2060
31 19
2082
71 64
2097
48 53
2146
82 4
2186
71 55
2243
73 75
2272
21 24
2405
60 25
2408
49 9
2441
79 56
2468
63 65
2528
25 46
2530
2 84
2618
35 85
3980
