89 281 2670 2
0 0 4 40
1 0 9 34
2 0 18 35
3 0 54 40
4 0 73 45
5 0 78 30
6 0 84 34
7 1 7 42
8 1 15 45
9 1 21 35
10 1 29 32
11 1 35 35
12 1 54 41
13 1 60 45
14 1 67 32
15 1 71 41
16 1 76 44
17 1 84 45
18 2 12 37
19 2 22 33
20 2 42 45
21 2 75 40
22 2 77 37
23 2 84 42
24 2 85 37
25 3 4 44
26 3 26 42
27 3 32 31
28 3 33 37
29 3 45 42
30 3 46 33
31 3 79 38
32 4 6 37
33 4 10 43
34 4 27 35
35 4 56 35
36 4 77 36
37 4 78 36
38 4 82 43
39 5 6 32
40 5 13 40
41 5 25 44
42 5 29 33
43 5 30 45
44 5 39 36
45 5 56 30
46 5 62 31
47 6 19 36
48 6 37 30
49 6 47 41
50 6 60 42
51 7 8 39
52 7 13 38
53 7 58 32
54 7 79 40
55 7 80 42
56 8 21 45
57 8 24 39
58 9 16 34
59 9 17 44
60 9 19 40
61 9 28 36
62 9 30 36
63 9 49 33
64 10 38 37
65 10 46 30
66 10 57 34
67 11 31 32
68 11 57 40
69 11 58 45
70 11 72 37
71 11 76 34
72 12 22 30
73 12 24 36
74 12 57 43
75 13 18 33
76 13 24 42
77 13 31 35
78 13 37 34
79 13 48 45
80 13 50 39
81 13 60 45
82 13 77 37
83 13 86 32
84 14 30 32
85 14 43 30
86 14 62 34
87 15 49 31
88 15 60 39
89 15 66 33
90 15 74 43
91 16 25 33
92 16 27 32
93 16 77 36
94 16 83 37
95 17 36 43
96 17 39 35
97 17 53 41
98 17 56 45
99 17 70 31
100 17 74 33
101 17 86 41
102 18 23 43
103 18 29 45
104 18 30 33
105 18 72 43
106 18 80 41
107 19 25 35
108 19 31 43
109 19 43 37
110 19 66 30
111 19 82 35
112 20 22 43
113 20 27 43
114 20 54 31
115 20 63 36
116 20 64 34
117 20 68 44
118 20 70 36
119 20 75 43
120 21 22 43
121 21 38 42
122 21 40 35
123 21 45 30
124 21 64 32
125 21 82 36
126 21 85 44
127 22 23 39
128 22 26 32
129 22 59 35
130 23 24 36
131 23 44 32
132 23 58 44
133 23 60 41
134 23 63 42
135 23 65 45
136 23 79 36
137 23 81 40
138 24 30 31
139 24 61 35
140 25 40 34
141 25 46 30
142 25 79 38
143 25 86 45
144 26 31 37
145 26 49 30
146 26 53 33
147 26 59 34
148 26 83 38
149 27 39 30
150 27 61 44
151 27 62 38
152 27 65 35
153 27 74 38
154 28 60 33
155 28 61 36
156 28 70 36
157 29 35 41
158 29 37 43
159 29 40 44
160 29 81 34
161 30 32 30
162 30 35 45
163 30 44 32
164 30 63 30
165 30 72 33
166 31 44 38
167 31 49 45
168 31 66 37
169 31 73 38
170 31 87 34
171 32 40 44
172 32 64 35
173 32 70 35
174 32 72 31
175 32 83 41
176 33 37 30
177 33 63 30
178 33 71 33
179 34 61 41
180 34 66 32
181 34 68 44
182 34 74 39
183 35 44 43
184 35 73 34
185 35 77 34
186 35 85 30
187 36 43 43
188 36 46 43
189 36 68 45
190 36 72 37
191 36 78 43
192 37 42 38
193 37 49 37
194 37 55 38
195 37 68 32
196 37 71 41
197 37 77 35
198 39 78 37
199 40 42 41
200 40 44 35
201 40 66 31
202 41 50 34
203 41 53 31
204 41 59 32
205 41 68 42
206 41 82 42
207 42 50 41
208 42 56 33
209 43 49 41
210 43 55 32
211 43 61 44
212 44 49 38
213 44 58 45
214 44 70 44
215 44 74 35
216 45 87 37
217 46 73 39
218 47 79 36
219 48 53 43
220 48 54 42
221 48 56 43
222 48 59 39
223 48 61 44
224 48 62 39
225 48 85 43
226 49 55 40
227 49 61 30
228 49 65 36
229 49 71 37
230 49 76 41
231 49 77 30
232 49 78 38
233 49 79 42
234 49 80 31
235 49 81 33
236 50 68 40
237 50 83 34
238 51 60 44
239 52 60 42
240 52 64 41
241 52 66 31
242 52 76 42
243 52 82 31
244 53 73 37
245 54 79 31
246 56 68 44
247 56 78 41
248 56 79 40
249 56 85 43
250 57 60 36
251 57 81 43
252 58 61 37
253 58 68 34
254 58 78 35
255 59 85 33
256 59 87 38
257 60 84 40
258 60 86 45
259 61 66 42
260 61 88 37
261 62 74 38
262 63 65 36
263 63 68 37
264 63 82 45
265 64 67 32
266 64 71 35
267 65 66 37
268 65 69 43
269 68 80 37
270 69 85 31
271 71 72 43
272 72 79 33
273 73 75 37
274 74 75 44
275 74 79 44
276 76 81 31
277 82 86 42
278 83 84 33
279 84 85 45
280 85 88 31
0 82 10 14
1 59 86 10
2 52 49 15
3 74 72 11
4 34 83 10
5 7 42 12
6 48 62 15
7 21 33 11
8 57 35 11
9 4 81 15
10 56 65 12
11 22 81 13
12 15 58 15
13 8 24 13
14 43 51 12
15 71 53 13
16 14 33 11
17 52 35 14
18 73 29 13
19 10 59 12
20 76 1 14
21 65 80 13
22 88 1 10
23 19 47 10
24 67 71 11
25 71 14 13
26 5 21 12
27 31 30 12
28 37 8 10
29 0 21 11
30 4 9 11
31 72 17 10
32 52 3 15
33 73 17 11
34 67 78 11
35 58 0 15
36 76 79 13
37 22 53 11
38 30 19 14
39 25 28 15
40 6 1 11
41 26 21 14
42 88 41 11
43 15 18 12
44 1 5 13
45 17 16 12
46 12 61 12
47 67 51 10
48 2 51 12
49 75 87 14
50 64 20 12
51 58 88 13
52 77 3 15
53 21 75 10
54 22 59 13
55 74 77 14
56 2 34 12
57 5 86 14
58 23 2 15
59 21 55 15
60 79 16 13
61 70 21 15
62 79 62 11
63 42 27 14
64 67 24 15
65 62 37 12
66 28 56 12
67 6 9 15
68 23 49 14
69 34 78 10
70 68 44 13
71 37 25 11
72 82 1 13
73 42 79 11
74 33 66 11
75 68 22 13
76 77 6 13
77 80 40 12
78 43 57 11
79 33 85 14
80 42 34 10
81 27 17 11
82 55 48 10
83 53 23 12
84 23 28 10
85 84 86 14
86 8 76 15
87 59 27 15
88 24 81 12
89 78 38 12
90 18 1 12
91 45 18 12
92 18 83 10
93 45 21 13
94 87 62 11
95 66 82 14
96 78 1 15
97 57 48 15
98 14 31 10
99 80 88 14
100 60 49 11
101 84 78 12
102 37 5 10
103 21 17 10
104 20 55 13
105 74 46 10
106 20 61 15
107 0 40 13
108 3 20 13
109 2 87 11
110 66 23 10
111 85 4 11
112 75 1 10
113 14 7 14
114 6 72 11
115 71 21 10
116 0 25 14
117 67 61 14
118 13 42 10
119 37 13 13
120 64 74 11
121 54 46 12
122 7 10 13
123 22 36 11
124 76 45 15
125 46 47 11
126 65 61 10
127 73 61 14
128 11 40 15
129 38 20 11
130 6 46 14
131 84 25 11
132 66 29 13
133 8 47 14
134 61 42 12
135 32 78 13
136 27 23 12
137 19 37 13
138 51 7 12
139 62 23 14
140 32 65 12
141 19 23 10
142 78 2 10
143 13 37 11
144 12 5 10
145 55 82 10
146 77 56 15
147 3 55 13
148 83 5 12
149 31 1 11
150 34 13 14
151 27 44 10
152 64 1 12
153 34 22 11
154 28 44 13
155 36 9 12
156 15 70 10
157 30 32 11
158 87 69 15
159 65 14 12
160 10 84 12
161 56 30 14
162 73 1 12
163 28 59 14
164 83 81 14
165 72 13 15
166 44 84 12
167 63 19 14
168 61 49 14
169 38 82 10
170 66 13 13
171 16 71 11
172 49 14 15
173 25 50 11
174 33 29 15
175 37 84 10
176 73 10 13
177 85 80 11
178 73 40 14
179 29 19 14
180 46 39 12
181 3 42 15
182 40 34 15
183 49 30 15
184 17 11 14
185 23 56 10
186 1 50 15
187 17 54 14
188 53 12 10
189 71 38 12
190 60 53 10
191 81 62 13
192 76 65 14
193 67 72 13
194 87 20 14
195 52 63 12
196 27 29 11
197 79 82 14
198 77 66 12
199 19 40 14
200 65 7 12
201 73 83 13
202 88 20 12
203 21 45 15
204 41 71 10
205 31 14 12
206 28 77 15
207 9 27 12
208 16 8 12
209 64 42 15
210 61 43 10
211 57 34 11
212 8 77 11
213 80 52 11
214 10 75 13
215 88 31 10
216 38 46 13
217 23 54 15
218 47 38 11
219 41 65 15
220 54 50 10
221 15 72 15
222 33 51 15
223 13 15 13
224 0 68 10
225 2 62 12
226 85 43 11
227 45 38 15
228 69 51 10
229 82 42 10
230 67 46 12
231 14 11 10
232 81 68 10
233 24 1 13
234 87 14 12
235 37 61 10
236 7 40 13
237 68 59 10
238 31 80 13
239 13 26 10
240 11 74 12
241 81 17 15
242 58 9 10
243 7 25 13
244 49 55 10
245 55 26 11
246 71 60 14
247 8 44 14
248 34 85 12
249 54 7 13
250 73 81 12
251 41 83 15
252 75 72 10
253 42 22 12
254 23 60 15
255 40 85 10
256 13 48 15
257 13 43 11
258 80 87 13
259 32 35 11
260 8 48 11
261 28 1 10
262 31 0 10
263 39 86 12
264 83 21 10
265 67 20 11
266 40 0 14
267 48 65 14
268 65 87 14
269 29 8 10
270 37 75 13
271 25 88 14
272 52 69 12
273 33 35 10
274 84 19 10
275 76 8 13
276 6 48 11
277 18 80 10
278 63 69 14
279 39 16 13
280 19 1 10
281 27 84 14
282 2 20 14
283 14 42 12
284 17 45 14
285 39 19 14
286 31 74 15
287 71 13 10
288 18 14 10
289 42 75 13
290 1 10 11
291 87 33 15
292 35 19 15
293 0 18 12
294 53 62 11
295 22 21 14
296 15 57 10
297 21 31 15
298 23 6 14
299 41 42 12
300 0 79 11
301 35 29 13
302 65 81 14
303 53 73 10
304 35 70 10
305 27 3 13
306 52 47 13
307 87 73 11
308 2 3 15
309 81 77 10
310 31 65 15
311 61 40 15
312 42 53 13
313 49 10 11
314 34 23 14
315 16 29 11
316 35 34 11
317 2 88 12
318 60 11 12
319 22 62 11
320 1 44 10
321 24 77 12
322 36 12 12
323 72 14 13
324 15 82 15
325 11 10 11
326 67 32 11
327 40 52 15
328 11 76 13
329 22 30 11
330 81 51 15
331 68 53 11
332 47 11 11
333 59 61 11
334 60 50 15
335 76 0 12
336 46 45 14
337 1 65 12
338 84 66 11
339 13 1 11
340 34 39 13
341 76 34 11
342 7 57 12
343 76 64 15
344 88 22 10
345 77 60 15
346 51 64 10
347 18 59 14
348 64 66 15
349 79 0 10
350 82 22 11
351 51 79 14
352 45 11 14
353 6 53 11
354 77 38 12
355 18 3 12
356 22 2 11
357 4 54 15
358 43 62 10
359 18 71 13
360 45 26 11
361 85 36 14
362 2 83 14
363 2 9 11
364 55 7 12
365 72 37 13
366 33 16 10
367 35 22 12
368 33 88 15
369 68 23 13
370 12 71 14
371 71 3 12
372 40 58 13
373 74 22 11
374 72 54 11
375 45 71 15
376 38 60 15
377 2 61 15
378 19 14 13
379 54 76 15
380 86 75 15
381 75 46 14
382 7 45 11
383 5 33 12
384 28 11 15
385 78 59 12
386 7 50 11
387 82 79 12
388 79 6 13
389 0 5 14
390 56 36 10
391 59 31 11
392 72 62 11
393 41 14 10
394 74 0 14
395 25 85 11
396 11 66 13
397 88 65 11
398 85 74 14
399 87 41 14
400 8 32 15
401 49 79 11
402 50 48 15
403 49 29 14
404 8 86 14
405 73 6 10
406 74 15 14
407 0 61 11
408 80 20 10
409 66 75 15
410 45 15 12
411 82 8 14
412 62 88 11
413 35 67 13
414 4 57 15
415 11 58 15
416 62 40 12
417 46 2 13
418 81 46 15
419 50 64 15
420 54 70 10
421 37 62 13
422 7 11 15
423 24 71 15
424 68 46 14
425 56 86 14
426 74 11 11
427 79 23 10
428 15 62 10
429 41 74 12
430 49 48 14
431 49 13 12
432 85 60 14
433 58 85 14
434 25 65 14
435 17 50 14
436 34 67 10
437 28 85 11
438 47 16 14
439 85 45 15
440 35 80 10
441 80 84 10
442 44 37 12
443 29 3 12
444 17 13 12
445 30 10 15
446 53 52 12
447 14 71 14
448 75 79 12
449 3 25 13
450 84 33 10
451 17 74 14
452 11 55 14
453 62 71 15
454 48 20 10
455 2 28 15
456 69 43 14
457 78 34 13
458 16 72 10
459 42 47 10
460 41 85 11
461 13 75 14
462 24 52 15
463 18 27 15
464 3 68 10
465 81 59 11
466 50 2 13
467 55 11 11
468 35 16 10
469 39 33 10
470 42 50 14
471 87 17 15
472 83 7 13
473 19 61 15
474 76 72 14
475 81 72 12
476 73 88 14
477 7 15 15
478 66 79 14
479 73 22 13
480 54 23 14
481 29 82 13
482 57 32 10
483 64 83 13
484 47 52 15
485 4 3 11
486 22 74 12
487 62 3 11
488 38 75 11
489 44 47 11
490 34 15 13
491 49 7 13
492 76 88 14
493 62 50 13
494 76 77 11
495 53 70 14
496 15 76 12
497 23 5 14
498 67 39 13
499 31 36 13
500 56 59 12
501 13 44 12
502 54 25 15
503 27 38 15
504 38 15 14
505 4 11 11
506 70 3 11
507 74 8 12
508 25 73 12
509 18 6 13
510 33 64 10
511 8 42 12
512 77 58 11
513 7 44 13
514 40 17 11
515 58 10 14
516 17 53 15
517 70 2 13
518 47 4 15
519 6 73 13
520 65 30 11
521 66 67 15
522 67 1 13
523 72 58 11
524 25 67 11
525 64 61 14
526 87 78 15
527 79 86 10
528 87 56 11
529 25 43 11
530 71 68 10
531 45 12 11
532 55 76 14
533 21 64 13
534 12 3 10
535 22 26 14
536 60 57 10
537 34 28 10
538 26 37 12
539 88 47 10
540 52 26 14
541 65 64 11
542 22 64 14
543 78 56 15
544 14 5 12
545 59 41 12
546 88 78 14
547 9 14 10
548 68 1 14
549 71 11 13
550 55 87 10
551 69 72 14
552 83 77 10
553 15 19 14
554 14 38 13
555 12 34 11
556 70 86 12
557 4 13 10
558 43 80 12
559 3 87 11
560 78 54 14
561 7 58 10
562 42 40 11
563 2 79 13
564 17 62 13
565 10 70 13
566 74 66 13
567 68 25 10
568 14 56 13
569 54 22 13
570 6 78 15
571 32 79 11
572 61 86 12
573 47 31 13
574 76 47 15
575 21 50 15
576 7 51 14
577 2 39 10
578 57 78 15
579 47 71 14
580 86 27 10
581 30 28 12
582 6 3 11
583 56 49 13
584 5 4 11
585 66 40 12
586 7 26 14
587 35 86 13
588 10 0 13
589 66 83 14
590 63 24 10
591 55 57 11
592 31 10 10
593 86 15 15
594 3 79 12
595 45 73 13
596 45 84 10
597 31 3 10
598 21 1 13
599 28 2 14
600 9 48 11
601 36 64 10
602 10 2 12
603 2 17 13
604 21 42 15
605 56 58 11
606 55 10 14
607 40 68 15
608 39 31 13
609 14 20 13
610 24 44 14
611 45 69 15
612 18 37 11
613 38 67 11
614 18 67 10
615 65 42 13
616 48 21 15
617 27 49 11
618 30 73 10
619 52 13 11
620 43 0 11
621 39 68 15
622 43 40 11
623 43 50 14
624 57 88 15
625 6 67 14
626 5 50 15
627 26 44 13
628 18 74 14
629 80 76 14
630 18 5 12
631 39 11 11
632 59 22 14
633 22 78 10
634 22 56 10
635 51 36 11
636 14 80 13
637 79 42 15
638 70 7 10
639 52 66 12
640 9 87 10
641 54 4 11
642 80 6 15
643 8 21 11
644 13 17 12
645 69 39 13
646 19 30 14
647 58 39 14
648 52 73 14
649 1 16 11
650 43 5 14
651 13 27 12
652 84 59 15
653 84 71 10
654 27 60 15
655 13 38 10
656 40 60 10
657 72 77 12
658 16 15 10
659 34 51 10
660 43 79 14
661 20 51 10
662 14 3 15
663 38 37 15
664 62 85 13
665 85 13 15
666 36 73 12
667 25 37 10
668 44 7 10
669 29 53 14
670 12 77 12
671 86 84 12
672 58 40 12
673 46 21 11
674 40 47 14
675 77 59 11
676 74 40 12
677 0 44 12
678 18 35 10
679 12 0 14
680 62 82 10
681 41 39 10
682 78 72 11
683 22 79 15
684 86 24 12
685 52 51 11
686 76 57 11
687 46 37 14
688 28 45 12
689 47 77 14
690 23 55 11
691 38 66 15
692 47 42 15
693 1 6 11
694 31 87 10
695 77 83 13
696 20 76 13
697 87 58 14
698 20 69 13
699 48 10 14
700 64 17 14
701 41 79 10
702 34 5 13
703 16 6 14
704 81 39 11
705 36 14 10
706 19 29 15
707 2 13 15
708 25 6 15
709 14 8 11
710 17 49 11
711 31 76 14
712 70 52 14
713 52 54 13
714 61 25 12
715 65 15 12
716 87 30 14
717 11 23 11
718 10 76 10
719 32 24 15
720 84 51 10
721 40 53 14
722 7 34 11
723 52 38 15
724 32 84 13
725 78 33 12
726 17 82 10
727 9 1 13
728 56 1 14
729 78 81 10
730 46 26 15
731 4 29 11
732 52 80 10
733 43 12 15
734 71 59 10
735 4 32 10
736 86 39 12
737 54 33 13
738 29 68 14
739 71 74 11
740 18 66 12
741 4 8 12
742 32 80 14
743 62 73 10
744 82 84 12
745 81 63 15
746 28 41 14
747 34 14 13
748 31 13 14
749 77 20 13
750 45 4 10
751 52 84 15
752 72 20 10
753 42 24 14
754 83 3 15
755 1 41 10
756 53 61 15
757 80 15 13
758 78 68 15
759 72 7 11
760 86 80 11
761 4 30 14
762 30 61 12
763 82 85 15
764 65 13 11
765 0 88 10
766 58 2 14
767 74 36 12
768 75 41 13
769 8 68 10
770 26 32 10
771 7 23 14
772 15 49 14
773 12 69 12
774 27 53 10
775 7 53 13
776 3 59 13
777 75 48 13
778 0 23 12
779 67 79 10
780 16 60 10
781 60 61 11
782 20 50 14
783 83 41 15
784 82 63 14
785 9 7 12
786 16 64 14
787 88 70 13
788 29 9 14
789 45 47 11
790 84 40 13
791 58 48 15
792 62 69 13
793 78 84 10
794 41 38 10
795 10 54 15
796 48 76 10
797 11 45 11
798 36 2 15
799 40 18 12
800 77 79 13
801 84 74 13
802 72 57 13
803 66 54 14
804 6 59 14
805 15 51 10
806 33 14 11
807 63 75 15
808 82 54 12
809 85 5 12
810 72 61 10
811 26 70 11
812 39 12 10
813 30 8 10
814 9 47 12
815 62 81 13
816 6 8 14
817 87 84 13
818 64 39 14
819 2 64 11
820 32 44 13
821 1 87 15
822 79 37 11
823 19 3 10
824 25 5 11
825 16 25 14
826 81 31 15
827 44 34 10
828 31 47 13
829 10 29 11
830 71 33 12
831 62 20 15
832 59 70 10
833 16 14 14
834 49 83 15
835 40 81 15
836 61 29 12
837 10 41 15
838 36 72 13
839 6 86 13
840 57 55 13
841 34 62 10
842 18 34 11
843 37 51 15
844 71 28 12
845 67 41 12
846 75 58 12
847 13 87 12
848 62 76 14
849 5 3 12
850 65 29 11
851 54 82 14
852 60 81 11
853 51 6 13
854 29 7 10
855 56 77 14
856 80 19 15
857 11 5 14
858 22 63 14
859 31 29 11
860 68 42 14
861 48 71 11
862 33 40 10
863 9 54 15
864 49 44 10
865 40 83 10
866 27 65 11
867 21 53 11
868 78 25 13
869 43 65 14
870 29 35 15
871 78 49 10
872 42 19 10
873 38 69 14
874 18 40 11
875 48 86 13
876 87 76 10
877 24 64 14
878 45 64 13
879 73 36 10
880 65 59 10
881 67 17 14
882 78 10 15
883 59 68 10
884 63 50 13
885 12 46 12
886 45 66 15
887 1 84 15
888 54 13 14
889 56 6 10
890 10 27 13
891 40 8 11
892 23 1 10
893 53 25 12
894 57 50 14
895 13 30 13
896 39 82 13
897 23 87 12
898 75 70 12
899 48 69 12
900 22 12 15
901 21 16 14
902 77 67 12
903 26 41 12
904 13 33 11
905 4 12 15
906 73 32 11
907 50 59 11
908 51 24 11
909 41 13 12
910 30 11 10
911 33 82 11
912 2 69 10
913 37 41 11
914 11 4 10
915 21 41 14
916 5 37 13
917 47 37 15
918 61 55 14
919 11 59 10
920 72 41 10
921 82 64 12
922 52 74 15
923 13 60 11
924 65 38 13
925 10 18 13
926 14 78 14
927 19 62 11
928 38 10 14
929 69 62 14
930 25 30 11
931 27 7 13
932 46 44 15
933 79 57 13
934 8 30 12
935 43 16 15
936 17 0 15
937 19 16 13
938 79 55 10
939 84 62 13
940 85 3 10
941 11 22 14
942 5 70 12
943 43 88 10
944 57 23 15
945 75 34 14
946 70 76 14
947 31 28 15
948 72 65 14
949 55 70 11
950 46 38 10
951 47 17 15
952 41 82 13
953 32 2 15
954 49 3 15
955 39 26 11
956 77 1 10
957 65 70 14
958 43 1 14
959 63 87 11
960 63 41 10
961 55 31 15
962 52 21 11
963 77 68 11
964 20 42 10
965 44 31 14
966 50 40 11
967 11 16 11
968 40 71 12
969 66 88 12
970 19 7 14
971 33 11 14
972 34 37 12
973 55 20 10
974 39 43 15
975 63 81 14
976 59 23 13
977 24 11 11
978 85 78 11
979 11 13 15
980 65 4 14
981 82 20 15
982 75 28 14
983 4 58 12
984 27 67 12
985 82 58 11
986 77 5 11
987 17 10 15
988 55 42 10
989 40 46 13
990 81 58 11
991 24 56 13
992 9 6 13
993 17 56 13
994 62 53 15
995 42 82 15
996 77 62 11
997 53 3 12
998 84 60 10
999 44 2 11
1000 88 11 10
1001 76 17 12
1002 1 47 14
1003 84 27 13
1004 66 21 12
1005 8 58 10
1006 81 18 12
1007 83 45 15
1008 47 83 11
1009 48 58 12
1010 55 72 15
1011 30 36 12
1012 24 22 11
1013 20 70 11
1014 57 21 10
1015 25 1 11
1016 86 63 11
1017 23 16 10
1018 38 70 12
1019 1 82 10
1020 1 34 12
1021 36 35 13
1022 23 21 13
1023 77 17 14
1024 9 63 11
1025 61 22 12
1026 31 25 12
1027 59 57 11
1028 87 2 12
1029 68 33 12
1030 30 62 13
1031 18 81 14
1032 19 43 15
1033 47 73 14
1034 39 71 12
1035 71 20 15
1036 63 44 14
1037 49 46 12
1038 76 70 13
1039 55 80 15
1040 86 73 12
1041 3 0 14
1042 11 6 13
1043 18 28 12
1044 77 82 10
1045 50 72 11
1046 13 64 11
1047 85 33 15
1048 35 49 15
1049 36 74 12
1050 51 49 15
1051 84 42 13
1052 53 1 11
1053 63 54 15
1054 40 10 11
1055 7 74 13
1056 14 18 13
1057 28 37 15
1058 66 42 13
1059 76 84 12
1060 79 38 10
1061 71 36 15
1062 38 21 13
1063 41 86 12
1064 74 81 12
1065 5 47 13
1066 10 42 14
1067 59 39 12
1068 76 15 12
1069 85 1 11
1070 18 20 15
1071 76 42 10
1072 69 47 15
1073 71 76 13
1074 10 9 13
1075 40 45 10
1076 66 77 10
1077 39 76 10
1078 67 56 13
1079 77 72 10
1080 47 59 12
1081 7 38 15
1082 64 85 13
1083 73 5 14
1084 84 1 15
1085 19 48 13
1086 65 18 11
1087 32 73 10
1088 77 30 12
1089 16 63 12
1090 77 57 14
1091 37 58 12
1092 43 9 12
1093 51 23 15
1094 38 78 14
1095 29 62 11
1096 75 76 12
1097 88 17 10
1098 34 26 10
1099 12 51 10
1100 36 17 13
1101 29 63 12
1102 79 76 15
1103 61 88 15
1104 23 73 14
1105 39 49 15
1106 66 46 14
1107 43 58 13
1108 3 47 10
1109 84 41 13
1110 46 76 14
1111 60 46 15
1112 25 79 11
1113 72 86 10
1114 68 67 15
1115 83 85 10
1116 79 32 10
1117 44 35 14
1118 32 52 15
1119 45 22 14
1120 10 68 14
1121 24 46 14
1122 69 25 10
1123 69 17 15
1124 32 17 13
1125 3 18 12
1126 15 11 13
1127 29 64 12
1128 19 57 12
1129 31 88 13
1130 71 39 14
1131 46 4 13
1132 2 8 11
1133 38 17 11
1134 29 41 15
1135 40 3 12
1136 39 3 12
1137 63 14 10
1138 84 55 11
1139 4 65 15
1140 4 19 10
1141 14 83 10
1142 6 32 10
1143 18 46 14
1144 64 52 15
1145 76 83 13
1146 0 17 15
1147 20 40 10
1148 79 21 15
1149 3 15 10
1150 78 69 14
1151 41 43 11
1152 50 10 13
1153 17 66 15
1154 5 16 15
1155 48 15 11
1156 47 72 11
1157 56 74 13
1158 51 0 12
1159 5 23 13
1160 14 68 15
1161 27 1 10
1162 65 85 12
1163 74 44 11
1164 43 33 10
1165 1 27 12
1166 85 14 15
1167 70 65 15
1168 78 27 12
1169 40 63 13
1170 38 56 14
1171 84 75 13
1172 79 19 13
1173 80 9 10
1174 51 83 15
1175 10 52 15
1176 50 85 15
1177 55 28 15
1178 10 65 14
1179 17 76 13
1180 64 82 13
1181 47 66 15
1182 38 64 12
1183 11 50 13
1184 28 43 13
1185 41 37 15
1186 65 37 12
1187 22 38 10
1188 14 52 14
1189 25 15 12
1190 22 14 15
1191 39 59 11
1192 83 30 14
1193 4 24 11
1194 57 6 12
1195 42 38 12
1196 1 21 13
1197 37 11 11
1198 32 28 11
1199 0 42 14
1200 75 80 11
1201 3 60 14
1202 33 83 11
1203 49 86 13
1204 12 86 15
1205 31 48 15
1206 59 53 11
1207 39 80 14
1208 46 16 14
1209 41 87 11
1210 77 40 14
1211 0 26 15
1212 87 12 11
1213 3 14 11
1214 21 61 15
1215 77 50 14
1216 43 47 14
1217 51 41 15
1218 20 9 15
1219 11 60 13
1220 64 14 10
1221 40 72 11
1222 77 2 11
1223 39 15 13
1224 63 85 10
1225 21 10 12
1226 72 23 15
1227 79 7 13
1228 65 24 12
1229 0 12 10
1230 59 58 15
1231 17 44 15
1232 15 5 14
1233 74 27 10
1234 81 55 15
1235 0 65 12
1236 79 11 11
1237 47 24 14
1238 34 11 15
1239 83 15 14
1240 61 18 13
1241 77 24 11
1242 44 55 10
1243 24 55 11
1244 14 46 14
1245 48 82 14
1246 44 80 12
1247 38 76 15
1248 9 58 14
1249 7 69 14
1250 43 63 13
1251 30 33 10
1252 55 23 12
1253 28 14 13
1254 34 3 15
1255 57 29 14
1256 27 6 15
1257 34 47 15
1258 88 59 12
1259 16 78 14
1260 54 2 15
1261 84 31 13
1262 61 72 10
1263 42 33 11
1264 40 28 10
1265 3 16 13
1266 59 62 11
1267 12 80 15
1268 85 65 14
1269 83 62 15
1270 19 69 13
1271 65 19 13
1272 6 80 11
1273 10 21 11
1274 47 36 14
1275 29 55 13
1276 29 79 13
1277 62 14 14
1278 26 18 11
1279 75 42 11
1280 9 43 12
1281 72 44 11
1282 19 27 14
1283 80 29 10
1284 43 76 15
1285 84 87 10
1286 4 45 15
1287 11 69 15
1288 42 5 15
1289 61 16 11
1290 65 12 10
1291 88 64 13
1292 1 66 14
1293 71 42 10
1294 5 6 11
1295 67 70 15
1296 78 12 10
1297 28 16 10
1298 29 51 10
1299 72 50 10
1300 24 29 13
1301 35 72 13
1302 9 21 13
1303 57 16 15
1304 64 7 13
1305 77 31 15
1306 36 37 13
1307 77 48 14
1308 0 81 14
1309 14 6 11
1310 27 10 14
1311 30 56 14
1312 81 86 14
1313 0 63 14
1314 10 77 12
1315 75 21 11
1316 88 84 11
1317 7 22 13
1318 26 85 10
1319 39 73 14
1320 62 67 10
1321 42 41 10
1322 35 28 10
1323 12 13 10
1324 80 54 13
1325 3 44 10
1326 17 87 10
1327 7 60 12
1328 31 41 11
1329 45 86 12
1330 87 21 15
1331 31 54 12
1332 85 26 13
1333 77 12 11
1334 81 70 11
1335 49 39 11
1336 39 72 10
1337 34 66 12
1338 79 51 10
1339 64 78 12
1340 83 68 12
1341 32 56 11
1342 79 70 14
1343 30 83 10
1344 15 22 13
1345 77 18 12
1346 23 48 11
1347 65 10 10
1348 41 2 13
1349 15 53 14
1350 72 16 11
1351 18 15 13
1352 14 10 12
1353 48 59 12
1354 26 4 10
1355 40 62 10
1356 42 45 13
1357 35 31 15
1358 2 18 13
1359 50 57 15
1360 79 84 14
1361 15 85 14
1362 16 35 12
1363 1 35 11
1364 68 28 11
1365 32 21 10
1366 5 77 12
1367 34 10 10
1368 16 76 13
1369 77 88 13
1370 37 17 13
1371 26 15 11
1372 20 45 13
1373 23 10 11
1374 80 59 12
1375 10 88 12
1376 1 42 12
1377 12 55 15
1378 16 77 13
1379 59 19 14
1380 8 51 10
1381 86 53 14
1382 28 35 14
1383 53 11 13
1384 39 50 12
1385 70 57 15
1386 64 23 10
1387 60 84 14
1388 7 63 12
1389 60 2 12
1390 80 49 12
1391 68 86 11
1392 85 59 10
1393 40 26 10
1394 24 62 13
1395 24 86 10
1396 62 35 14
1397 13 52 13
1398 13 18 10
1399 69 23 13
1400 19 44 14
1401 53 58 11
1402 37 85 13
1403 40 24 15
1404 13 61 14
1405 37 10 13
1406 83 32 13
1407 43 48 10
1408 77 13 12
1409 59 88 12
1410 35 13 12
1411 58 78 13
1412 15 84 12
1413 19 71 11
1414 17 70 11
1415 7 79 13
1416 67 64 13
1417 16 19 11
1418 86 41 11
1419 19 15 11
1420 82 19 15
1421 68 63 15
1422 74 84 13
1423 27 21 12
1424 72 71 15
1425 75 49 10
1426 78 73 15
1427 36 63 12
1428 79 64 14
1429 31 38 12
1430 65 5 10
1431 76 32 15
1432 1 79 12
1433 46 9 13
1434 58 75 10
1435 13 62 10
1436 44 36 14
1437 74 33 14
1438 40 6 12
1439 49 16 11
1440 55 85 10
1441 56 53 14
1442 29 56 12
1443 2 48 14
1444 41 72 13
1445 46 17 10
1446 42 61 11
1447 36 68 14
1448 42 48 15
1449 50 41 12
1450 54 36 11
1451 72 74 13
1452 27 0 15
1453 56 0 10
1454 35 50 13
1455 53 7 15
1456 88 46 15
1457 20 17 15
1458 17 38 13
1459 14 25 10
1460 42 20 10
1461 50 34 15
1462 3 72 10
1463 10 57 15
1464 29 40 12
1465 65 77 10
1466 83 2 11
1467 11 15 12
1468 3 75 10
1469 13 51 13
1470 24 66 11
1471 29 76 15
1472 74 58 10
1473 37 78 14
1474 24 40 13
1475 30 23 13
1476 60 6 11
1477 51 8 14
1478 28 19 14
1479 63 43 11
1480 40 59 13
1481 69 60 12
1482 84 23 13
1483 34 31 13
1484 76 86 13
1485 75 62 15
1486 43 17 12
1487 38 16 10
1488 58 11 14
1489 67 34 15
1490 77 42 14
1491 48 27 12
1492 88 74 12
1493 83 40 14
1494 5 41 15
1495 27 59 12
1496 82 86 15
1497 34 72 14
1498 7 35 14
1499 80 43 15
1500 15 8 15
1501 32 14 10
1502 70 78 15
1503 82 21 13
1504 73 87 10
1505 44 79 12
1506 57 12 11
1507 75 16 13
1508 88 48 13
1509 75 47 15
1510 78 65 10
1511 83 67 11
1512 60 0 11
1513 74 34 13
1514 28 13 11
1515 80 42 12
1516 79 63 10
1517 12 37 14
1518 80 63 13
1519 63 39 10
1520 7 19 14
1521 51 62 12
1522 12 53 10
1523 58 30 10
1524 46 5 12
1525 60 68 14
1526 17 43 12
1527 49 87 13
1528 13 23 14
1529 80 21 12
1530 6 66 11
1531 71 85 13
1532 16 56 15
1533 37 4 13
1534 39 63 10
1535 57 4 12
1536 37 73 10
1537 82 52 15
1538 24 2 11
1539 61 46 15
1540 75 32 11
1541 45 5 10
1542 4 76 15
1543 54 0 13
1544 43 35 12
1545 33 87 11
1546 22 27 11
1547 55 1 13
1548 24 38 13
1549 86 54 14
1550 28 20 10
1551 42 16 14
1552 73 50 10
1553 57 80 10
1554 65 67 12
1555 34 69 15
1556 65 17 13
1557 34 77 15
1558 80 1 15
1559 10 23 12
1560 39 61 11
1561 38 54 11
1562 27 4 11
1563 38 43 14
1564 88 36 10
1565 75 84 15
1566 35 24 10
1567 64 73 12
1568 31 81 15
1569 55 52 13
1570 37 63 15
1571 4 42 12
1572 87 60 10
1573 74 73 13
1574 15 28 15
1575 87 86 10
1576 46 61 15
1577 6 60 10
1578 64 3 11
1579 84 83 14
1580 61 67 12
1581 20 63 15
1582 17 34 12
1583 3 53 14
1584 43 24 12
1585 65 16 11
1586 9 31 10
1587 56 18 11
1588 48 8 11
1589 16 82 14
1590 4 2 10
1591 13 76 12
1592 0 66 15
1593 88 60 12
1594 79 45 10
1595 27 26 12
1596 52 56 10
1597 47 58 13
1598 85 34 10
1599 36 7 11
1600 77 44 13
1601 22 0 14
1602 34 65 12
1603 82 50 10
1604 71 7 11
1605 67 65 11
1606 27 72 14
1607 69 37 11
1608 60 16 10
1609 9 65 11
1610 80 82 10
1611 71 88 12
1612 10 61 12
1613 4 79 15
1614 61 21 15
1615 2 33 14
1616 51 68 10
1617 70 19 10
1618 35 9 11
1619 53 75 14
1620 82 30 11
1621 82 35 12
1622 84 80 13
1623 80 71 15
1624 54 27 10
1625 39 52 14
1626 62 0 12
1627 10 12 12
1628 53 74 12
1629 40 25 14
1630 68 12 15
1631 13 86 11
1632 36 50 12
1633 6 57 14
1634 68 76 14
1635 6 63 10
1636 59 63 11
1637 2 73 14
1638 30 79 11
1639 22 23 14
1640 81 0 11
1641 15 44 11
1642 25 34 15
1643 13 72 11
1644 16 20 12
1645 57 11 13
1646 57 76 10
1647 65 45 10
1648 51 39 10
1649 76 58 15
1650 63 28 11
1651 3 27 13
1652 1 61 10
1653 37 74 15
1654 66 58 10
1655 26 57 14
1656 47 60 15
1657 52 85 13
1658 55 86 11
1659 15 36 10
1660 26 86 10
1661 78 22 14
1662 77 26 11
1663 22 29 14
1664 38 63 15
1665 68 4 10
1666 6 45 10
1667 54 56 10
1668 46 48 15
1669 51 26 13
1670 68 41 13
1671 85 7 10
1672 4 74 15
1673 77 76 13
1674 26 33 14
1675 86 23 14
1676 6 35 12
1677 1 46 13
1678 27 16 15
1679 52 81 13
1680 25 7 12
1681 53 19 15
1682 45 75 13
1683 18 16 11
1684 61 3 14
1685 39 20 15
1686 66 32 12
1687 69 27 10
1688 87 54 10
1689 36 76 13
1690 84 5 14
1691 13 24 11
1692 1 63 13
1693 18 64 13
1694 44 6 12
1695 45 29 15
1696 87 18 15
1697 47 86 15
1698 17 41 13
1699 74 88 14
1700 47 65 14
1701 61 19 12
1702 13 3 14
1703 76 53 13
1704 38 11 13
1705 21 69 15
1706 70 41 15
1707 68 72 12
1708 35 44 11
1709 21 26 14
1710 14 37 13
1711 15 9 15
1712 10 7 15
1713 47 44 14
1714 59 72 15
1715 35 23 11
1716 31 35 10
1717 31 18 12
1718 20 52 15
1719 21 65 14
1720 68 77 15
1721 27 48 12
1722 44 52 12
1723 35 45 15
1724 52 0 11
1725 44 51 13
1726 15 79 13
1727 24 73 15
1728 79 48 12
1729 8 61 13
1730 59 0 13
1731 33 74 10
1732 6 24 11
1733 83 48 13
1734 24 61 10
1735 22 10 13
1736 72 66 13
1737 8 19 15
1738 55 53 15
1739 59 14 13
1740 27 70 11
1741 60 77 13
1742 12 27 10
1743 20 81 13
1744 9 85 12
1745 11 27 11
1746 18 55 14
1747 5 11 14
1748 62 80 11
1749 53 31 13
1750 48 22 13
1751 6 69 15
1752 4 22 10
1753 79 14 11
1754 87 38 10
1755 51 82 12
1756 34 82 13
1757 79 52 14
1758 68 20 12
1759 69 76 11
1760 81 10 13
1761 80 33 14
1762 38 87 14
1763 60 33 10
1764 47 18 10
1765 26 12 12
1766 59 47 12
1767 86 66 15
1768 66 3 13
1769 10 60 12
1770 62 31 14
1771 30 50 13
1772 79 36 13
1773 14 65 11
1774 78 67 12
1775 48 37 13
1776 19 45 12
1777 40 87 15
1778 87 47 12
1779 50 0 12
1780 75 22 11
1781 25 66 14
1782 17 40 10
1783 15 29 15
1784 80 3 13
1785 69 28 10
1786 80 23 14
1787 17 67 12
1788 32 10 11
1789 42 78 10
1790 63 5 13
1791 59 11 12
1792 20 46 15
1793 70 49 11
1794 14 62 10
1795 1 64 13
1796 64 8 11
1797 74 10 10
1798 77 69 15
1799 38 7 12
1800 46 77 14
1801 66 49 12
1802 74 68 15
1803 86 7 14
1804 45 67 11
1805 34 40 12
1806 1 24 15
1807 30 5 13
1808 30 26 12
1809 76 75 14
1810 41 58 15
1811 44 9 11
1812 22 44 11
1813 63 53 15
1814 75 66 12
1815 66 18 15
1816 70 18 15
1817 16 2 15
1818 82 5 10
1819 80 44 13
1820 28 74 10
1821 66 5 15
1822 60 44 15
1823 35 36 14
1824 26 84 11
1825 18 73 11
1826 24 4 15
1827 20 24 11
1828 70 77 11
1829 71 69 10
1830 53 72 12
1831 34 4 13
1832 25 59 11
1833 9 84 11
1834 55 15 15
1835 22 71 11
1836 23 34 14
1837 66 20 12
1838 56 12 13
1839 10 58 12
1840 47 85 12
1841 11 31 11
1842 13 47 15
1843 8 83 11
1844 3 4 10
1845 5 42 14
1846 80 75 15
1847 76 14 10
1848 38 81 15
1849 17 32 14
1850 84 34 10
1851 43 49 10
1852 48 25 14
1853 2 56 11
1854 65 58 12
1855 55 40 15
1856 53 15 14
1857 9 11 11
1858 77 37 15
1859 80 73 10
1860 9 18 13
1861 17 39 15
1862 63 45 10
1863 19 65 14
1864 86 58 11
1865 31 70 10
1866 56 33 12
1867 68 45 13
1868 23 59 12
1869 56 60 13
1870 70 25 11
1871 9 81 15
1872 67 49 13
1873 26 56 11
1874 48 40 13
1875 87 67 11
1876 6 7 12
1877 50 47 12
1878 78 8 12
1879 8 60 15
1880 69 18 13
1881 29 28 15
1882 43 6 11
1883 14 39 11
1884 12 62 11
1885 11 78 14
1886 66 76 14
1887 16 28 15
1888 56 17 11
1889 32 16 14
1890 18 25 12
1891 32 18 14
1892 87 7 13
1893 18 30 10
1894 20 43 11
1895 0 60 11
1896 28 18 12
1897 69 81 12
1898 34 32 12
1899 7 43 10
1900 25 84 13
1901 36 80 14
1902 68 57 10
1903 45 43 12
1904 5 45 13
1905 23 42 11
1906 32 39 14
1907 29 6 14
1908 20 25 11
1909 44 26 15
1910 21 66 11
1911 27 31 11
1912 6 10 14
1913 53 13 13
1914 81 36 12
1915 49 6 14
1916 58 66 13
1917 16 83 10
1918 8 28 15
1919 70 38 13
1920 81 7 12
1921 6 23 11
1922 62 33 14
1923 87 6 15
1924 88 29 14
1925 85 20 14
1926 47 28 13
1927 83 28 10
1928 44 59 15
1929 30 58 10
1930 28 71 15
1931 68 43 13
1932 56 16 15
1933 53 0 11
1934 27 24 13
1935 3 54 11
1936 44 73 14
1937 49 56 15
1938 1 17 11
1939 12 58 12
1940 5 67 10
1941 2 41 11
1942 42 17 10
1943 55 22 11
1944 73 52 12
1945 13 14 14
1946 67 53 12
1947 34 60 10
1948 35 10 14
1949 13 20 14
1950 12 48 14
1951 48 23 12
1952 9 26 15
1953 66 12 14
1954 57 67 13
1955 63 60 13
1956 9 3 14
1957 5 87 14
1958 83 20 10
1959 50 23 12
1960 61 27 10
1961 49 77 12
1962 55 19 14
1963 84 10 13
1964 83 19 10
1965 2 1 11
1966 54 55 13
1967 41 68 10
1968 81 69 11
1969 28 62 13
1970 76 78 13
1971 87 81 14
1972 26 9 15
1973 44 66 14
1974 24 51 12
1975 60 36 15
1976 66 43 14
1977 51 66 12
1978 29 83 11
1979 46 60 12
1980 39 29 11
1981 19 24 12
1982 13 32 11
1983 75 27 14
1984 78 85 10
1985 10 73 15
1986 53 64 15
1987 14 12 11
1988 62 46 14
1989 64 69 13
1990 22 4 13
1991 63 77 13
1992 84 21 11
1993 22 50 15
1994 75 82 12
1995 86 36 14
1996 2 7 10
1997 3 28 14
1998 1 12 11
1999 12 72 11
2000 26 25 10
2001 21 73 13
2002 29 73 14
2003 43 75 14
2004 62 39 10
2005 25 29 14
2006 67 26 14
2007 86 5 13
2008 5 7 12
2009 11 41 13
2010 26 73 11
2011 46 15 11
2012 0 29 14
2013 77 39 14
2014 17 5 15
2015 24 83 10
2016 26 39 11
2017 73 42 15
2018 12 70 15
2019 20 37 11
2020 16 47 13
2021 70 37 13
2022 85 37 12
2023 46 53 14
2024 75 0 11
2025 40 31 10
2026 81 43 13
2027 38 59 14
2028 61 47 13
2029 37 81 11
2030 19 60 11
2031 25 19 14
2032 78 76 13
2033 30 22 10
2034 58 1 12
2035 73 53 12
2036 3 71 12
2037 25 24 13
2038 16 32 10
2039 83 57 12
2040 75 5 14
2041 56 70 11
2042 61 52 14
2043 69 12 13
2044 84 53 12
2045 59 40 15
2046 58 60 13
2047 65 39 11
2048 5 71 10
2049 55 43 15
2050 61 71 13
2051 9 8 14
2052 50 61 12
2053 85 62 13
2054 43 27 10
2055 49 18 15
2056 59 78 13
2057 5 55 15
2058 48 72 14
2059 44 10 12
2060 31 19 14
2061 42 30 13
2062 71 86 10
2063 20 71 14
2064 12 88 12
2065 46 40 12
2066 47 9 10
2067 62 43 12
2068 74 47 14
2069 27 73 15
2070 67 19 10
2071 44 56 10
2072 81 53 12
2073 48 17 15
2074 77 45 13
2075 56 23 11
2076 0 64 12
2077 41 35 15
2078 37 28 15
2079 35 74 11
2080 61 39 13
2081 74 1 15
2082 71 64 13
2083 54 69 14
2084 26 65 15
2085 34 74 10
2086 54 74 13
2087 15 46 13
2088 50 18 14
2089 75 38 14
2090 3 50 11
2091 27 43 15
2092 87 11 14
2093 53 18 15
2094 51 33 13
2095 70 6 14
2096 26 55 13
2097 48 53 10
2098 58 22 10
2099 80 81 10
2100 21 29 15
2101 14 79 11
2102 20 6 10
2103 11 35 12
2104 55 17 12
2105 38 39 10
2106 59 16 11
2107 38 58 11
2108 38 19 12
2109 28 6 12
2110 51 75 13
2111 2 40 15
2112 68 7 14
2113 7 3 13
2114 77 22 15
2115 64 36 13
2116 25 74 12
2117 32 22 11
2118 85 68 10
2119 57 47 14
2120 14 84 10
2121 73 0 14
2122 5 35 13
2123 76 38 14
2124 36 66 14
2125 64 16 12
2126 23 7 15
2127 20 41 14
2128 9 35 10
2129 55 65 14
2130 43 4 13
2131 24 13 11
2132 22 68 12
2133 11 42 12
2134 17 72 13
2135 33 80 11
2136 66 50 13
2137 60 59 10
2138 82 77 10
2139 22 24 11
2140 19 70 15
2141 7 70 15
2142 3 63 15
2143 74 39 13
2144 75 11 15
2145 63 59 12
2146 82 4 14
2147 79 18 13
2148 58 50 14
2149 81 71 12
2150 24 15 10
2151 21 36 15
2152 5 78 15
2153 69 49 15
2154 0 83 12
2155 31 51 13
2156 67 76 14
2157 41 63 10
2158 13 66 12
2159 54 32 11
2160 50 32 11
2161 88 15 14
2162 87 10 10
2163 86 85 14
2164 57 40 15
2165 50 3 13
2166 30 69 10
2167 4 41 13
2168 86 74 11
2169 49 70 11
2170 88 85 15
2171 30 60 12
2172 6 50 15
2173 8 82 15
2174 36 5 15
2175 27 41 10
2176 44 57 11
2177 4 0 14
2178 60 37 13
2179 35 66 11
2180 24 84 10
2181 10 39 12
2182 39 40 11
2183 76 41 13
2184 75 19 12
2185 1 13 11
2186 71 55 12
2187 53 67 12
2188 66 1 15
2189 64 45 15
2190 17 19 14
2191 21 38 14
2192 61 37 15
2193 24 18 11
2194 83 79 14
2195 40 76 14
2196 42 10 10
2197 35 4 13
2198 66 34 10
2199 1 86 10
2200 49 60 14
2201 36 59 15
2202 12 73 14
2203 9 19 10
2204 84 13 10
2205 13 55 15
2206 23 88 10
2207 50 35 10
2208 76 74 15
2209 29 74 15
2210 1 78 13
2211 4 38 14
2212 18 22 10
2213 52 8 15
2214 20 12 14
2215 85 81 14
2216 74 61 15
2217 44 21 12
2218 32 62 15
2219 7 56 14
2220 69 26 12
2221 79 75 12
2222 34 58 11
2223 85 47 10
2224 80 46 15
2225 41 0 14
2226 72 1 13
2227 47 80 14
2228 10 51 11
2229 35 33 10
2230 40 13 11
2231 49 12 15
2232 19 39 10
2233 25 54 10
2234 15 23 13
2235 82 67 11
2236 76 13 13
2237 54 5 11
2238 87 32 10
2239 16 88 13
2240 30 88 12
2241 69 58 14
2242 47 43 11
2243 73 75 10
2244 4 7 13
2245 8 54 14
2246 55 61 10
2247 68 24 11
2248 29 69 13
2249 70 16 12
2250 0 70 11
2251 86 37 10
2252 60 5 12
2253 57 51 12
2254 5 1 11
2255 83 71 10
2256 48 6 13
2257 3 24 11
2258 52 11 11
2259 32 33 11
2260 28 57 12
2261 65 72 13
2262 64 21 13
2263 28 32 13
2264 5 56 11
2265 36 55 11
2266 77 74 13
2267 16 7 12
2268 3 48 13
2269 17 65 11
2270 29 49 10
2271 66 30 12
2272 21 24 11
2273 75 10 14
2274 53 17 15
2275 87 61 15
2276 17 71 13
2277 32 70 14
2278 23 31 10
2279 24 10 15
2280 72 78 15
2281 12 17 11
2282 7 55 15
2283 44 24 11
2284 45 13 13
2285 38 74 13
2286 37 49 14
2287 55 62 10
2288 77 36 13
2289 29 84 15
2290 78 47 10
2291 62 21 12
2292 31 73 12
2293 58 57 11
2294 81 24 10
2295 28 29 15
2296 25 48 10
2297 36 27 12
2298 82 40 13
2299 38 68 15
2300 49 63 10
2301 82 11 12
2302 24 75 12
2303 61 28 15
2304 1 26 11
2305 32 8 13
2306 1 38 13
2307 21 74 10
2308 80 61 10
2309 77 43 10
2310 17 61 12
2311 46 82 15
2312 21 51 11
2313 46 33 10
2314 42 63 10
2315 10 31 13
2316 31 21 12
2317 76 28 14
2318 34 42 13
2319 11 47 14
2320 54 52 15
2321 10 37 14
2322 43 7 12
2323 52 10 13
2324 23 62 10
2325 35 62 10
2326 10 69 12
2327 1 53 14
2328 6 52 15
2329 10 24 10
2330 23 14 11
2331 74 71 14
2332 58 32 13
2333 81 48 14
2334 30 41 10
2335 17 24 12
2336 54 14 10
2337 50 26 11
2338 76 24 10
2339 74 4 13
2340 83 44 14
2341 82 18 11
2342 71 29 10
2343 0 73 12
2344 49 28 12
2345 67 10 14
2346 45 40 14
2347 83 84 13
2348 86 70 15
2349 75 81 10
2350 5 88 14
2351 70 22 15
2352 58 27 15
2353 43 52 13
2354 81 47 13
2355 45 32 11
2356 4 75 12
2357 20 57 15
2358 82 38 12
2359 53 41 15
2360 48 57 10
2361 14 53 11
2362 85 77 14
2363 70 64 15
2364 85 9 13
2365 8 35 12
2366 14 48 14
2367 48 2 12
2368 23 45 13
2369 28 82 15
2370 35 77 14
2371 65 43 10
2372 27 5 14
2373 26 64 14
2374 18 33 12
2375 74 7 10
2376 40 32 11
2377 20 10 14
2378 38 25 15
2379 20 26 15
2380 35 64 13
2381 36 44 11
2382 34 84 15
2383 0 15 10
2384 83 37 14
2385 18 82 12
2386 84 47 14
2387 58 80 11
2388 69 7 12
2389 50 52 13
2390 37 53 12
2391 39 75 14
2392 32 23 13
2393 20 28 14
2394 64 87 12
2395 6 51 13
2396 52 45 12
2397 66 71 12
2398 28 4 11
2399 36 54 14
2400 54 88 13
2401 26 3 12
2402 6 84 10
2403 6 79 12
2404 44 82 13
2405 60 25 13
2406 23 77 11
2407 52 64 13
2408 49 9 15
2409 69 34 12
2410 2 21 14
2411 55 77 10
2412 71 65 13
2413 63 68 13
2414 25 47 14
2415 52 30 12
2416 29 44 13
2417 39 54 11
2418 6 54 13
2419 43 19 13
2420 28 42 15
2421 48 41 12
2422 19 67 14
2423 63 51 14
2424 49 50 13
2425 15 41 13
2426 25 2 15
2427 56 46 14
2428 57 79 13
2429 59 82 13
2430 6 4 10
2431 21 57 11
2432 12 30 13
2433 42 9 11
2434 41 40 14
2435 43 60 14
2436 74 17 12
2437 16 31 12
2438 10 15 14
2439 78 7 13
2440 36 26 13
2441 79 56 13
2442 32 58 15
2443 59 36 14
2444 20 85 10
2445 44 4 11
2446 13 71 11
2447 61 30 13
2448 85 22 10
2449 88 54 15
2450 61 59 10
2451 3 67 13
2452 50 73 12
2453 57 77 11
2454 25 75 11
2455 59 69 10
2456 60 67 14
2457 22 60 14
2458 55 73 10
2459 81 25 10
2460 81 3 12
2461 44 12 11
2462 75 56 14
2463 86 76 10
2464 11 49 10
2465 31 61 10
2466 12 2 15
2467 56 25 12
2468 63 65 12
2469 47 15 11
2470 56 8 10
2471 47 84 15
2472 27 85 14
2473 68 26 12
2474 78 86 14
2475 57 86 13
2476 69 83 14
2477 44 49 13
2478 87 66 10
2479 64 55 14
2480 52 16 12
2481 73 51 13
2482 25 39 13
2483 83 9 15
2484 59 65 14
2485 61 10 10
2486 86 82 11
2487 62 68 13
2488 15 69 14
2489 87 37 13
2490 72 73 11
2491 65 32 14
2492 52 31 14
2493 20 34 13
2494 76 69 13
2495 11 80 13
2496 44 8 11
2497 10 20 13
2498 81 87 13
2499 68 11 12
2500 77 0 12
2501 81 12 15
2502 17 75 10
2503 41 88 10
2504 86 49 11
2505 43 10 15
2506 43 66 14
2507 9 24 10
2508 64 76 14
2509 10 63 14
2510 12 15 15
2511 41 77 15
2512 65 57 11
2513 33 67 15
2514 30 6 15
2515 8 50 13
2516 14 16 11
2517 75 67 14
2518 78 13 11
2519 77 80 14
2520 63 78 13
2521 67 68 13
2522 65 78 14
2523 63 22 12
2524 25 63 11
2525 39 88 15
2526 88 27 13
2527 59 43 11
2528 25 46 13
2529 30 59 10
2530 2 84 15
2531 87 72 13
2532 24 25 12
2533 53 9 11
2534 81 85 10
2535 63 9 14
2536 47 29 12
2537 26 5 15
2538 37 40 15
2539 62 65 12
2540 72 60 12
2541 15 27 12
2542 29 15 15
2543 16 24 15
2544 33 52 15
2545 76 21 15
2546 65 28 13
2547 62 15 10
2548 28 65 11
2549 82 27 11
2550 75 57 14
2551 32 43 11
2552 54 85 14
2553 52 48 15
2554 23 83 12
2555 22 25 13
2556 55 51 11
2557 57 65 14
2558 31 11 11
2559 81 26 15
2560 52 70 14
2561 25 71 11
2562 84 39 15
2563 69 19 13
2564 76 46 12
2565 70 85 15
2566 50 12 12
2567 60 12 10
2568 65 20 15
2569 64 81 11
2570 39 83 12
2571 76 7 14
2572 19 13 12
2573 44 48 11
2574 18 43 11
2575 87 64 14
2576 8 18 15
2577 85 32 14
2578 6 76 14
2579 59 30 10
2580 29 25 10
2581 85 42 13
2582 70 0 14
2583 64 77 11
2584 53 43 14
2585 37 47 15
2586 85 44 13
2587 0 10 15
2588 21 60 14
2589 45 27 14
2590 67 59 12
2591 63 27 13
2592 32 76 11
2593 68 51 12
2594 84 0 10
2595 71 10 10
2596 3 6 11
2597 86 10 10
2598 56 72 13
2599 83 31 13
2600 50 77 10
2601 42 12 10
2602 76 80 11
2603 23 67 11
2604 13 22 15
2605 45 17 14
2606 44 45 11
2607 75 64 10
2608 27 42 11
2609 70 83 11
2610 31 66 14
2611 17 69 15
2612 86 83 13
2613 61 78 13
2614 20 29 12
2615 73 66 14
2616 86 50 10
2617 7 0 10
2618 35 85 13
2619 66 25 12
2620 18 38 10
2621 82 43 10
2622 58 53 12
2623 20 27 15
2624 25 40 13
2625 5 14 14
2626 13 53 12
2627 66 87 10
2628 51 44 10
2629 44 17 13
2630 61 35 10
2631 76 54 15
2632 34 17 12
2633 76 40 12
2634 62 52 13
2635 10 74 11
2636 58 69 11
2637 21 15 15
2638 85 30 15
2639 69 66 10
2640 12 87 11
2641 61 0 13
2642 10 14 11
2643 76 19 14
2644 11 33 15
2645 66 6 11
2646 21 79 14
2647 33 58 12
2648 83 16 12
2649 2 35 11
2650 30 44 15
2651 10 45 14
2652 60 1 11
2653 66 47 14
2654 22 28 12
2655 36 53 11
2656 11 9 10
2657 78 32 13
2658 18 84 11
2659 72 48 11
2660 75 83 10
2661 87 85 10
2662 88 81 10
2663 64 47 12
2664 54 59 10
2665 21 27 15
2666 81 5 10
2667 55 63 12
2668 16 3 13
2669 51 30 11
