lastCase
0
1 24
2 71
3 36
4 71
5 71
6 24
7 24
8 24
9 62
10 36
11 71
12 62
13 24
14 36
15 24
16 71
17 62
18 24
19 24
20 71
21 24
22 24
23 24
24 24
25 71
26 71
27 73
28 24
29 24
30 24
31 24
32 73
33 71
34 24
35 73
36 36
37 62
38 24
39 71
40 24
41 36
42 62
43 71
44 36
45 24
46 24
47 24
48 24
49 62
50 24
51 24
52 24
53 24
54 36
55 24
56 24
57 24
58 73
59 24
60 24
61 24
62 62
63 73
64 36
65 24
66 36
67 24
68 36
69 24
70 24
71 71
72 24
73 73
74 71
75 24
76 24
77 71
78 71
79 71
80 24
81 62
82 24
83 36
84 24
85 24
86 24
87 36
88 24
89 24
1
0 23
2 23
3 25
4 23
5 25
6 56
7 25
8 23
9 25
10 25
11 25
12 23
13 25
14 67
15 28
16 23
17 25
18 56
19 23
20 78
21 23
22 25
23 23
24 23
25 25
26 23
27 23
28 28
29 56
30 28
31 37
32 56
33 25
34 23
35 23
36 25
37 37
38 25
39 25
40 23
41 23
42 25
43 23
44 28
45 25
46 23
47 25
48 23
49 25
50 25
51 67
52 23
53 28
54 25
55 25
56 56
57 25
58 25
59 37
60 25
61 67
62 37
63 23
64 23
65 56
66 25
67 67
68 23
69 25
70 23
71 25
72 23
73 25
74 56
75 25
76 28
77 25
78 78
79 25
80 28
81 25
82 56
83 28
84 23
85 25
86 23
87 25
88 23
89 28
2
0 71
1 57
3 19
4 71
5 19
6 19
7 19
8 19
9 22
10 19
11 26
12 57
13 71
14 70
15 57
16 71
17 19
18 19
19 19
20 70
21 19
22 22
23 70
24 34
25 57
26 26
27 22
28 70
29 19
30 89
31 26
32 22
33 71
34 34
35 19
36 22
37 19
38 57
39 71
40 22
41 19
42 89
43 89
44 19
45 19
46 34
47 89
48 26
49 19
50 22
51 22
52 71
53 19
54 19
55 57
56 19
57 57
58 22
59 57
60 22
61 19
62 22
63 19
64 22
65 19
66 19
67 19
68 34
69 22
70 70
71 71
72 70
73 57
74 19
75 22
76 22
77 71
78 19
79 26
80 22
81 57
82 89
83 19
84 19
85 34
86 34
87 19
88 22
89 89
3
0 25
1 25
2 25
4 35
5 35
6 56
7 25
8 56
9 25
10 25
11 25
12 50
13 25
14 50
15 25
16 35
17 25
18 56
19 65
20 44
21 44
22 65
23 25
24 25
25 25
26 25
27 44
28 44
29 56
30 65
31 25
32 65
33 44
34 68
35 35
36 68
37 25
38 25
39 25
40 25
41 68
42 25
43 65
44 44
45 25
46 25
47 25
48 25
49 25
50 50
51 50
52 25
53 35
54 25
55 25
56 56
57 25
58 25
59 44
60 25
61 44
62 25
63 25
64 25
65 65
66 25
67 25
68 68
69 25
70 44
71 25
72 68
73 35
74 56
75 25
76 50
77 25
78 25
79 25
80 44
81 25
82 56
83 44
84 25
85 25
86 25
87 65
88 35
89 25
4
0 71
1 23
2 71
3 35
5 35
6 88
7 43
8 23
9 64
10 27
11 41
12 64
13 27
14 23
15 39
16 35
17 27
18 64
19 23
20 41
21 23
22 64
23 23
24 23
25 39
26 48
27 27
28 23
29 23
30 41
31 39
32 27
33 71
34 23
35 35
36 64
37 81
38 64
39 39
40 48
41 41
42 39
43 43
44 27
45 27
46 23
47 74
48 48
49 35
50 35
51 23
52 71
53 35
54 74
55 27
56 74
57 23
58 39
59 27
60 41
61 23
62 27
63 23
64 64
65 43
66 27
67 23
68 27
69 81
70 23
71 71
72 23
73 27
74 74
75 27
76 27
77 71
78 23
79 71
80 41
81 81
82 23
83 41
84 23
85 27
86 23
87 35
88 88
89 43
5
0 35
1 39
2 39
3 35
4 35
6 35
7 39
8 54
9 39
10 39
11 39
12 39
13 39
14 54
15 39
16 35
17 35
18 35
19 54
20 39
21 35
22 39
23 35
24 39
25 39
26 35
27 35
28 35
29 35
30 35
31 39
32 35
33 39
34 54
35 35
36 54
37 35
38 35
39 39
40 39
41 39
42 39
43 35
44 35
45 39
46 54
47 39
48 35
49 35
50 35
51 39
52 39
53 35
54 54
55 39
56 35
57 35
58 39
59 35
60 54
61 54
62 35
63 35
64 35
65 35
66 54
67 39
68 35
69 35
70 35
71 39
72 39
73 35
74 39
75 39
76 35
77 35
78 35
79 39
80 39
81 35
82 54
83 39
84 35
85 39
86 35
87 35
88 35
89 39
6
0 24
1 56
2 14
3 56
4 88
5 9
7 9
8 24
9 9
10 65
11 24
12 55
13 14
14 14
15 24
16 21
17 55
18 56
19 21
20 14
21 21
22 65
23 24
24 24
25 9
26 9
27 55
28 14
29 14
30 65
31 24
32 65
33 14
34 24
35 21
36 14
37 9
38 9
39 9
40 24
41 9
42 88
43 65
44 21
45 9
46 24
47 49
48 21
49 49
50 14
51 24
52 24
53 49
54 14
55 55
56 56
57 24
58 55
59 55
60 9
61 14
62 9
63 24
64 9
65 65
66 14
67 14
68 14
69 9
70 14
71 9
72 9
73 88
74 56
75 24
76 55
77 21
78 21
79 9
80 88
81 9
82 24
83 14
84 21
85 9
86 21
87 65
88 88
89 14
7
0 9
1 25
2 14
3 25
4 43
5 25
6 9
8 21
9 9
10 25
11 60
12 64
13 66
14 14
15 64
16 21
17 25
18 64
19 21
20 60
21 21
22 40
23 67
24 40
25 25
26 79
27 9
28 66
29 14
30 14
31 79
32 21
33 14
34 79
35 21
36 14
37 9
38 64
39 25
40 40
41 9
42 40
43 43
44 21
45 25
46 25
47 25
48 40
49 40
50 14
51 67
52 60
53 43
54 66
55 9
56 9
57 25
58 25
59 9
60 60
61 67
62 9
63 25
64 64
65 21
66 66
67 67
68 72
69 9
70 14
71 25
72 72
73 9
74 25
75 40
76 9
77 21
78 21
79 79
80 40
81 9
82 66
83 14
84 21
85 64
86 21
87 66
88 9
89 14
8
0 24
1 23
2 19
3 56
4 23
5 19
6 24
7 12
9 12
10 46
11 12
12 12
13 24
14 12
15 24
16 84
17 12
18 19
19 19
20 12
21 19
22 12
23 23
24 24
25 45
26 19
27 45
28 12
29 24
30 19
31 24
32 82
33 19
34 34
35 19
36 68
37 45
38 12
39 12
40 24
41 68
42 12
43 84
44 12
45 45
46 46
47 46
48 84
49 12
50 12
51 24
52 24
53 19
54 19
55 12
56 56
57 12
58 12
59 12
60 12
61 19
62 12
63 63
64 12
65 19
66 82
67 23
68 68
69 24
70 12
71 12
72 68
73 63
74 56
75 45
76 63
77 84
78 12
79 34
80 46
81 23
82 82
83 19
84 84
85 34
86 34
87 12
88 24
89 19
9
0 62
1 25
2 25
3 25
4 64
5 25
6 6
7 7
8 6
10 25
11 7
12 55
13 7
14 6
15 64
16 6
17 25
18 64
19 6
20 7
21 6
22 64
23 6
24 6
25 25
26 7
27 55
28 7
29 6
30 6
31 7
32 6
33 25
34 6
35 25
36 64
37 62
38 64
39 25
40 7
41 81
42 62
43 7
44 6
45 25
46 25
47 25
48 7
49 6
50 6
51 6
52 62
53 6
54 7
55 55
56 6
57 25
58 25
59 55
60 7
61 7
62 62
63 25
64 64
65 6
66 7
67 7
68 7
69 81
70 6
71 25
72 7
73 62
74 6
75 7
76 55
77 25
78 25
79 7
80 6
81 81
82 6
83 64
84 25
85 64
86 25
87 6
88 6
89 6
10
0 36
1 25
2 15
3 25
4 15
5 15
6 65
7 25
8 46
9 25
11 15
12 15
13 25
14 36
15 15
16 15
17 25
18 15
19 65
20 44
21 44
22 65
23 15
24 15
25 25
26 79
27 44
28 28
29 65
30 65
31 15
32 65
33 44
34 46
35 25
36 36
37 37
38 15
39 15
40 79
41 83
42 15
43 65
44 44
45 25
46 46
47 25
48 25
49 25
50 25
51 15
52 15
53 28
54 46
55 15
56 65
57 15
58 25
59 37
60 25
61 44
62 37
63 25
64 15
65 65
66 25
67 25
68 36
69 25
70 28
71 25
72 15
73 15
74 15
75 15
76 15
77 25
78 25
79 79
80 46
81 25
82 15
83 83
84 25
85 15
86 15
87 65
88 15
89 15
11
0 71
1 18
2 26
3 18
4 41
5 41
6 18
7 60
8 18
9 18
10 26
12 57
13 60
14 18
15 57
16 18
17 57
18 18
19 18
20 41
21 18
22 60
23 18
24 57
25 57
26 26
27 41
28 18
29 18
30 41
31 26
32 57
33 71
34 18
35 18
36 18
37 59
38 57
39 41
40 60
41 41
42 41
43 41
44 59
45 57
46 41
47 57
48 26
49 41
50 41
51 57
52 60
53 41
54 18
55 57
56 18
57 57
58 18
59 59
60 60
61 18
62 41
63 57
64 18
65 18
66 60
67 41
68 41
69 41
70 18
71 71
72 18
73 57
74 18
75 57
76 57
77 71
78 41
79 26
80 41
81 41
82 18
83 41
84 18
85 18
86 18
87 18
88 18
89 18
12
0 62
1 8
2 57
3 50
4 64
5 58
6 55
7 64
8 8
9 55
10 8
11 57
13 50
14 50
15 57
16 87
17 55
18 64
19 8
20 20
21 8
22 58
23 8
24 8
25 57
26 57
27 55
28 70
29 8
30 87
31 57
32 8
33 20
34 8
35 50
36 64
37 62
38 57
39 58
40 62
41 20
42 62
43 8
44 20
45 8
46 8
47 8
48 8
49 62
50 50
51 50
52 62
53 57
54 8
55 55
56 8
57 57
58 58
59 55
60 20
61 8
62 62
63 8
64 64
65 87
66 50
67 8
68 8
69 50
70 70
71 20
72 20
73 57
74 8
75 8
76 55
77 8
78 20
79 8
80 8
81 20
82 8
83 64
84 8
85 58
86 8
87 87
88 70
89 8
13
0 17
1 17
2 52
3 17
4 27
5 66
6 17
7 66
8 27
9 17
10 17
11 52
12 17
14 66
15 17
16 52
17 17
18 74
19 17
20 27
21 17
22 17
23 27
24 52
25 17
26 27
27 27
28 17
29 17
30 17
31 17
32 27
33 74
34 27
35 17
36 66
37 17
38 17
39 74
40 17
41 27
42 17
43 17
44 27
45 27
46 52
47 52
48 27
49 17
50 66
51 17
52 52
53 66
54 66
55 17
56 74
57 17
58 17
59 17
60 52
61 52
62 17
63 52
64 27
65 17
66 66
67 17
68 27
69 17
70 17
71 52
72 27
73 17
74 74
75 27
76 52
77 17
78 66
79 52
80 52
81 17
82 66
83 17
84 17
85 27
86 17
87 66
88 17
89 17
14
0 36
1 67
2 70
3 50
4 6
5 66
6 6
7 7
8 6
9 6
10 36
11 7
12 50
13 66
15 89
16 6
17 6
18 29
19 83
20 50
21 6
22 6
23 67
24 6
25 7
26 7
27 6
28 66
29 29
30 89
31 7
32 6
33 83
34 6
35 29
36 36
37 36
38 7
39 7
40 7
41 83
42 29
43 7
44 83
45 7
46 36
47 89
48 7
49 6
50 50
51 50
52 6
53 66
54 66
55 6
56 6
57 6
58 6
59 6
60 7
61 67
62 6
63 29
64 7
65 6
66 66
67 67
68 36
69 50
70 70
71 7
72 7
73 29
74 6
75 7
76 89
77 6
78 50
79 7
80 83
81 67
82 66
83 83
84 6
85 7
86 29
87 66
88 6
89 89
15
0 24
1 28
2 57
3 10
4 39
5 39
6 24
7 64
8 24
9 64
10 10
11 57
12 57
13 24
14 89
16 86
17 28
18 64
19 89
20 72
21 10
22 64
23 24
24 24
25 10
26 10
27 10
28 28
29 24
30 89
31 31
32 10
33 10
34 24
35 28
36 10
37 10
38 57
39 39
40 24
41 39
42 39
43 89
44 10
45 75
46 10
47 89
48 24
49 24
50 24
51 24
52 24
53 28
54 10
55 57
56 10
57 57
58 39
59 57
60 24
61 89
62 10
63 24
64 64
65 10
66 28
67 10
68 72
69 24
70 28
71 39
72 72
73 57
74 39
75 75
76 89
77 10
78 28
79 10
80 10
81 10
82 24
83 10
84 86
85 64
86 86
87 10
88 24
89 89
16
0 71
1 18
2 71
3 35
4 35
5 35
6 21
7 21
8 84
9 18
10 21
11 18
12 87
13 71
14 18
15 86
17 21
18 18
19 18
20 71
21 21
22 18
23 84
24 18
25 71
26 18
27 21
28 18
29 18
30 21
31 71
32 21
33 71
34 86
35 35
36 18
37 35
38 86
39 71
40 21
41 18
42 18
43 84
44 21
45 71
46 71
47 71
48 84
49 21
50 35
51 18
52 71
53 35
54 18
55 21
56 18
57 18
58 18
59 86
60 18
61 18
62 35
63 87
64 18
65 21
66 87
67 21
68 35
69 71
70 18
71 71
72 18
73 35
74 18
75 86
76 71
77 77
78 77
79 71
80 84
81 77
82 18
83 18
84 84
85 18
86 86
87 87
88 18
89 18
17
0 62
1 25
2 25
3 25
4 13
5 25
6 55
7 25
8 25
9 25
10 25
11 25
12 55
13 13
14 13
15 28
16 25
18 28
19 65
20 25
21 65
22 65
23 25
24 13
25 25
26 25
27 13
28 28
29 65
30 65
31 28
32 65
33 69
34 13
35 73
36 13
37 62
38 25
39 25
40 62
41 25
42 62
43 65
44 28
45 25
46 25
47 25
48 25
49 62
50 13
51 69
52 13
53 28
54 13
55 55
56 65
57 25
58 25
59 55
60 13
61 13
62 62
63 73
64 25
65 65
66 13
67 25
68 13
69 69
70 28
71 25
72 25
73 73
74 13
75 25
76 55
77 25
78 25
79 25
80 28
81 25
82 13
83 28
84 25
85 13
86 25
87 65
88 73
89 28
18
0 11
1 56
2 19
3 56
4 64
5 16
6 56
7 64
8 19
9 64
10 19
11 11
12 64
13 56
14 29
15 64
16 16
17 19
19 19
20 70
21 16
22 64
23 70
24 29
25 11
26 11
27 29
28 70
29 29
30 19
31 64
32 19
33 11
34 86
35 16
36 64
37 11
38 64
39 11
40 11
41 11
42 29
43 16
44 11
45 19
46 19
47 19
48 11
49 19
50 29
51 29
52 11
53 19
54 19
55 11
56 56
57 11
58 56
59 11
60 11
61 19
62 29
63 16
64 64
65 19
66 11
67 19
68 11
69 11
70 70
71 11
72 29
73 29
74 56
75 64
76 19
77 16
78 16
79 11
80 11
81 11
82 56
83 19
84 16
85 64
86 86
87 16
88 70
89 19
19
0 2
1 8
2 2
3 65
4 2
5 54
6 21
7 21
8 8
9 18
10 65
11 18
12 8
13 53
14 83
15 89
16 18
17 65
18 18
20 2
21 21
22 2
23 8
24 8
25 2
26 2
27 8
28 53
29 18
30 65
31 53
32 65
33 83
34 2
35 53
36 8
37 53
38 2
39 2
40 2
41 53
42 89
43 53
44 21
45 8
46 8
47 89
48 2
49 53
50 8
51 2
52 61
53 53
54 54
55 2
56 8
57 2
58 2
59 2
60 2
61 61
62 8
63 8
64 18
65 65
66 53
67 61
68 8
69 65
70 2
71 2
72 2
73 2
74 54
75 8
76 89
77 21
78 53
79 2
80 83
81 21
82 8
83 83
84 8
85 2
86 18
87 87
88 89
89 89
20
0 71
1 78
2 70
3 44
4 41
5 41
6 12
7 60
8 12
9 12
10 44
11 41
12 12
13 44
14 50
15 72
16 71
17 12
18 70
19 12
21 44
22 60
23 70
24 12
25 71
26 41
27 44
28 44
29 72
30 41
31 71
32 44
33 44
34 46
35 41
36 12
37 12
38 12
39 41
40 60
41 41
42 41
43 41
44 44
45 12
46 46
47 46
48 41
49 12
50 50
51 50
52 60
53 41
54 46
55 12
56 12
57 12
58 12
59 44
60 60
61 44
62 12
63 12
64 12
65 12
66 50
67 41
68 41
69 41
70 70
71 71
72 72
73 12
74 41
75 60
76 12
77 71
78 78
79 71
80 41
81 41
82 12
83 41
84 12
85 12
86 44
87 12
88 70
89 41
21
0 6
1 6
2 19
3 44
4 6
5 16
6 6
7 7
8 19
9 6
10 44
11 7
12 6
13 7
14 6
15 6
16 16
17 65
18 16
19 19
20 44
22 65
23 84
24 6
25 7
26 7
27 44
28 44
29 65
30 65
31 7
32 65
33 44
34 6
35 16
36 6
37 19
38 7
39 7
40 7
41 19
42 6
43 7
44 44
45 7
46 19
47 6
48 84
49 6
50 6
51 6
52 6
53 19
54 19
55 6
56 6
57 6
58 44
59 44
60 7
61 19
62 6
63 16
64 7
65 65
66 7
67 7
68 7
69 44
70 6
71 16
72 7
73 6
74 6
75 7
76 6
77 77
78 77
79 7
80 6
81 77
82 6
83 19
84 84
85 7
86 16
87 16
88 6
89 19
22
0 2
1 51
2 2
3 65
4 64
5 58
6 65
7 40
8 2
9 64
10 65
11 60
12 58
13 32
14 2
15 64
16 2
17 65
18 64
19 2
20 60
21 65
23 2
24 40
25 58
26 2
27 32
28 2
29 65
30 65
31 40
32 32
33 2
34 2
35 32
36 64
37 40
38 64
39 58
40 40
41 80
42 40
43 65
44 58
45 32
46 80
47 2
48 40
49 40
50 51
51 51
52 60
53 2
54 2
55 58
56 58
57 2
58 58
59 2
60 60
61 2
62 40
63 76
64 64
65 65
66 60
67 51
68 2
69 32
70 2
71 2
72 2
73 32
74 58
75 40
76 76
77 65
78 60
79 40
80 80
81 32
82 32
83 64
84 40
85 32
86 2
87 65
88 88
89 2
23
0 24
1 1
2 70
3 1
4 4
5 4
6 24
7 67
8 8
9 1
10 1
11 4
12 8
13 4
14 67
15 24
16 84
17 1
18 70
19 8
20 70
21 84
22 4
24 24
25 1
26 4
27 4
28 1
29 24
30 1
31 1
32 4
33 4
34 8
35 4
36 4
37 1
38 4
39 4
40 24
41 4
42 4
43 4
44 1
45 8
46 8
47 1
48 4
49 24
50 8
51 24
52 24
53 1
54 4
55 4
56 1
57 24
58 1
59 1
60 24
61 67
62 1
63 8
64 4
65 1
66 1
67 67
68 8
69 4
70 70
71 4
72 70
73 4
74 4
75 8
76 8
77 84
78 1
79 4
80 4
81 4
82 8
83 1
84 84
85 4
86 84
87 8
88 4
89 1
24
0 0
1 23
2 34
3 6
4 23
5 15
6 6
7 40
8 8
9 6
10 15
11 57
12 8
13 52
14 6
15 15
16 0
17 0
18 29
19 8
20 0
21 6
22 40
23 23
25 57
26 34
27 0
28 15
29 29
30 6
31 15
32 82
33 0
34 34
35 0
36 0
37 0
38 57
39 15
40 40
41 8
42 29
43 6
44 6
45 8
46 8
47 52
48 40
49 6
50 51
51 51
52 52
53 57
54 8
55 6
56 6
57 57
58 51
59 57
60 40
61 52
62 0
63 8
64 15
65 6
66 82
67 23
68 8
69 51
70 23
71 0
72 15
73 0
74 6
75 15
76 51
77 0
78 23
79 34
80 40
81 6
82 82
83 6
84 8
85 34
86 15
87 6
88 88
89 15
25
0 71
1 1
2 57
3 3
4 39
5 39
6 9
7 7
8 45
9 9
10 10
11 57
12 57
13 17
14 7
15 10
16 71
17 17
18 1
19 3
20 71
21 7
22 58
23 1
24 57
26 7
27 45
28 1
29 1
30 3
31 1
32 3
33 71
34 3
35 3
36 10
37 1
38 57
39 39
40 7
41 39
42 39
43 7
44 3
45 45
46 10
47 47
48 84
49 47
50 3
51 58
52 47
53 57
54 66
55 9
56 1
57 57
58 58
59 57
60 7
61 67
62 9
63 45
64 7
65 3
66 66
67 67
68 3
69 17
70 1
71 71
72 7
73 17
74 39
75 45
76 9
77 77
78 1
79 7
80 7
81 81
82 66
83 10
84 84
85 58
86 84
87 66
88 9
89 47
26
0 2
1 2
2 2
3 2
4 48
5 2
6 2
7 79
8 2
9 79
10 79
11 11
12 2
13 2
14 2
15 2
16 2
17 2
18 11
19 2
20 2
21 2
22 2
23 2
24 2
25 2
27 48
28 2
29 11
30 2
31 79
32 2
33 2
34 2
35 48
36 79
37 11
38 2
39 2
40 48
41 11
42 48
43 2
44 11
45 2
46 2
47 2
48 48
49 48
50 2
51 2
52 2
53 2
54 2
55 2
56 11
57 2
58 2
59 11
60 11
61 2
62 48
63 2
64 2
65 2
66 11
67 79
68 2
69 2
70 2
71 2
72 2
73 2
74 48
75 48
76 2
77 2
78 2
79 79
80 48
81 11
82 2
83 2
84 48
85 2
86 2
87 2
88 2
89 2
27
0 73
1 4
2 4
3 44
4 4
5 4
6 55
7 4
8 45
9 55
10 44
11 4
12 55
13 13
14 13
15 4
16 4
17 13
18 4
19 32
20 44
21 44
22 32
23 4
24 4
25 45
26 4
28 44
29 73
30 32
31 45
32 32
33 44
34 68
35 4
36 68
37 45
38 4
39 4
40 4
41 4
42 4
43 4
44 44
45 45
46 44
47 4
48 4
49 55
50 13
51 85
52 13
53 4
54 4
55 55
56 4
57 55
58 44
59 44
60 13
61 44
62 73
63 45
64 4
65 32
66 13
67 4
68 68
69 32
70 4
71 4
72 68
73 73
74 4
75 45
76 55
77 4
78 44
79 4
80 4
81 4
82 32
83 44
84 4
85 85
86 44
87 13
88 4
89 4
28
0 10
1 1
2 70
3 44
4 1
5 15
6 1
7 66
8 1
9 1
10 10
11 15
12 70
13 17
14 66
15 15
16 15
17 17
18 70
19 53
20 44
21 44
22 10
23 1
24 15
25 1
26 10
27 44
29 1
30 89
31 15
32 10
33 44
34 10
35 53
36 10
37 1
38 15
39 15
40 10
41 53
42 89
43 53
44 44
45 1
46 10
47 89
48 83
49 53
50 66
51 1
52 15
53 53
54 66
55 17
56 1
57 15
58 44
59 44
60 66
61 44
62 17
63 17
64 15
65 10
66 66
67 1
68 10
69 17
70 70
71 1
72 15
73 17
74 1
75 15
76 89
77 53
78 1
79 10
80 83
81 1
82 66
83 83
84 1
85 15
86 15
87 66
88 70
89 89
29
0 24
1 56
2 14
3 56
4 18
5 42
6 14
7 14
8 24
9 14
10 65
11 18
12 14
13 14
14 14
15 24
16 18
17 65
18 18
19 18
20 72
21 65
22 65
23 24
24 24
25 14
26 18
27 73
28 14
30 65
31 24
32 65
33 14
34 24
35 73
36 14
37 42
38 18
39 42
40 24
41 42
42 42
43 65
44 14
45 24
46 24
47 14
48 42
49 14
50 14
51 24
52 24
53 14
54 14
55 14
56 56
57 24
58 56
59 18
60 14
61 14
62 42
63 73
64 18
65 65
66 14
67 14
68 72
69 24
70 14
71 18
72 72
73 73
74 56
75 24
76 14
77 65
78 56
79 14
80 14
81 14
82 24
83 14
84 18
85 18
86 18
87 65
88 24
89 14
30
0 65
1 65
2 89
3 65
4 65
5 65
6 65
7 65
8 65
9 65
10 65
11 80
12 65
13 65
14 89
15 89
16 65
17 65
18 65
19 65
20 80
21 65
22 65
23 65
24 65
25 65
26 80
27 65
28 89
29 65
31 89
32 65
33 80
34 80
35 65
36 65
37 65
38 65
39 80
40 80
41 80
42 89
43 65
44 65
45 65
46 80
47 89
48 80
49 65
50 65
51 65
52 80
53 65
54 65
55 65
56 65
57 89
58 65
59 65
60 80
61 89
62 65
63 65
64 65
65 65
66 65
67 89
68 65
69 65
70 80
71 65
72 65
73 65
74 65
75 80
76 89
77 65
78 65
79 65
80 80
81 65
82 89
83 80
84 65
85 65
86 89
87 65
88 80
89 89
31
0 15
1 37
2 15
3 15
4 15
5 15
6 15
7 79
8 15
9 15
10 15
11 15
12 15
13 15
14 15
15 15
16 15
17 15
18 15
19 15
20 15
21 79
22 15
23 15
24 15
25 15
26 79
27 37
28 15
29 15
30 15
32 15
33 79
34 79
35 37
36 15
37 37
38 15
39 15
40 79
41 15
42 15
43 15
44 15
45 37
46 15
47 15
48 79
49 37
50 15
51 15
52 15
53 37
54 15
55 15
56 37
57 15
58 15
59 37
60 79
61 15
62 37
63 37
64 15
65 15
66 15
67 37
68 15
69 37
70 15
71 79
72 15
73 15
74 15
75 15
76 15
77 37
78 37
79 79
80 79
81 37
82 15
83 15
84 15
85 15
86 15
87 15
88 15
89 15
32
0 73
1 65
2 22
3 65
4 27
5 73
6 65
7 22
8 82
9 22
10 65
11 22
12 22
13 27
14 65
15 22
16 65
17 65
18 22
19 65
20 22
21 65
22 22
23 27
24 82
25 22
26 22
27 27
28 27
29 65
30 65
31 22
33 69
34 85
35 73
36 22
37 27
38 22
39 22
40 22
41 22
42 22
43 65
44 27
45 27
46 22
47 82
48 22
49 22
50 22
51 22
52 22
53 65
54 65
55 27
56 65
57 73
58 22
59 27
60 22
61 27
62 73
63 73
64 22
65 65
66 82
67 22
68 27
69 69
70 22
71 22
72 27
73 73
74 27
75 22
76 22
77 65
78 65
79 22
80 22
81 69
82 82
83 22
84 65
85 85
86 85
87 65
88 22
89 82
33
0 71
1 44
2 71
3 44
4 71
5 71
6 44
7 44
8 74
9 69
10 44
11 71
12 44
13 74
14 83
15 44
16 71
17 69
18 71
19 83
20 44
21 44
22 44
23 71
24 69
25 71
26 71
27 44
28 44
29 74
30 83
31 71
32 69
34 71
35 44
36 44
37 44
38 83
39 71
40 71
41 83
42 71
43 71
44 44
45 44
46 44
47 74
48 71
49 74
50 44
51 69
52 71
53 44
54 74
55 44
56 74
57 44
58 44
59 44
60 44
61 44
62 69
63 69
64 83
65 44
66 44
67 44
68 44
69 69
70 44
71 71
72 44
73 44
74 74
75 44
76 69
77 71
78 44
79 71
80 83
81 69
82 69
83 83
84 44
85 44
86 44
87 71
88 71
89 44
34
0 24
1 8
2 2
3 68
4 2
5 46
6 24
7 79
8 8
9 24
10 46
11 2
12 8
13 24
14 2
15 24
16 86
17 2
18 86
19 2
20 46
21 2
22 2
23 8
24 24
25 2
26 2
27 68
28 2
29 24
30 2
31 79
32 85
33 2
35 68
36 68
37 8
38 86
39 2
40 24
41 68
42 2
43 2
44 46
45 8
46 46
47 46
48 2
49 24
50 8
51 24
52 24
53 2
54 46
55 2
56 8
57 2
58 85
59 86
60 2
61 68
62 8
63 8
64 85
65 2
66 8
67 8
68 68
69 24
70 2
71 2
72 68
73 2
74 8
75 8
76 2
77 2
78 46
79 79
80 46
81 68
82 8
83 2
84 8
85 85
86 86
87 2
88 24
89 2
35
0 73
1 3
2 4
3 3
4 4
5 5
6 3
7 3
8 3
9 3
10 3
11 4
12 3
13 4
14 3
15 4
16 16
17 73
18 16
19 53
20 3
21 16
22 3
23 4
24 4
25 3
26 4
27 4
28 53
29 73
30 3
31 53
32 73
33 3
34 3
36 3
37 53
38 4
39 4
40 4
41 4
42 4
43 4
44 3
45 3
46 5
47 3
48 4
49 53
50 3
51 3
52 4
53 53
54 5
55 4
56 3
57 53
58 73
59 3
60 53
61 3
62 73
63 73
64 4
65 3
66 53
67 3
68 3
69 4
70 4
71 4
72 3
73 73
74 4
75 3
76 73
77 16
78 53
79 4
80 4
81 4
82 3
83 3
84 16
85 4
86 16
87 16
88 4
89 4
36
0 0
1 10
2 0
3 68
4 64
5 66
6 14
7 14
8 68
9 64
10 10
11 0
12 64
13 66
14 14
15 10
16 0
17 0
18 64
19 10
20 0
21 10
22 64
23 0
24 0
25 10
26 10
27 68
28 10
29 14
30 10
31 10
32 0
33 0
34 68
35 0
37 10
38 64
39 0
40 0
41 68
42 0
43 10
44 10
45 10
46 10
47 10
48 64
49 0
50 14
51 0
52 0
53 66
54 66
55 14
56 10
57 0
58 0
59 10
60 66
61 68
62 0
63 0
64 64
65 10
66 66
67 14
68 68
69 0
70 14
71 0
72 68
73 0
74 64
75 10
76 14
77 0
78 66
79 10
80 10
81 10
82 66
83 10
84 10
85 64
86 10
87 66
88 0
89 14
37
0 62
1 1
2 53
3 1
4 81
5 53
6 1
7 1
8 45
9 62
10 10
11 59
12 62
13 45
14 1
15 10
16 53
17 62
18 1
19 53
20 1
21 10
22 10
23 1
24 1
25 1
26 10
27 45
28 1
29 1
30 10
31 31
32 10
33 10
34 10
35 53
36 10
38 53
39 1
40 62
41 53
42 62
43 53
44 10
45 45
46 10
47 1
48 62
49 53
50 53
51 1
52 62
53 53
54 10
55 59
56 1
57 53
58 1
59 59
60 53
61 1
62 62
63 45
64 10
65 10
66 53
67 1
68 10
69 81
70 1
71 1
72 10
73 62
74 1
75 45
76 45
77 53
78 1
79 10
80 10
81 81
82 1
83 10
84 1
85 45
86 59
87 10
88 62
89 1
38
0 57
1 57
2 57
3 57
4 64
5 57
6 57
7 64
8 57
9 64
10 57
11 57
12 57
13 57
14 64
15 57
16 86
17 57
18 64
19 57
20 57
21 64
22 64
23 57
24 57
25 57
26 57
27 57
28 57
29 57
30 57
31 57
32 57
33 64
34 86
35 57
36 64
37 57
39 57
40 57
41 57
42 57
43 57
44 57
45 57
46 86
47 57
48 64
49 57
50 57
51 57
52 57
53 57
54 57
55 57
56 64
57 57
58 57
59 57
60 57
61 57
62 57
63 57
64 64
65 64
66 57
67 57
68 64
69 57
70 57
71 57
72 57
73 57
74 64
75 57
76 57
77 57
78 57
79 64
80 64
81 57
82 57
83 64
84 86
85 64
86 86
87 57
88 57
89 57
39
0 71
1 25
2 71
3 25
4 4
5 5
6 4
7 25
8 4
9 25
10 15
11 41
12 58
13 74
14 15
15 15
16 71
17 25
18 4
19 5
20 41
21 25
22 58
23 4
24 15
25 25
26 4
27 4
28 15
29 42
30 15
31 15
32 4
33 71
34 15
35 4
36 4
37 4
38 4
40 42
41 41
42 42
43 4
44 58
45 25
46 5
47 25
48 4
49 25
50 25
51 58
52 71
53 41
54 5
55 58
56 58
57 15
58 58
59 15
60 25
61 15
62 42
63 25
64 4
65 4
66 25
67 25
68 41
69 4
70 4
71 71
72 15
73 58
74 74
75 15
76 15
77 25
78 25
79 71
80 41
81 4
82 15
83 41
84 25
85 58
86 15
87 25
88 4
89 15
40
0 24
1 7
2 22
3 7
4 48
5 42
6 24
7 7
8 24
9 7
10 79
11 60
12 62
13 7
14 7
15 24
16 7
17 62
18 7
19 7
20 60
21 7
22 22
23 24
24 24
25 7
26 48
27 22
28 7
29 24
30 80
31 79
32 22
33 79
34 24
35 48
36 7
37 62
38 7
39 42
41 42
42 42
43 7
44 7
45 75
46 80
47 49
48 48
49 49
50 7
51 22
52 24
53 49
54 7
55 7
56 22
57 24
58 22
59 24
60 60
61 7
62 62
63 22
64 7
65 22
66 7
67 7
68 7
69 22
70 7
71 79
72 7
73 62
74 42
75 75
76 22
77 7
78 49
79 79
80 80
81 7
82 24
83 80
84 48
85 7
86 24
87 7
88 22
89 42
41
0 4
1 4
2 4
3 68
4 4
5 39
6 4
7 4
8 68
9 81
10 83
11 11
12 20
13 4
14 83
15 39
16 4
17 39
18 11
19 53
20 20
21 20
22 80
23 4
24 4
25 39
26 11
27 4
28 53
29 42
30 80
31 39
32 4
33 83
34 68
35 4
36 68
37 53
38 4
39 39
40 42
42 42
43 4
44 20
45 4
46 20
47 4
48 4
49 53
50 20
51 20
52 4
53 53
54 4
55 4
56 4
57 11
58 39
59 11
60 11
61 68
62 42
63 68
64 4
65 4
66 53
67 81
68 68
69 81
70 20
71 4
72 20
73 4
74 4
75 39
76 42
77 53
78 20
79 4
80 80
81 81
82 42
83 83
84 4
85 4
86 11
87 20
88 4
89 42
42
0 62
1 29
2 89
3 29
4 39
5 39
6 88
7 40
8 29
9 62
10 29
11 41
12 62
13 39
14 29
15 39
16 29
17 62
18 29
19 89
20 41
21 29
22 40
23 29
24 29
25 39
26 48
27 29
28 89
29 29
30 89
31 39
32 29
33 39
34 29
35 29
36 29
37 62
38 29
39 39
40 40
41 41
43 89
44 39
45 39
46 40
47 89
48 48
49 40
50 29
51 29
52 62
53 41
54 39
55 39
56 29
57 29
58 39
59 41
60 40
61 89
62 62
63 29
64 29
65 29
66 29
67 29
68 41
69 41
70 72
71 39
72 72
73 29
74 39
75 40
76 89
77 29
78 41
79 40
80 40
81 41
82 89
83 41
84 48
85 39
86 29
87 29
88 88
89 89
43
0 4
1 4
2 89
3 65
4 4
5 4
6 65
7 7
8 84
9 7
10 65
11 4
12 4
13 4
14 7
15 89
16 84
17 65
18 4
19 53
20 4
21 7
22 65
23 4
24 4
25 7
26 4
27 4
28 53
29 65
30 65
31 7
32 65
33 4
34 7
35 4
36 4
37 53
38 4
39 4
40 7
41 4
42 89
44 4
45 4
46 65
47 89
48 4
49 53
50 7
51 7
52 4
53 53
54 4
55 4
56 65
57 53
58 4
59 53
60 7
61 89
62 7
63 65
64 4
65 65
66 7
67 7
68 4
69 4
70 4
71 4
72 7
73 4
74 4
75 7
76 89
77 53
78 53
79 7
80 4
81 4
82 89
83 4
84 84
85 4
86 84
87 65
88 4
89 89
44
0 10
1 28
2 20
3 3
4 27
5 3
6 21
7 21
8 3
9 3
10 10
11 59
12 20
13 27
14 83
15 10
16 21
17 28
18 3
19 21
20 20
21 21
22 58
23 20
24 10
25 3
26 10
27 27
28 28
29 3
30 3
31 10
32 27
33 33
34 3
35 3
36 10
37 10
38 59
39 58
40 10
41 20
42 20
43 3
45 27
46 10
47 3
48 21
49 21
50 3
51 58
52 61
53 28
54 10
55 27
56 3
57 59
58 58
59 59
60 20
61 61
62 10
63 27
64 83
65 3
66 28
67 61
68 3
69 33
70 20
71 20
72 20
73 27
74 33
75 10
76 27
77 21
78 20
79 10
80 83
81 3
82 3
83 83
84 21
85 27
86 59
87 3
88 20
89 28
45
0 8
1 25
2 8
3 25
4 27
5 25
6 8
7 25
8 8
9 25
10 25
11 25
12 8
13 27
14 25
15 75
16 8
17 25
18 8
19 8
20 8
21 8
22 25
23 8
24 8
25 25
26 8
27 27
28 25
29 8
30 8
31 37
32 27
33 25
34 8
35 25
36 8
37 37
38 25
39 25
40 75
41 8
42 25
43 8
44 27
46 8
47 25
48 8
49 25
50 8
51 8
52 63
53 37
54 8
55 27
56 8
57 25
58 25
59 37
60 25
61 8
62 37
63 63
64 8
65 8
66 25
67 25
68 8
69 25
70 8
71 25
72 8
73 27
74 8
75 75
76 63
77 25
78 25
79 8
80 8
81 25
82 8
83 8
84 8
85 27
86 8
87 63
88 8
89 8
46
0 8
1 8
2 34
3 8
4 8
5 54
6 8
7 10
8 8
9 10
10 10
11 20
12 8
13 47
14 10
15 10
16 8
17 10
18 8
19 8
20 20
21 8
22 80
23 8
24 8
25 10
26 10
27 8
28 10
29 8
30 80
31 10
32 8
33 10
34 34
35 54
36 10
37 10
38 34
39 10
40 80
41 20
42 20
43 8
44 10
45 8
47 47
48 80
49 47
50 20
51 8
52 47
53 8
54 54
55 8
56 8
57 8
58 8
59 10
60 20
61 8
62 8
63 8
64 8
65 10
66 54
67 8
68 8
69 8
70 20
71 20
72 20
73 8
74 47
75 8
76 8
77 8
78 20
79 10
80 80
81 10
82 8
83 10
84 8
85 34
86 34
87 8
88 80
89 47
47
0 25
1 25
2 89
3 25
4 74
5 25
6 49
7 25
8 46
9 25
10 25
11 25
12 25
13 52
14 89
15 89
16 25
17 25
18 74
19 89
20 46
21 25
22 25
23 25
24 52
25 25
26 89
27 25
28 89
29 52
30 89
31 89
32 89
33 74
34 46
35 25
36 25
37 25
38 25
39 25
40 49
41 25
42 89
43 89
44 25
45 25
46 46
48 25
49 49
50 25
51 25
52 52
53 49
54 46
55 25
56 74
57 25
58 25
59 25
60 52
61 52
62 49
63 52
64 25
65 25
66 25
67 25
68 25
69 25
70 46
71 25
72 25
73 25
74 74
75 25
76 52
77 25
78 25
79 25
80 46
81 25
82 89
83 25
84 25
85 25
86 25
87 25
88 89
89 89
48
0 4
1 4
2 26
3 4
4 4
5 4
6 4
7 40
8 84
9 4
10 26
11 26
12 4
13 4
14 40
15 4
16 84
17 40
18 4
19 26
20 4
21 84
22 40
23 4
24 40
25 84
26 26
27 4
28 42
29 42
30 80
31 26
32 4
33 4
34 26
35 4
36 4
37 4
38 4
39 4
40 40
41 4
42 42
43 4
44 4
45 4
46 80
47 4
49 40
50 4
51 40
52 4
53 4
54 4
55 4
56 4
57 26
58 4
59 26
60 40
61 42
62 40
63 84
64 4
65 4
66 40
67 4
68 4
69 4
70 4
71 4
72 42
73 4
74 4
75 40
76 40
77 84
78 84
79 26
80 80
81 4
82 40
83 80
84 84
85 4
86 84
87 84
88 4
89 42
49
0 62
1 6
2 40
3 6
4 6
5 53
6 6
7 40
8 6
9 6
10 6
11 40
12 62
13 47
14 6
15 6
16 6
17 62
18 6
19 53
20 40
21 6
22 40
23 6
24 6
25 47
26 40
27 6
28 53
29 6
30 6
31 40
32 6
33 47
34 6
35 53
36 6
37 53
38 53
39 40
40 40
41 53
42 40
43 53
44 6
45 40
46 47
47 47
48 40
50 6
51 6
52 47
53 53
54 47
55 6
56 6
57 53
58 6
59 6
60 40
61 47
62 62
63 47
64 6
65 6
66 53
67 6
68 53
69 62
70 6
71 40
72 40
73 62
74 47
75 40
76 6
77 53
78 53
79 40
80 40
81 6
82 6
83 6
84 6
85 6
86 6
87 6
88 6
89 47
50
0 12
1 3
2 12
3 3
4 3
5 3
6 14
7 14
8 12
9 3
10 3
11 12
12 12
13 66
14 14
15 12
16 3
17 3
18 3
19 3
20 20
21 3
22 51
23 12
24 51
25 3
26 12
27 3
28 66
29 14
30 3
31 12
32 3
33 3
34 3
35 3
36 14
37 12
38 12
39 3
40 12
41 20
42 12
43 3
44 3
45 3
46 20
47 3
48 3
49 12
51 51
52 12
53 66
54 66
55 12
56 3
57 12
58 12
59 3
60 20
61 3
62 12
63 12
64 12
65 3
66 66
67 14
68 3
69 51
70 12
71 20
72 20
73 3
74 3
75 3
76 51
77 3
78 20
79 14
80 14
81 3
82 66
83 14
84 3
85 51
86 3
87 12
88 12
89 14
51
0 24
1 67
2 22
3 50
4 22
5 58
6 24
7 67
8 24
9 22
10 22
11 22
12 50
13 24
14 50
15 24
16 22
17 69
18 22
19 22
20 50
21 22
22 22
23 24
24 24
25 58
26 22
27 85
28 24
29 24
30 22
31 24
32 22
33 69
34 24
35 50
36 22
37 67
38 22
39 58
40 22
41 22
42 22
43 22
44 58
45 24
46 22
47 24
48 22
49 22
50 50
52 24
53 24
54 50
55 58
56 58
57 24
58 58
59 24
60 22
61 67
62 22
63 76
64 22
65 22
66 50
67 67
68 24
69 69
70 22
71 22
72 24
73 58
74 58
75 22
76 76
77 22
78 50
79 22
80 22
81 67
82 24
83 22
84 24
85 85
86 24
87 22
88 22
89 76
52
0 24
1 24
2 71
3 47
4 71
5 71
6 24
7 60
8 24
9 62
10 24
11 60
12 62
13 13
14 13
15 24
16 71
17 13
18 24
19 61
20 60
21 24
22 60
23 24
24 24
25 47
26 60
27 13
28 13
29 24
30 47
31 24
32 13
33 71
34 24
35 62
36 13
37 62
38 24
39 71
40 24
41 60
42 62
43 47
44 61
45 63
46 47
47 47
48 24
49 47
50 13
51 24
53 13
54 13
55 76
56 13
57 24
58 24
59 24
60 60
61 61
62 62
63 63
64 24
65 13
66 13
67 61
68 61
69 76
70 24
71 71
72 24
73 62
74 13
75 24
76 76
77 71
78 60
79 71
80 60
81 47
82 24
83 60
84 24
85 13
86 24
87 63
88 24
89 47
53
0 35
1 28
2 19
3 35
4 35
5 35
6 49
7 43
8 19
9 37
10 28
11 41
12 57
13 66
14 66
15 28
16 35
17 28
18 19
19 19
20 41
21 19
22 19
23 19
24 57
25 57
26 19
27 28
28 28
29 19
30 19
31 37
32 19
33 19
34 19
35 35
36 66
37 37
38 57
39 41
40 49
41 41
42 41
43 43
44 28
45 37
46 19
47 49
48 35
49 49
50 66
51 57
52 19
54 19
55 57
56 19
57 57
58 28
59 37
60 66
61 19
62 37
63 19
64 19
65 19
66 66
67 19
68 41
69 28
70 28
71 77
72 28
73 35
74 19
75 28
76 19
77 77
78 78
79 28
80 41
81 37
82 66
83 19
84 43
85 19
86 19
87 19
88 19
89 19
54
0 66
1 66
2 19
3 5
4 74
5 5
6 19
7 66
8 19
9 66
10 46
11 19
12 19
13 66
14 66
15 5
16 5
17 19
18 19
19 19
20 46
21 19
22 19
23 19
24 19
25 66
26 19
27 66
28 66
29 19
30 19
31 5
32 19
33 74
34 46
35 5
36 66
37 19
38 19
39 5
40 46
41 5
42 5
43 19
44 19
45 19
46 46
47 46
48 46
49 19
50 66
51 66
52 19
53 19
55 5
56 74
57 19
58 5
59 19
60 66
61 19
62 5
63 19
64 19
65 19
66 66
67 19
68 19
69 74
70 19
71 5
72 46
73 5
74 74
75 5
76 19
77 19
78 19
79 46
80 46
81 66
82 66
83 19
84 19
85 46
86 19
87 19
88 19
89 19
55
0 6
1 6
2 57
3 6
4 27
5 58
6 6
7 9
8 12
9 9
10 6
11 57
12 12
13 17
14 6
15 57
16 6
17 17
18 6
19 6
20 12
21 6
22 58
23 6
24 6
25 9
26 57
27 27
28 17
29 6
30 6
31 57
32 27
33 17
34 6
35 17
36 6
37 59
38 57
39 58
40 6
41 9
42 6
43 6
44 27
45 27
46 12
47 6
48 27
49 6
50 12
51 58
52 76
53 57
54 6
56 6
57 57
58 58
59 59
60 9
61 27
62 9
63 76
64 9
65 6
66 6
67 6
68 27
69 17
70 12
71 9
72 9
73 17
74 6
75 27
76 76
77 6
78 12
79 9
80 6
81 9
82 6
83 6
84 6
85 27
86 59
87 12
88 6
89 76
56
0 6
1 1
2 8
3 3
4 74
5 3
6 6
7 1
8 8
9 6
10 65
11 18
12 8
13 74
14 6
15 1
16 18
17 65
18 18
19 8
20 1
21 6
22 58
23 1
24 6
25 1
26 18
27 3
28 1
29 29
30 65
31 1
32 65
33 74
34 8
35 3
36 3
37 1
38 18
39 58
40 6
41 3
42 29
43 65
44 3
45 8
46 8
47 74
48 8
49 6
50 3
51 58
52 6
53 1
54 74
55 6
57 1
58 58
59 1
60 18
61 1
62 1
63 8
64 18
65 65
66 82
67 1
68 3
69 58
70 18
71 1
72 29
73 29
74 74
75 8
76 6
77 65
78 1
79 8
80 6
81 1
82 82
83 1
84 8
85 58
86 18
87 65
88 6
89 82
57
0 24
1 25
2 2
3 25
4 2
5 15
6 24
7 25
8 12
9 25
10 15
11 11
12 12
13 24
14 2
15 15
16 2
17 25
18 11
19 2
20 12
21 2
22 2
23 24
24 24
25 25
26 2
27 55
28 15
29 24
30 2
31 15
32 73
33 2
34 2
35 53
36 12
37 53
38 38
39 15
40 24
41 11
42 2
43 53
44 59
45 25
46 2
47 25
48 2
49 53
50 12
51 24
52 24
53 53
54 2
55 55
56 11
58 12
59 59
60 11
61 2
62 12
63 73
64 12
65 2
66 25
67 25
68 2
69 24
70 2
71 2
72 15
73 73
74 15
75 15
76 55
77 25
78 53
79 2
80 2
81 25
82 24
83 2
84 25
85 2
86 15
87 12
88 24
89 2
58
0 73
1 25
2 22
3 25
4 39
5 39
6 55
7 25
8 12
9 25
10 25
11 12
12 12
13 25
14 12
15 39
16 12
17 25
18 56
19 12
20 12
21 44
22 22
23 12
24 51
25 25
26 22
27 44
28 44
29 56
30 22
31 39
32 22
33 44
34 85
35 73
36 12
37 12
38 12
39 39
40 22
41 39
42 39
43 22
44 44
45 25
46 12
47 25
48 22
49 12
50 12
51 51
52 12
53 12
54 25
55 55
56 56
57 12
59 44
60 22
61 44
62 12
63 73
64 12
65 22
66 25
67 25
68 12
69 51
70 12
71 25
72 12
73 73
74 39
75 22
76 22
77 25
78 12
79 22
80 22
81 25
82 56
83 44
84 25
85 85
86 25
87 12
88 22
89 22
59
0 11
1 37
2 57
3 44
4 11
5 11
6 55
7 11
8 37
9 55
10 37
11 11
12 55
13 44
14 44
15 57
16 86
17 55
18 11
19 11
20 44
21 44
22 11
23 37
24 57
25 57
26 11
27 44
28 44
29 11
30 11
31 37
32 44
33 44
34 86
35 37
36 37
37 37
38 57
39 11
40 11
41 11
42 11
43 37
44 44
45 37
46 37
47 57
48 11
49 37
50 44
51 44
52 11
53 37
54 11
55 55
56 11
57 57
58 44
60 11
61 44
62 37
63 37
64 11
65 37
66 11
67 37
68 11
69 37
70 11
71 11
72 44
73 57
74 44
75 37
76 55
77 11
78 37
79 11
80 11
81 37
82 57
83 44
84 86
85 44
86 86
87 55
88 55
89 44
60
0 11
1 7
2 22
3 7
4 7
5 66
6 7
7 7
8 20
9 7
10 7
11 11
12 20
13 52
14 7
15 7
16 7
17 7
18 11
19 7
20 20
21 7
22 22
23 7
24 40
25 7
26 11
27 20
28 66
29 7
30 80
31 7
32 22
33 11
34 7
35 66
36 66
37 11
38 7
39 7
40 40
41 11
42 40
43 7
44 20
45 7
46 20
47 52
48 40
49 40
50 20
51 22
52 52
53 66
54 66
55 7
56 11
57 11
58 22
59 11
61 52
62 40
63 52
64 7
65 22
66 66
67 7
68 7
69 22
70 20
71 11
72 7
73 11
74 52
75 40
76 22
77 7
78 20
79 7
80 80
81 7
82 66
83 80
84 7
85 7
86 11
87 66
88 22
89 7
61
0 52
1 67
2 19
3 44
4 44
5 19
6 19
7 67
8 19
9 52
10 44
11 19
12 19
13 52
14 67
15 89
16 19
17 19
18 19
19 19
20 44
21 19
22 19
23 67
24 52
25 67
26 19
27 44
28 44
29 19
30 89
31 89
32 19
33 44
34 68
35 19
36 68
37 19
38 19
39 44
40 52
41 68
42 89
43 89
44 44
45 19
46 19
47 52
48 89
49 19
50 44
51 67
52 52
53 19
54 19
55 44
56 19
57 19
58 44
59 44
60 52
62 52
63 52
64 19
65 19
66 19
67 67
68 68
69 44
70 19
71 52
72 68
73 44
74 19
75 89
76 52
77 19
78 19
79 44
80 19
81 67
82 89
83 19
84 19
85 44
86 19
87 19
88 89
89 89
62
0 0
1 37
2 0
3 9
4 0
5 42
6 9
7 9
8 12
9 9
10 37
11 0
12 12
13 17
14 0
15 0
16 0
17 17
18 9
19 12
20 12
21 9
22 40
23 0
24 0
25 9
26 40
27 73
28 17
29 42
30 17
31 37
32 73
33 0
34 0
35 73
36 0
37 37
38 9
39 42
40 40
41 42
42 42
43 9
44 12
45 37
46 12
47 49
48 40
49 49
50 12
51 0
52 52
53 37
54 0
55 9
56 9
57 12
58 12
59 37
60 40
61 52
63 52
64 9
65 17
66 0
67 9
68 0
69 17
70 12
71 0
72 42
73 73
74 17
75 40
76 52
77 0
78 12
79 40
80 40
81 9
82 0
83 9
84 9
85 9
86 37
87 12
88 42
89 42
63
0 73
1 8
2 8
3 8
4 8
5 73
6 8
7 45
8 8
9 45
10 8
11 52
12 8
13 52
14 73
15 8
16 87
17 73
18 8
19 8
20 8
21 8
22 76
23 8
24 8
25 45
26 8
27 45
28 73
29 73
30 76
31 45
32 73
33 52
34 8
35 73
36 8
37 45
38 73
39 45
40 8
41 8
42 52
43 8
44 45
45 45
46 8
47 52
48 8
49 52
50 8
51 76
52 52
53 8
54 8
55 76
56 8
57 73
58 73
59 45
60 52
61 52
62 52
64 8
65 87
66 87
67 8
68 8
69 76
70 8
71 52
72 8
73 73
74 8
75 45
76 76
77 8
78 8
79 8
80 8
81 45
82 8
83 8
84 8
85 8
86 8
87 87
88 73
89 76
64
0 36
1 4
2 22
3 4
4 4
5 4
6 9
7 7
8 12
9 9
10 15
11 18
12 12
13 4
14 7
15 15
16 18
17 7
18 18
19 18
20 12
21 7
22 22
23 4
24 15
25 7
26 4
27 4
28 15
29 18
30 15
31 15
32 22
33 83
34 85
35 4
36 36
37 4
38 38
39 4
40 7
41 4
42 4
43 4
44 83
45 4
46 12
47 4
48 4
49 7
50 12
51 22
52 4
53 4
54 4
55 9
56 18
57 12
58 12
59 9
60 7
61 7
62 9
63 12
65 22
66 7
67 7
68 36
69 4
70 12
71 4
72 7
73 4
74 4
75 15
76 22
77 4
78 12
79 7
80 22
81 4
82 7
83 83
84 4
85 85
86 15
87 12
88 4
89 15
65
0 6
1 56
2 19
3 3
4 43
5 3
6 6
7 21
8 19
9 6
10 10
11 19
12 87
13 17
14 6
15 10
16 21
17 17
18 19
19 19
20 3
21 21
22 22
23 6
24 6
25 3
26 10
27 32
28 10
29 29
30 30
31 10
32 32
33 3
34 3
35 3
36 10
37 10
38 22
39 3
40 22
41 3
42 29
43 43
44 3
45 3
46 10
47 3
48 21
49 6
50 3
51 22
52 6
53 19
54 19
55 6
56 56
57 3
58 22
59 3
60 22
61 19
62 17
63 87
64 22
66 87
67 3
68 3
69 17
70 6
71 77
72 29
73 17
74 56
75 10
76 22
77 77
78 77
79 10
80 22
81 77
82 32
83 10
84 21
85 32
86 10
87 87
88 6
89 19
66
0 36
1 25
2 14
3 25
4 7
5 54
6 14
7 7
8 82
9 7
10 25
11 60
12 50
13 13
14 14
15 28
16 87
17 13
18 7
19 53
20 50
21 7
22 60
23 7
24 82
25 25
26 7
27 13
28 28
29 14
30 14
31 7
32 82
33 13
34 7
35 53
36 36
37 53
38 7
39 25
40 7
41 53
42 7
43 7
44 28
45 25
46 54
47 25
48 7
49 53
50 50
51 50
52 13
53 53
54 54
55 7
56 82
57 25
58 25
59 25
60 60
61 7
62 7
63 87
64 7
65 87
67 7
68 36
69 13
70 14
71 25
72 7
73 13
74 13
75 7
76 13
77 25
78 53
79 7
80 60
81 25
82 82
83 14
84 25
85 7
86 25
87 87
88 14
89 14
67
0 14
1 1
2 14
3 25
4 23
5 25
6 14
7 7
8 23
9 7
10 25
11 7
12 7
13 7
14 14
15 1
16 7
17 25
18 1
19 61
20 1
21 7
22 51
23 23
24 23
25 25
26 7
27 23
28 1
29 14
30 14
31 1
32 51
33 14
34 7
35 23
36 14
37 1
38 7
39 25
40 7
41 81
42 7
43 7
44 61
45 25
46 23
47 25
48 7
49 7
50 14
51 51
52 61
53 1
54 7
55 7
56 1
57 25
58 25
59 1
60 7
61 61
62 1
63 23
64 7
65 1
66 7
68 61
69 51
70 14
71 25
72 7
73 14
74 1
75 7
76 51
77 25
78 1
79 7
80 7
81 81
82 1
83 14
84 23
85 51
86 23
87 7
88 14
89 14
68
0 36
1 3
2 34
3 3
4 27
5 3
6 3
7 72
8 8
9 3
10 36
11 41
12 8
13 27
14 36
15 72
16 3
17 3
18 3
19 8
20 41
21 3
22 3
23 8
24 8
25 3
26 34
27 27
28 3
29 72
30 3
31 34
32 27
33 3
34 34
35 3
36 36
37 8
38 34
39 41
40 8
41 41
42 41
43 3
44 3
45 8
46 8
47 3
48 8
49 41
50 3
51 3
52 61
53 41
54 8
55 27
56 3
57 3
58 3
59 3
60 36
61 61
62 8
63 8
64 36
65 3
66 36
67 61
69 27
70 72
71 3
72 72
73 27
74 3
75 8
76 8
77 3
78 41
79 34
80 41
81 41
82 8
83 41
84 8
85 27
86 34
87 3
88 8
89 61
69
0 17
1 17
2 32
3 17
4 81
5 17
6 17
7 17
8 32
9 81
10 17
11 33
12 17
13 17
14 33
15 17
16 33
17 17
18 17
19 17
20 33
21 17
22 32
23 51
24 51
25 17
26 32
27 32
28 17
29 17
30 17
31 81
32 32
33 33
34 32
35 17
36 17
37 81
38 17
39 17
40 17
41 81
42 17
43 17
44 33
45 17
46 17
47 17
48 81
49 17
50 51
51 51
52 76
53 17
54 33
55 17
56 17
57 17
58 51
59 17
60 32
61 33
62 17
63 76
64 32
65 17
66 17
67 51
68 32
70 17
71 33
72 17
73 17
74 33
75 17
76 76
77 81
78 81
79 33
80 32
81 81
82 32
83 33
84 17
85 32
86 17
87 17
88 17
89 76
70
0 2
1 23
2 2
3 12
4 23
5 2
6 14
7 14
8 12
9 12
10 28
11 18
12 12
13 14
14 14
15 28
16 18
17 28
18 18
19 2
20 20
21 2
22 2
23 23
24 23
25 2
26 2
27 12
28 28
29 14
30 2
31 28
32 2
33 2
34 2
35 18
36 14
37 12
38 2
39 2
40 2
41 20
42 72
43 2
44 20
45 12
46 20
47 2
48 2
49 12
50 12
51 2
52 2
53 28
54 2
55 12
56 18
57 2
58 12
59 2
60 20
61 2
62 12
63 12
64 12
65 2
66 14
67 14
68 72
69 28
71 2
72 72
73 88
74 18
75 28
76 2
77 2
78 20
79 2
80 88
81 14
82 2
83 14
84 23
85 2
86 18
87 12
88 88
89 2
71
0 0
1 25
2 2
3 25
4 4
5 39
6 0
7 25
8 0
9 25
10 25
11 11
12 20
13 52
14 0
15 39
16 16
17 25
18 11
19 2
20 20
21 16
22 2
23 4
24 0
25 25
26 2
27 4
28 2
29 0
30 2
31 79
32 0
33 33
34 2
35 4
36 0
37 0
38 2
39 39
40 79
41 4
42 39
43 4
44 20
45 25
46 20
47 25
48 4
49 0
50 20
51 0
52 52
53 77
54 2
55 2
56 4
57 2
58 25
59 11
60 11
61 52
62 0
63 52
64 4
65 77
66 25
67 25
68 0
69 33
70 2
72 20
73 0
74 4
75 25
76 52
77 77
78 20
79 79
80 2
81 4
82 0
83 33
84 16
85 2
86 16
87 16
88 4
89 2
72
0 15
1 7
2 70
3 68
4 7
5 15
6 7
7 7
8 68
9 7
10 15
11 7
12 20
13 7
14 7
15 15
16 7
17 7
18 29
19 7
20 20
21 7
22 7
23 70
24 15
25 7
26 7
27 68
28 15
29 29
30 15
31 15
32 29
33 20
34 68
35 29
36 68
37 15
38 7
39 15
40 7
41 20
42 42
43 7
44 20
45 7
46 20
47 7
48 42
49 7
50 20
51 7
52 7
53 7
54 7
55 7
56 29
57 15
58 7
59 15
60 7
61 68
62 42
63 29
64 7
65 29
66 7
67 7
68 68
69 7
70 70
71 20
73 29
74 15
75 15
76 15
77 7
78 20
79 7
80 7
81 7
82 7
83 7
84 7
85 7
86 15
87 7
88 42
89 15
73
0 0
1 17
2 57
3 35
4 27
5 35
6 88
7 17
8 63
9 62
10 0
11 57
12 57
13 17
14 29
15 57
16 35
17 17
18 29
19 17
20 0
21 17
22 32
23 0
24 0
25 17
26 57
27 27
28 17
29 29
30 17
31 57
32 32
33 0
34 0
35 35
36 0
37 62
38 57
39 58
40 62
41 27
42 29
43 17
44 27
45 27
46 63
47 17
48 27
49 62
50 29
51 58
52 62
53 35
54 35
55 17
56 29
57 57
58 58
59 57
60 32
61 27
62 62
63 63
64 0
65 17
66 0
67 17
68 27
69 17
70 88
71 0
72 29
74 17
75 27
76 63
77 0
78 35
79 0
80 88
81 17
82 32
83 17
84 17
85 27
86 29
87 63
88 88
89 88
74
0 4
1 56
2 4
3 56
4 4
5 39
6 56
7 4
8 56
9 4
10 33
11 4
12 4
13 13
14 13
15 39
16 4
17 13
18 56
19 54
20 4
21 33
22 4
23 4
24 4
25 39
26 4
27 4
28 13
29 56
30 47
31 39
32 4
33 33
34 47
35 4
36 4
37 4
38 4
39 39
40 4
41 4
42 39
43 4
44 33
45 4
46 47
47 47
48 4
49 47
50 13
51 33
52 13
53 4
54 54
55 4
56 56
57 39
58 39
59 33
60 13
61 13
62 13
63 13
64 4
65 56
66 13
67 4
68 4
69 33
70 4
71 4
72 39
73 4
75 39
76 13
77 4
78 56
79 4
80 4
81 4
82 56
83 33
84 4
85 4
86 39
87 13
88 4
89 47
75
0 15
1 15
2 15
3 45
4 15
5 15
6 15
7 40
8 45
9 15
10 15
11 15
12 15
13 45
14 15
15 15
16 15
17 15
18 15
19 15
20 15
21 40
22 40
23 15
24 15
25 45
26 40
27 45
28 15
29 15
30 15
31 15
32 40
33 15
34 15
35 15
36 15
37 45
38 15
39 15
40 40
41 15
42 40
43 15
44 15
45 45
46 15
47 15
48 40
49 40
50 15
51 15
52 15
53 15
54 15
55 15
56 45
57 15
58 15
59 15
60 40
61 15
62 40
63 45
64 15
65 15
66 15
67 40
68 15
69 15
70 15
71 15
72 15
73 15
74 15
76 15
77 45
78 15
79 40
80 40
81 45
82 15
83 15
84 15
85 15
86 15
87 45
88 15
89 15
76
0 51
1 51
2 22
3 22
4 22
5 22
6 55
7 22
8 63
9 55
10 22
11 22
12 55
13 52
14 89
15 89
16 52
17 55
18 22
19 89
20 22
21 22
22 22
23 51
24 51
25 22
26 22
27 55
28 89
29 22
30 89
31 89
32 22
33 69
34 22
35 63
36 22
37 52
38 22
39 22
40 22
41 22
42 89
43 89
44 22
45 63
46 22
47 52
48 22
49 22
50 51
51 51
52 52
53 55
54 89
55 55
56 22
57 55
58 22
59 55
60 22
61 52
62 52
63 63
64 22
65 22
66 22
67 51
68 52
69 69
70 22
71 52
72 89
73 63
74 52
75 22
77 22
78 22
79 22
80 22
81 69
82 89
83 22
84 63
85 51
86 55
87 63
88 22
89 89
77
0 71
1 25
2 71
3 25
4 71
5 16
6 21
7 21
8 84
9 25
10 25
11 71
12 16
13 25
14 21
15 16
16 16
17 25
18 16
19 21
20 71
21 21
22 65
23 84
24 21
25 25
26 71
27 21
28 53
29 65
30 65
31 53
32 65
33 71
34 16
35 16
36 25
37 53
38 16
39 25
40 21
41 53
42 25
43 53
44 21
45 25
46 25
47 25
48 84
49 53
50 25
51 25
52 71
53 53
54 21
55 21
56 65
57 25
58 25
59 16
60 21
61 21
62 25
63 16
64 16
65 65
66 25
67 25
68 25
69 81
70 16
71 71
72 21
73 16
74 25
75 25
76 65
78 78
79 71
80 53
81 81
82 25
83 21
84 84
85 25
86 16
87 16
88 21
89 21
78
0 20
1 1
2 20
3 1
4 1
5 53
6 1
7 1
8 1
9 1
10 1
11 20
12 20
13 53
14 1
15 1
16 77
17 1
18 1
19 53
20 20
21 77
22 20
23 1
24 1
25 1
26 20
27 20
28 1
29 1
30 77
31 1
32 77
33 20
34 20
35 53
36 53
37 1
38 53
39 1
40 20
41 20
42 20
43 53
44 20
45 1
46 20
47 1
48 77
49 53
50 20
51 1
52 20
53 53
54 20
55 20
56 1
57 53
58 1
59 1
60 20
61 1
62 1
63 1
64 20
65 77
66 53
67 1
68 20
69 77
70 20
71 20
72 20
73 53
74 1
75 1
76 1
77 77
79 20
80 20
81 77
82 1
83 1
84 77
85 1
86 77
87 20
88 20
89 1
79
0 71
1 7
2 26
3 7
4 71
5 71
6 7
7 7
8 34
9 7
10 10
11 26
12 7
13 7
14 7
15 10
16 71
17 7
18 7
19 7
20 71
21 7
22 40
23 7
24 34
25 7
26 26
27 10
28 10
29 7
30 10
31 31
32 10
33 71
34 34
35 71
36 10
37 10
38 7
39 71
40 40
41 10
42 40
43 7
44 10
45 7
46 10
47 7
48 26
49 40
50 7
51 7
52 71
53 7
54 7
55 7
56 10
57 7
58 7
59 10
60 7
61 7
62 40
63 34
64 7
65 10
66 7
67 7
68 34
69 71
70 7
71 71
72 7
73 40
74 71
75 40
76 40
77 71
78 71
80 40
81 7
82 7
83 10
84 7
85 34
86 34
87 7
88 34
89 7
80
0 40
1 83
2 22
3 22
4 41
5 41
6 88
7 40
8 46
9 22
10 46
11 41
12 22
13 60
14 83
15 22
16 48
17 22
18 22
19 83
20 41
21 22
22 22
23 40
24 40
25 22
26 48
27 22
28 83
29 22
30 30
31 40
32 22
33 83
34 46
35 41
36 22
37 40
38 22
39 41
40 40
41 41
42 40
43 22
44 83
45 40
46 46
47 46
48 48
49 40
50 22
51 22
52 60
53 41
54 46
55 22
56 22
57 22
58 22
59 41
60 60
61 30
62 40
63 22
64 22
65 22
66 60
67 22
68 41
69 22
70 88
71 22
72 40
73 88
74 41
75 40
76 22
77 22
78 41
79 40
81 41
82 22
83 83
84 48
85 22
86 46
87 22
88 88
89 30
81
0 4
1 25
2 4
3 25
4 4
5 4
6 9
7 9
8 4
9 9
10 25
11 41
12 4
13 4
14 67
15 4
16 77
17 25
18 4
19 37
20 41
21 77
22 4
23 4
24 4
25 25
26 4
27 4
28 25
29 41
30 41
31 37
32 69
33 69
34 41
35 4
36 4
37 37
38 4
39 4
40 4
41 41
42 41
43 4
44 4
45 25
46 25
47 25
48 4
49 9
50 25
51 67
52 4
53 37
54 4
55 9
56 4
57 25
58 25
59 37
60 9
61 67
62 9
63 25
64 4
65 77
66 25
67 67
68 41
69 69
70 4
71 4
72 9
73 4
74 4
75 25
76 69
77 77
78 77
79 4
80 41
82 25
83 41
84 25
85 4
86 25
87 25
88 4
89 4
82
0 24
1 56
2 89
3 56
4 8
5 66
6 24
7 66
8 8
9 24
10 8
11 24
12 8
13 66
14 66
15 24
16 8
17 32
18 56
19 8
20 8
21 8
22 32
23 8
24 24
25 66
26 89
27 32
28 66
29 24
30 89
31 24
32 32
33 32
34 8
35 32
36 66
37 8
38 24
39 24
40 24
41 8
42 89
43 89
44 32
45 8
46 8
47 89
48 8
49 24
50 66
51 24
52 24
53 66
54 66
55 8
56 56
57 24
58 56
59 24
60 66
61 89
62 8
63 8
64 8
65 32
66 66
67 8
68 8
69 32
70 8
71 24
72 8
73 32
74 56
75 8
76 89
77 8
78 56
79 8
80 8
81 32
83 8
84 8
85 32
86 8
87 66
88 24
89 89
83
0 10
1 28
2 19
3 44
4 41
5 19
6 14
7 14
8 19
9 64
10 10
11 41
12 64
13 14
14 14
15 10
16 19
17 28
18 19
19 19
20 41
21 19
22 64
23 14
24 10
25 10
26 10
27 44
28 28
29 14
30 80
31 10
32 10
33 33
34 10
35 19
36 10
37 10
38 64
39 41
40 80
41 41
42 41
43 10
44 44
45 10
46 10
47 10
48 80
49 14
50 14
51 14
52 19
53 19
54 19
55 14
56 10
57 10
58 44
59 44
60 80
61 19
62 10
63 19
64 64
65 10
66 14
67 14
68 41
69 33
70 14
71 33
72 10
73 14
74 33
75 10
76 14
77 10
78 19
79 10
80 80
81 41
82 14
84 10
85 64
86 10
87 19
88 80
89 14
84
0 8
1 23
2 8
3 25
4 23
5 16
6 21
7 21
8 8
9 25
10 25
11 16
12 8
13 25
14 21
15 86
16 16
17 25
18 16
19 8
20 8
21 21
22 21
23 23
24 8
25 25
26 48
27 8
28 21
29 8
30 21
31 86
32 8
33 16
34 8
35 16
36 8
37 8
38 86
39 25
40 48
41 8
42 48
43 43
44 21
45 8
46 8
47 25
48 48
49 21
50 8
51 8
52 8
53 43
54 8
55 8
56 8
57 25
58 25
59 86
60 21
61 8
62 8
63 8
64 8
65 21
66 25
67 23
68 8
69 25
70 23
71 16
72 8
73 8
74 8
75 8
76 8
77 77
78 77
79 8
80 48
81 25
82 8
83 8
85 8
86 86
87 16
88 8
89 43
85
0 27
1 51
2 34
3 27
4 27
5 58
6 27
7 64
8 34
9 64
10 27
11 64
12 58
13 27
14 51
15 64
16 34
17 27
18 64
19 32
20 27
21 27
22 32
23 27
24 34
25 58
26 34
27 27
28 27
29 27
30 32
31 34
32 32
33 27
34 34
35 27
36 64
37 27
38 64
39 58
40 32
41 27
42 58
43 27
44 27
45 27
46 34
47 34
48 27
49 27
50 51
51 51
52 27
53 27
54 34
55 27
56 58
57 27
58 58
59 27
60 32
61 27
62 27
63 27
64 64
65 32
66 27
67 51
68 27
69 32
70 34
71 27
72 27
73 27
74 27
75 27
76 51
77 32
78 27
79 34
80 32
81 27
82 32
83 64
84 34
86 34
87 32
88 27
89 32
86
0 15
1 15
2 34
3 16
4 15
5 15
6 15
7 15
8 34
9 15
10 15
11 18
12 15
13 15
14 15
15 15
16 16
17 15
18 18
19 18
20 15
21 16
22 15
23 84
24 15
25 84
26 18
27 34
28 15
29 18
30 15
31 15
32 34
33 16
34 34
35 16
36 15
37 59
38 38
39 15
40 15
41 15
42 15
43 84
44 59
45 15
46 34
47 15
48 84
49 15
50 15
51 15
52 15
53 15
54 18
55 59
56 18
57 15
58 15
59 59
60 18
61 15
62 59
63 16
64 15
65 15
66 15
67 84
68 34
69 15
70 18
71 16
72 15
73 15
74 15
75 15
76 15
77 16
78 16
79 34
80 34
81 16
82 15
83 15
84 84
85 34
87 16
88 15
89 15
87
0 12
1 65
2 19
3 65
4 12
5 16
6 65
7 66
8 12
9 12
10 65
11 12
12 12
13 66
14 66
15 12
16 16
17 65
18 16
19 19
20 12
21 16
22 65
23 12
24 12
25 66
26 19
27 12
28 66
29 65
30 65
31 12
32 65
33 16
34 12
35 16
36 66
37 12
38 12
39 12
40 12
41 12
42 12
43 65
44 12
45 63
46 12
47 19
48 16
49 12
50 12
51 12
52 63
53 19
54 19
55 12
56 65
57 12
58 12
59 12
60 66
61 19
62 12
63 63
64 12
65 65
66 66
67 19
68 12
69 63
70 12
71 16
72 12
73 63
74 19
75 63
76 63
77 16
78 12
79 16
80 19
81 16
82 66
83 19
84 16
85 12
86 16
88 12
89 19
88
0 24
1 4
2 22
3 4
4 4
5 4
6 6
7 4
8 24
9 6
10 6
11 4
12 70
13 4
14 6
15 24
16 4
17 73
18 70
19 89
20 70
21 6
22 22
23 4
24 24
25 4
26 4
27 4
28 70
29 24
30 80
31 24
32 22
33 4
34 24
35 4
36 4
37 4
38 4
39 4
40 22
41 4
42 42
43 4
44 4
45 4
46 80
47 89
48 4
49 6
50 6
51 22
52 24
53 4
54 4
55 6
56 6
57 24
58 22
59 6
60 22
61 89
62 42
63 73
64 4
65 6
66 6
67 4
68 4
69 4
70 70
71 4
72 42
73 73
74 4
75 22
76 22
77 4
78 70
79 4
80 80
81 4
82 24
83 80
84 4
85 4
86 24
87 6
89 89
89
0 2
1 28
2 2
3 14
4 43
5 15
6 14
7 14
8 19
9 14
10 15
11 2
12 2
13 14
14 14
15 15
16 2
17 28
18 19
19 19
20 2
21 19
22 2
23 2
24 15
25 47
26 2
27 28
28 28
29 14
30 30
31 15
32 82
33 2
34 2
35 19
36 14
37 15
38 2
39 15
40 42
41 42
42 42
43 43
44 28
45 15
46 47
47 47
48 42
49 47
50 14
51 76
52 47
53 19
54 19
55 76
56 82
57 2
58 2
59 2
60 2
61 61
62 42
63 76
64 15
65 19
66 14
67 14
68 61
69 76
70 2
71 2
72 15
73 88
74 47
75 15
76 76
77 2
78 19
79 2
80 30
81 14
82 82
83 14
84 43
85 2
86 15
87 19
88 88
523
0
79 53
1
41 17
2
57 10
3
75 58
4
70 9
5
63 49
6
87 28
7
38 70
8
19 33
9
75 47
10
5 41
11
2 88
12
5 50
13
8 40
14
17 3
15
32 82
16
14 79
17
44 27
18
19 55
19
75 49
20
71 41
21
55 76
22
46 82
23
48 19
24
52 87
25
47 36
26
13 75
27
13 82
28
61 6
29
68 16
30
13 61
31
34 30
32
88 75
33
55 4
34
59 45
35
33 59
36
89 46
37
61 83
38
22 78
39
84 21
40
69 60
41
31 17
42
22 65
43
45 32
44
83 66
45
3 2
46
50 59
47
8 66
48
82 72
49
85 26
50
41 4
51
34 69
52
72 8
53
24 5
54
71 50
55
41 86
56
69 59
57
62 6
58
12 40
59
32 16
60
73 33
61
18 9
62
77 53
63
81 68
64
72 23
65
27 6
66
61 31
67
79 30
68
4 61
69
36 71
70
53 61
71
68 39
72
72 76
73
81 7
74
85 75
75
32 75
76
28 56
77
57 72
78
62 7
79
64 47
80
24 9
81
50 44
82
37 29
83
37 51
84
14 81
85
56 59
87
7 23
88
65 19
89
64 11
90
88 23
91
16 63
93
21 23
94
22 40
96
15 40
97
17 72
98
4 14
99
62 76
100
68 46
101
38 44
102
70 45
103
79 83
104
17 37
105
70 55
106
71 6
107
7 13
108
51 30
109
34 27
111
13 39
112
65 75
113
1 38
114
51 25
115
68 42
116
11 6
117
63 76
119
58 61
120
44 62
122
47 24
123
27 82
124
53 46
125
24 19
126
39 49
128
65 68
129
33 43
130
89 74
131
29 28
132
78 33
133
23 54
135
79 1
136
62 30
137
83 24
138
81 10
139
48 77
141
57 71
142
88 65
143
53 44
144
71 77
145
14 80
146
41 38
147
51 82
148
18 17
149
72 58
150
28 31
151
85 51
152
71 54
153
8 6
154
43 50
157
56 88
160
66 73
161
78 50
162
25 16
163
59 43
164
2 42
165
45 5
167
70 35
168
26 50
169
70 76
171
33 61
172
16 68
173
76 61
174
73 21
175
51 66
176
67 15
177
84 11
178
69 40
179
28 26
180
81 88
181
76 47
182
87 69
183
49 44
184
76 44
186
50 27
187
67 0
189
70 14
191
22 55
193
28 9
195
85 80
197
38 83
198
36 57
201
36 4
202
49 31
203
49 28
205
29 32
206
46 40
209
64 6
211
14 21
213
62 72
215
54 18
216
42 64
217
60 29
222
21 87
225
80 86
226
23 87
228
30 76
229
76 6
230
12 11
232
12 63
235
63 62
236
89 80
237
83 46
240
51 65
241
40 33
244
53 77
246
35 73
247
9 76
248
83 8
249
0 83
251
14 73
252
59 57
254
34 28
256
80 64
257
11 59
258
27 71
259
14 36
261
52 82
266
43 74
267
18 43
268
86 73
272
84 81
275
73 11
276
61 71
278
19 35
279
13 35
281
59 66
283
28 3
285
84 75
286
62 47
287
40 19
289
76 19
290
72 64
293
73 54
296
35 85
299
8 43
301
14 56
302
42 60
305
82 87
307
20 50
310
30 21
311
49 20
313
55 27
315
80 26
316
15 86
318
57 67
323
32 73
325
70 1
326
7 61
327
37 53
328
14 4
330
60 21
331
37 8
332
80 10
333
73 61
334
29 1
335
9 7
336
12 73
337
68 10
338
54 74
339
14 1
341
18 51
346
73 42
348
38 12
349
22 39
350
40 23
352
50 52
353
88 34
359
77 33
360
20 65
365
7 40
366
34 56
367
17 60
370
25 81
371
54 86
373
83 85
376
11 79
382
20 36
385
78 48
388
76 73
389
0 81
390
71 46
392
69 58
393
50 69
394
89 77
395
40 48
396
66 77
399
11 48
401
3 82
409
71 2
410
74 52
416
34 80
417
0 58
419
15 22
426
27 51
429
60 64
434
76 20
438
10 65
439
80 30
440
52 18
448
57 58
450
0 29
451
67 42
452
60 28
453
5 49
455
47 45
456
74 46
460
77 69
463
45 53
465
4 35
468
33 80
469
45 9
474
50 42
477
33 29
480
58 39
483
21 2
485
65 25
488
16 43
491
87 54
493
9 71
495
88 28
500
48 63
504
66 16
507
34 18
510
80 11
512
29 20
513
70 24
521
80 42
525
28 18
527
42 19
535
1 24
538
60 66
544
66 8
547
83 28
548
73 51
549
46 47
553
64 44
554
29 68
560
79 7
581
37 11
583
61 48
586
34 88
590
76 69
591
53 84
592
66 58
593
21 66
594
86 23
596
20 54
603
66 38
607
52 83
608
77 10
610
53 55
619
77 65
634
34 64
637
36 5
643
85 8
650
53 42
653
89 28
655
43 82
661
53 6
665
56 32
672
63 45
674
6 17
676
81 65
679
73 8
680
72 46
681
32 0
682
57 59
688
11 24
693
25 71
699
57 24
700
62 40
702
56 82
708
10 53
715
73 56
718
82 27
719
77 22
724
70 74
725
15 71
726
78 77
727
20 69
734
6 87
735
16 44
747
81 35
751
4 42
753
80 40
756
36 50
758
26 11
759
31 34
764
28 89
769
79 52
771
1 16
772
57 78
780
69 76
781
51 55
787
81 11
794
77 67
818
34 16
820
80 53
826
85 76
830
70 42
839
31 27
842
51 9
844
33 81
853
86 78
866
44 41
883
30 80
887
63 58
896
64 20
914
66 5
926
81 4
935
43 6
954
82 58
955
21 28
959
26 2
967
25 54
972
55 58
981
4 40
983
83 89
990
48 80
994
84 77
1006
78 66
1009
23 34
1017
86 77
1022
58 36
1028
34 54
1033
0 62
1039
74 56
1043
70 72
1047
78 1
1056
59 12
1064
67 52
1070
21 84
1075
3 56
1082
61 34
1087
39 65
1091
81 39
1092
82 56
1097
50 66
1099
11 55
1103
29 88
1106
66 89
1110
50 58
1115
37 73
1121
76 67
1123
85 15
1127
35 5
1135
34 46
1165
70 88
1195
44 54
1211
72 42
1213
49 0
1219
18 16
1252
25 67
1253
40 11
1259
20 44
1272
68 67
1281
29 41
1285
24 51
1288
27 34
1302
23 67
1306
44 10
1309
42 88
1326
36 68
1339
71 79
1353
85 62
1364
1 28
1376
59 86
1395
71 52
1424
87 3
1429
72 71
1452
43 29
1455
77 16
1495
32 22
1515
89 68
1533
88 20
1580
44 80
1714
56 8
1724
23 31
1761
32 85
1786
52 80
1799
62 41
1801
57 53
1826
51 89
1846
14 70
1852
85 32
1855
53 35
1871
82 24
1878
65 56
1884
72 59
1934
17 89
2003
84 59
2009
68 66
2016
77 43
2025
59 55
2032
86 84
2036
87 19
2120
72 15
2127
21 77
2179
66 36
2220
72 29
2234
86 59
2261
22 60
2301
80 41
2305
46 23
2307
13 74
2355
26 31
2370
28 55
2372
49 62
2380
74 42
2403
79 40
2435
21 81
2470
43 89
2478
87 65
2481
89 14
2501
35 4
2527
66 53
2535
48 42
2536
37 31
2544
58 18
2582
68 13
2585
37 81
2593
80 22
2606
19 89
2609
47 57
2619
65 28
2665
10 37
6405
