90 367 2700 3
0 0 24 45
1 0 36 45
2 0 62 45
3 0 71 45
4 0 73 45
5 1 23 45
6 1 25 45
7 1 28 45
8 1 37 45
9 1 56 45
10 1 67 45
11 1 78 45
12 2 19 45
13 2 22 45
14 2 26 45
15 2 34 45
16 2 57 45
17 2 70 45
18 2 71 45
19 2 89 45
20 3 25 45
21 3 35 45
22 3 44 45
23 3 50 45
24 3 56 45
25 3 65 45
26 3 68 45
27 4 23 45
28 4 27 45
29 4 35 45
30 4 39 45
31 4 41 45
32 4 43 45
33 4 48 45
34 4 64 45
35 4 71 45
36 4 74 45
37 4 81 45
38 4 88 45
39 5 35 45
40 5 39 45
41 5 54 45
42 6 9 45
43 6 14 45
44 6 21 45
45 6 24 45
46 6 49 45
47 6 55 45
48 6 56 45
49 6 65 45
50 6 88 45
51 7 9 45
52 7 14 45
53 7 21 45
54 7 25 45
55 7 40 45
56 7 43 45
57 7 60 45
58 7 64 45
59 7 66 45
60 7 67 45
61 7 72 45
62 7 79 45
63 8 12 45
64 8 19 45
65 8 23 45
66 8 24 45
67 8 34 45
68 8 45 45
69 8 46 45
70 8 56 45
71 8 63 45
72 8 68 45
73 8 82 45
74 8 84 45
75 9 25 45
76 9 55 45
77 9 62 45
78 9 64 45
79 9 81 45
80 10 15 45
81 10 25 45
82 10 28 45
83 10 36 45
84 10 37 45
85 10 44 45
86 10 46 45
87 10 65 45
88 10 79 45
89 10 83 45
90 11 18 45
91 11 26 45
92 11 41 45
93 11 57 45
94 11 59 45
95 11 60 45
96 11 71 45
97 12 20 45
98 12 50 45
99 12 55 45
100 12 57 45
101 12 58 45
102 12 62 45
103 12 64 45
104 12 70 45
105 12 87 45
106 13 17 45
107 13 27 45
108 13 52 45
109 13 66 45
110 13 74 45
111 14 29 45
112 14 36 45
113 14 50 45
114 14 66 45
115 14 67 45
116 14 70 45
117 14 83 45
118 14 89 45
119 15 24 45
120 15 28 45
121 15 31 45
122 15 39 45
123 15 57 45
124 15 64 45
125 15 72 45
126 15 75 45
127 15 86 45
128 15 89 45
129 16 18 45
130 16 21 45
131 16 35 45
132 16 71 45
133 16 77 45
134 16 84 45
135 16 86 45
136 16 87 45
137 17 25 45
138 17 28 45
139 17 55 45
140 17 62 45
141 17 65 45
142 17 69 45
143 17 73 45
144 18 19 45
145 18 29 45
146 18 56 45
147 18 64 45
148 18 70 45
149 18 86 45
150 19 21 45
151 19 53 45
152 19 54 45
153 19 61 45
154 19 65 45
155 19 83 45
156 19 87 45
157 19 89 45
158 20 41 45
159 20 44 45
160 20 46 45
161 20 50 45
162 20 60 45
163 20 70 45
164 20 71 45
165 20 72 45
166 20 78 45
167 21 44 45
168 21 65 45
169 21 77 45
170 21 84 45
171 22 32 45
172 22 40 45
173 22 51 45
174 22 58 45
175 22 60 45
176 22 64 45
177 22 65 45
178 22 76 45
179 22 80 45
180 22 88 45
181 23 24 45
182 23 67 45
183 23 70 45
184 23 84 45
185 24 29 45
186 24 34 45
187 24 40 45
188 24 51 45
189 24 52 45
190 24 57 45
191 24 82 45
192 24 88 45
193 25 39 45
194 25 45 45
195 25 47 45
196 25 57 45
197 25 58 45
198 25 66 45
199 25 67 45
200 25 71 45
201 25 77 45
202 25 81 45
203 25 84 45
204 26 48 45
205 26 79 45
206 27 32 45
207 27 44 45
208 27 45 45
209 27 55 45
210 27 68 45
211 27 73 45
212 27 85 45
213 28 44 45
214 28 53 45
215 28 66 45
216 28 70 45
217 28 83 45
218 28 89 45
219 29 42 45
220 29 56 45
221 29 65 45
222 29 72 45
223 29 73 45
224 30 65 45
225 30 80 45
226 30 89 45
227 31 37 45
228 31 79 45
229 32 65 45
230 32 69 45
231 32 73 45
232 32 82 45
233 32 85 45
234 33 44 45
235 33 69 45
236 33 71 45
237 33 74 45
238 33 83 45
239 34 46 45
240 34 68 45
241 34 79 45
242 34 85 45
243 34 86 45
244 35 53 45
245 35 73 45
246 36 64 45
247 36 66 45
248 36 68 45
249 37 45 45
250 37 53 45
251 37 59 45
252 37 62 45
253 37 81 45
254 38 57 45
255 38 64 45
256 38 86 45
257 39 41 45
258 39 42 45
259 39 58 45
260 39 71 45
261 39 74 45
262 40 42 45
263 40 48 45
264 40 49 45
265 40 60 45
266 40 62 45
267 40 75 45
268 40 79 45
269 40 80 45
270 41 42 45
271 41 53 45
272 41 68 45
273 41 80 45
274 41 81 45
275 41 83 45
276 42 48 45
277 42 62 45
278 42 72 45
279 42 88 45
280 42 89 45
281 43 53 45
282 43 65 45
283 43 84 45
284 43 89 45
285 44 58 45
286 44 59 45
287 44 61 45
288 44 83 45
289 45 63 45
290 45 75 45
291 46 47 45
292 46 54 45
293 46 80 45
294 47 49 45
295 47 52 45
296 47 74 45
297 47 89 45
298 48 80 45
299 48 84 45
300 49 53 45
301 49 62 45
302 50 51 45
303 50 66 45
304 51 58 45
305 51 67 45
306 51 69 45
307 51 76 45
308 51 85 45
309 52 60 45
310 52 61 45
311 52 62 45
312 52 63 45
313 52 71 45
314 52 76 45
315 53 57 45
316 53 66 45
317 53 77 45
318 53 78 45
319 54 66 45
320 54 74 45
321 55 57 45
322 55 58 45
323 55 59 45
324 55 76 45
325 56 58 45
326 56 65 45
327 56 74 45
328 56 82 45
329 57 59 45
330 57 73 45
331 58 73 45
332 58 85 45
333 59 86 45
334 60 66 45
335 60 80 45
336 61 67 45
337 61 68 45
338 61 89 45
339 62 73 45
340 63 73 45
341 63 76 45
342 63 87 45
343 64 83 45
344 64 85 45
345 65 77 45
346 65 87 45
347 66 82 45
348 66 87 45
349 67 81 45
350 68 72 45
351 69 76 45
352 69 81 45
353 70 72 45
354 70 88 45
355 71 77 45
356 71 79 45
357 73 88 45
358 76 89 45
359 77 78 45
360 77 81 45
361 77 84 45
362 80 83 45
363 80 88 45
364 82 89 45
365 84 86 45
366 88 89 45
0 79 53 10
1 41 17 13
2 57 10 13
3 75 58 13
4 70 9 14
5 63 49 13
6 87 28 10
7 38 70 10
8 19 33 13
9 75 47 13
10 5 41 15
11 2 88 11
12 5 50 12
13 8 40 13
14 17 3 11
15 32 82 15
16 14 79 10
17 44 27 13
18 19 55 11
19 75 49 11
20 71 41 15
21 55 76 10
22 46 82 11
23 48 19 12
24 52 87 13
25 47 36 14
26 13 75 10
27 13 82 10
28 61 6 13
29 68 16 15
30 13 61 13
31 34 30 15
32 88 75 14
33 55 4 13
34 59 45 11
35 33 59 15
36 89 46 10
37 61 83 10
38 22 78 13
39 84 21 12
40 69 60 10
41 31 17 15
42 22 65 13
43 45 32 11
44 83 66 14
45 3 2 12
46 50 59 12
47 8 66 11
48 82 72 12
49 85 26 10
50 41 4 12
51 34 69 11
52 72 8 13
53 24 5 10
54 71 50 15
55 41 86 13
56 69 59 14
57 62 6 12
58 12 40 13
59 32 16 14
60 73 33 11
61 18 9 12
62 77 53 13
63 81 68 11
64 72 23 13
65 27 6 15
66 61 31 15
67 79 30 13
68 4 61 11
69 36 71 12
70 53 61 12
71 68 39 15
72 72 76 10
73 81 7 15
74 85 75 13
75 32 75 14
76 28 56 12
77 57 72 11
78 62 7 15
79 64 47 12
80 24 9 13
81 50 44 10
82 37 29 12
83 37 51 13
84 14 81 10
85 56 59 10
86 52 19 11
87 7 23 12
88 65 19 14
89 64 11 11
90 88 23 10
91 16 63 11
92 45 61 12
93 21 23 13
94 22 40 12
95 37 67 11
96 15 40 11
97 17 72 11
98 4 14 10
99 62 76 13
100 68 46 10
101 38 44 10
102 70 45 12
103 79 83 10
104 17 37 15
105 70 55 13
106 71 6 15
107 7 13 12
108 51 30 10
109 34 27 13
110 59 2 15
111 13 39 11
112 65 75 11
113 1 38 12
114 51 25 12
115 68 42 11
116 11 6 10
117 63 76 15
118 75 21 10
119 58 61 10
120 44 62 13
121 18 79 13
122 47 24 11
123 27 82 12
124 53 46 13
125 24 19 14
126 39 49 10
127 15 19 15
128 65 68 15
129 33 43 11
130 89 74 15
131 29 28 14
132 78 33 13
133 23 54 14
134 60 23 13
135 79 1 14
136 62 30 11
137 83 24 14
138 81 10 15
139 48 77 13
140 86 45 10
141 57 71 11
142 88 65 14
143 53 44 12
144 71 77 14
145 14 80 11
146 41 38 13
147 51 82 12
148 18 17 14
149 72 58 12
150 28 31 14
151 85 51 14
152 71 54 10
153 8 6 11
154 43 50 15
155 83 75 14
156 21 79 14
157 56 88 13
158 73 77 13
159 11 36 13
160 66 73 14
161 78 50 15
162 25 16 13
163 59 43 12
164 2 42 12
165 45 5 14
166 81 24 12
167 70 35 10
168 26 50 11
169 70 76 14
170 41 36 12
171 33 61 14
172 16 68 15
173 76 61 10
174 73 21 15
175 51 66 14
176 67 15 11
177 84 11 10
178 69 40 14
179 28 26 14
180 81 88 11
181 76 47 13
182 87 69 15
183 49 44 10
184 76 44 15
185 82 16 12
186 50 27 10
187 67 0 10
188 4 30 15
189 70 14 10
190 57 34 10
191 22 55 15
192 6 1 14
193 28 9 11
194 67 5 13
195 85 80 11
196 76 78 15
197 38 83 15
198 36 57 12
199 48 20 11
200 51 79 13
201 36 4 13
202 49 31 14
203 49 28 15
204 11 65 13
205 29 32 12
206 46 40 12
207 60 1 13
208 4 80 13
209 64 6 12
210 39 0 13
211 14 21 14
212 66 79 14
213 62 72 10
214 13 10 13
215 54 18 10
216 42 64 14
217 60 29 10
218 35 41 15
219 5 84 11
220 31 13 12
221 17 26 12
222 21 87 15
223 41 25 11
224 18 4 14
225 80 86 10
226 23 87 13
227 39 77 14
228 30 76 10
229 76 6 10
230 12 11 11
231 65 34 10
232 12 63 11
233 28 33 15
234 33 50 15
235 63 62 15
236 89 80 14
237 83 46 11
238 50 70 14
239 5 68 11
240 51 65 10
241 40 33 11
242 30 69 11
243 74 10 14
244 53 77 14
245 70 5 15
246 35 73 15
247 9 76 14
248 83 8 13
249 0 83 10
250 14 47 14
251 14 73 15
252 59 57 10
253 57 38 15
254 34 28 15
255 85 33 13
256 80 64 11
257 11 59 15
258 27 71 14
259 14 36 12
260 46 1 12
261 52 82 15
262 39 82 15
263 20 2 11
264 35 34 13
265 38 19 14
266 43 74 12
267 18 43 11
268 86 73 11
269 36 17 15
270 6 81 14
271 1 37 11
272 84 81 12
273 68 37 11
274 22 81 14
275 73 11 11
276 61 71 10
277 61 63 11
278 19 35 12
279 13 35 13
280 28 24 11
281 59 66 14
282 36 41 14
283 28 3 12
284 1 55 14
285 84 75 14
286 62 47 14
287 40 19 12
288 62 21 12
289 76 19 12
290 72 64 13
291 53 33 10
292 5 89 13
293 73 54 12
294 55 78 10
295 14 52 12
296 35 85 11
297 30 57 10
298 10 82 12
299 8 43 12
300 8 5 12
301 14 56 13
302 42 60 14
303 48 10 15
304 19 30 12
305 82 87 14
306 57 48 13
307 20 50 14
308 6 74 10
309 10 78 13
310 30 21 11
311 49 20 12
312 24 56 14
313 55 27 10
314 57 7 10
315 80 26 15
316 15 86 13
317 71 70 14
318 57 67 10
319 31 84 15
320 17 29 10
321 54 39 14
322 43 68 13
323 32 73 10
324 63 4 12
325 70 1 11
326 7 61 10
327 37 53 10
328 14 4 14
329 78 44 14
330 60 21 12
331 37 8 10
332 80 10 11
333 73 61 15
334 29 1 11
335 9 7 12
336 12 73 13
337 68 10 12
338 54 74 15
339 14 1 13
340 49 33 11
341 18 51 11
342 13 36 11
343 33 28 14
344 18 81 11
345 32 35 11
346 73 42 10
347 47 30 14
348 38 12 10
349 22 39 10
350 40 23 15
351 50 3 15
352 50 52 12
353 88 34 15
354 27 15 10
355 28 81 15
356 0 79 13
357 30 56 13
358 37 7 15
359 77 33 11
360 20 65 12
361 16 22 10
362 39 25 11
363 1 81 10
364 49 22 11
365 7 40 10
366 34 56 14
367 17 60 13
368 25 39 15
369 44 59 15
370 25 81 12
371 54 86 12
372 18 55 13
373 83 85 12
374 79 76 14
375 66 31 12
376 11 79 14
377 15 57 13
378 31 59 13
379 51 1 13
380 21 47 14
381 26 58 13
382 20 36 12
383 57 36 12
384 15 44 11
385 78 48 13
386 4 67 13
387 5 39 14
388 76 73 12
389 0 81 10
390 71 46 10
391 37 74 13
392 69 58 11
393 50 69 15
394 89 77 12
395 40 48 10
396 66 77 15
397 8 30 12
398 79 25 15
399 11 48 13
400 47 41 15
401 3 82 11
402 84 13 10
403 78 25 14
404 69 65 11
405 79 46 13
406 24 58 14
407 51 62 14
408 72 85 14
409 71 2 10
410 74 52 11
411 22 26 10
412 33 16 10
413 12 84 11
414 42 30 12
415 1 35 12
416 34 80 12
417 0 58 11
418 11 9 15
419 15 22 12
420 75 48 13
421 57 73 15
422 45 52 10
423 15 27 14
424 24 44 11
425 5 9 14
426 27 51 11
427 27 74 12
428 75 62 12
429 60 64 14
430 61 87 13
431 49 13 11
432 56 53 12
433 14 32 15
434 76 20 12
435 13 0 10
436 73 52 14
437 4 2 12
438 10 65 10
439 80 30 13
440 52 18 10
441 52 49 13
442 11 0 11
443 5 10 10
444 89 57 12
445 46 14 15
446 64 82 14
447 74 31 12
448 57 58 11
449 3 51 10
450 0 29 10
451 67 42 14
452 60 28 13
453 5 49 10
454 22 35 12
455 47 45 10
456 74 46 10
457 28 16 11
458 82 17 13
459 55 42 10
460 77 69 10
461 15 61 15
462 6 80 15
463 45 53 14
464 37 76 15
465 4 35 12
466 56 69 14
467 35 62 10
468 33 80 11
469 45 9 11
470 1 5 12
471 44 15 12
472 65 22 15
473 70 39 11
474 50 42 13
475 70 49 14
476 61 80 12
477 33 29 10
478 19 57 14
479 78 12 10
480 58 39 12
481 55 13 15
482 66 42 10
483 21 2 12
484 33 4 12
485 65 25 12
486 44 81 15
487 59 54 14
488 16 43 12
489 8 28 15
490 21 9 12
491 87 54 10
492 61 60 14
493 9 71 15
494 36 26 14
495 88 28 14
496 47 82 13
497 70 33 13
498 52 44 10
499 43 38 13
500 48 63 12
501 34 83 12
502 27 10 11
503 64 53 13
504 66 16 11
505 54 22 15
506 63 82 14
507 34 18 15
508 25 60 15
509 37 5 12
510 80 11 13
511 9 56 12
512 29 20 11
513 70 24 13
514 14 25 14
515 14 39 11
516 2 86 10
517 16 69 13
518 84 31 15
519 36 0 11
520 52 23 13
521 80 42 13
522 19 74 12
523 19 16 15
524 37 16 14
525 28 18 13
526 58 33 15
527 42 19 15
528 6 66 11
529 3 61 12
530 76 65 15
531 13 57 15
532 27 9 10
533 55 3 10
534 16 36 15
535 1 24 13
536 6 25 13
537 1 69 11
538 60 66 10
539 44 56 15
540 45 89 14
541 35 74 14
542 60 45 15
543 45 80 11
544 66 8 10
545 84 74 11
546 13 78 14
547 83 28 14
548 73 51 11
549 46 47 11
550 29 11 11
551 30 42 14
552 53 22 13
553 64 44 10
554 29 68 12
555 80 1 12
556 34 71 13
557 83 6 10
558 6 10 13
559 84 26 11
560 79 7 10
561 6 39 15
562 21 13 14
563 75 83 14
564 80 72 11
565 76 49 15
566 5 62 11
567 24 14 11
568 47 53 15
569 50 9 12
570 19 5 13
571 16 14 12
572 4 19 12
573 73 75 15
574 66 69 14
575 31 83 12
576 87 16 10
577 63 14 15
578 15 41 11
579 19 25 10
580 23 68 15
581 37 11 12
582 81 23 13
583 61 48 12
584 46 31 11
585 34 21 12
586 34 88 13
587 45 73 12
588 60 49 11
589 38 74 11
590 76 69 14
591 53 84 10
592 66 58 12
593 21 66 14
594 86 23 14
595 15 56 10
596 20 54 11
597 34 40 14
598 45 16 11
599 37 85 11
600 10 55 13
601 16 6 14
602 29 70 14
603 66 38 15
604 84 54 10
605 85 2 14
606 52 21 11
607 52 83 12
608 77 10 14
609 36 1 15
610 53 55 14
611 32 17 12
612 4 47 12
613 48 84 11
614 74 57 12
615 47 75 11
616 25 70 12
617 14 74 15
618 55 21 10
619 77 65 12
620 87 80 10
621 43 47 15
622 89 24 14
623 65 36 13
624 73 83 13
625 44 85 11
626 66 37 13
627 27 49 12
628 72 21 13
629 55 8 10
630 88 25 10
631 61 49 10
632 42 80 15
633 46 89 10
634 34 64 13
635 7 71 13
636 20 66 15
637 36 5 10
638 59 50 12
639 80 85 12
640 84 35 10
641 45 54 10
642 21 7 15
643 85 8 14
644 56 26 11
645 50 41 14
646 80 7 15
647 77 7 12
648 65 1 12
649 86 28 12
650 53 42 10
651 25 19 12
652 3 26 10
653 89 28 10
654 70 64 15
655 43 82 12
656 29 81 12
657 66 76 14
658 27 60 15
659 52 30 14
660 75 42 15
661 53 6 14
662 78 62 15
663 24 84 13
664 43 37 13
665 56 32 13
666 7 10 15
667 4 71 12
668 24 79 15
669 74 6 10
670 54 80 15
671 31 45 14
672 63 45 10
673 32 50 10
674 6 17 12
675 25 2 10
676 81 65 15
677 30 82 15
678 34 39 14
679 73 8 15
680 72 46 15
681 32 0 10
682 57 59 12
683 78 45 10
684 24 40 12
685 32 78 15
686 16 40 11
687 6 40 14
688 11 24 12
689 47 14 11
690 84 53 15
691 35 0 10
692 71 76 15
693 25 71 15
694 57 44 12
695 79 70 15
696 7 50 15
697 51 54 12
698 25 3 13
699 57 24 14
700 62 40 10
701 19 61 14
702 56 82 11
703 12 70 12
704 65 9 13
705 58 32 12
706 40 67 12
707 71 75 10
708 10 53 13
709 30 83 12
710 89 63 12
711 22 23 10
712 74 77 10
713 36 25 10
714 45 0 15
715 73 56 10
716 61 13 15
717 5 19 15
718 82 27 12
719 77 22 12
720 5 78 15
721 51 10 14
722 29 2 11
723 65 53 11
724 70 74 14
725 15 71 14
726 78 77 11
727 20 69 12
728 5 7 13
729 65 17 13
730 85 81 14
731 26 9 15
732 27 21 12
733 12 7 15
734 6 87 11
735 16 44 14
736 88 12 13
737 28 27 15
738 27 38 11
739 81 14 10
740 47 69 15
741 76 13 10
742 78 68 11
743 15 5 11
744 45 19 13
745 2 25 12
746 32 8 14
747 81 35 12
748 7 38 11
749 65 0 13
750 45 34 15
751 4 42 15
752 81 46 15
753 80 40 14
754 48 38 12
755 40 18 13
756 36 50 12
757 3 60 11
758 26 11 15
759 31 34 10
760 83 55 11
761 71 65 12
762 35 68 11
763 47 62 12
764 28 89 10
765 0 67 10
766 6 20 13
767 16 29 15
768 29 26 11
769 79 52 10
770 75 31 10
771 1 16 10
772 57 78 10
773 49 37 13
774 26 77 15
775 69 87 10
776 60 33 12
777 9 11 13
778 5 59 11
779 30 3 15
780 69 76 12
781 51 55 11
782 79 65 10
783 75 76 13
784 65 66 11
785 44 65 15
786 35 24 12
787 81 11 13
788 55 43 10
789 31 55 10
790 21 76 10
791 77 27 10
792 44 86 10
793 19 59 10
794 77 67 10
795 7 74 14
796 33 52 12
797 17 38 15
798 67 71 11
799 54 45 11
800 25 35 11
801 7 39 10
802 86 18 14
803 47 49 14
804 10 1 11
805 47 20 12
806 85 13 12
807 36 37 13
808 79 73 12
809 66 9 15
810 88 0 10
811 67 26 14
812 12 8 13
813 24 34 13
814 1 15 13
815 46 32 10
816 67 30 15
817 81 86 14
818 34 16 14
819 87 86 11
820 80 53 11
821 12 60 15
822 11 72 13
823 27 1 10
824 8 12 10
825 5 79 12
826 85 76 14
827 73 78 10
828 85 42 13
829 60 77 15
830 70 42 14
831 52 33 15
832 63 79 13
833 15 68 12
834 6 34 11
835 82 12 10
836 53 26 11
837 35 84 10
838 15 55 13
839 31 27 10
840 29 76 11
841 28 60 11
842 51 9 13
843 73 69 12
844 33 81 14
845 64 25 12
846 69 62 12
847 83 34 14
848 43 25 10
849 17 34 10
850 63 47 14
851 13 87 13
852 37 71 15
853 86 78 13
854 81 3 12
855 55 89 12
856 2 6 10
857 35 75 10
858 25 31 13
859 6 72 15
860 34 59 11
861 50 17 10
862 49 30 10
863 43 59 13
864 53 11 12
865 59 36 11
866 44 41 15
867 13 28 13
868 32 76 11
869 80 2 10
870 49 79 15
871 36 47 11
872 72 80 13
873 20 39 15
874 30 37 15
875 62 4 10
876 39 78 11
877 12 6 11
878 48 78 13
879 39 85 11
880 64 79 10
881 49 50 14
882 4 34 13
883 30 80 13
884 7 32 12
885 78 59 14
886 55 83 14
887 63 58 15
888 56 49 10
889 52 62 15
890 0 2 15
891 11 22 15
892 70 2 10
893 18 38 11
894 8 71 10
895 4 1 14
896 64 20 15
897 82 46 15
898 27 39 11
899 51 43 14
900 1 22 14
901 15 82 13
902 23 85 11
903 49 42 14
904 42 54 13
905 89 79 14
906 61 8 12
907 85 87 13
908 65 47 13
909 34 73 12
910 43 20 14
911 69 81 11
912 40 6 14
913 80 50 13
914 66 5 15
915 72 19 11
916 59 24 12
917 44 68 13
918 74 60 13
919 65 78 14
920 56 19 12
921 52 74 11
922 85 89 13
923 38 52 14
924 84 48 11
925 74 64 12
926 81 4 12
927 40 26 13
928 23 64 12
929 67 27 14
930 30 85 10
931 0 31 15
932 50 5 13
933 85 25 15
934 62 59 10
935 43 6 13
936 9 31 15
937 67 6 13
938 34 76 10
939 6 23 14
940 67 80 10
941 63 25 11
942 69 29 15
943 6 36 10
944 37 63 14
945 38 11 13
946 14 19 11
947 52 47 11
948 69 79 11
949 78 24 11
950 85 41 13
951 40 57 12
952 37 47 14
953 20 45 15
954 82 58 12
955 21 28 13
956 57 23 10
957 33 30 14
958 27 35 12
959 26 2 11
960 78 81 12
961 13 73 12
962 49 68 13
963 67 59 15
964 14 30 14
965 44 3 11
966 86 66 12
967 25 54 13
968 45 66 15
969 9 78 15
970 31 21 15
971 0 77 13
972 55 58 15
973 23 12 13
974 21 40 15
975 55 70 12
976 57 68 14
977 32 26 12
978 58 42 14
979 70 6 14
980 83 54 10
981 4 40 15
982 59 19 13
983 83 89 12
984 18 64 15
985 10 41 14
986 38 29 14
987 15 2 12
988 10 0 13
989 46 53 15
990 48 80 13
991 31 66 15
992 17 21 13
993 42 45 15
994 84 77 11
995 26 13 11
996 78 82 14
997 31 15 15
998 45 22 11
999 1 84 10
1000 43 10 13
1001 52 81 12
1002 18 26 12
1003 29 8 14
1004 35 48 12
1005 58 37 14
1006 78 66 10
1007 53 37 15
1008 65 38 13
1009 23 34 15
1010 15 37 11
1011 42 55 10
1012 30 32 10
1013 8 35 13
1014 23 45 14
1015 42 35 10
1016 19 64 10
1017 86 77 12
1018 1 43 15
1019 40 27 12
1020 7 83 10
1021 75 39 13
1022 58 36 14
1023 2 35 10
1024 11 38 12
1025 58 47 11
1026 28 75 12
1027 86 8 12
1028 34 54 10
1029 53 59 14
1030 3 69 11
1031 11 23 12
1032 45 25 15
1033 0 62 15
1034 19 22 14
1035 73 46 12
1036 18 8 12
1037 57 21 15
1038 29 12 12
1039 74 56 15
1040 43 46 12
1041 72 53 14
1042 33 15 11
1043 70 72 15
1044 16 67 14
1045 71 59 12
1046 49 75 15
1047 78 1 14
1048 40 50 14
1049 19 68 15
1050 24 43 11
1051 64 57 13
1052 85 61 12
1053 48 55 13
1054 12 47 15
1055 69 34 10
1056 59 12 12
1057 59 78 13
1058 10 76 15
1059 76 0 13
1060 50 46 10
1061 47 18 10
1062 27 42 10
1063 64 28 13
1064 67 52 10
1065 55 60 14
1066 75 53 12
1067 10 15 11
1068 46 84 14
1069 80 81 14
1070 21 84 13
1071 87 0 10
1072 82 48 14
1073 71 19 10
1074 19 36 12
1075 3 56 13
1076 23 37 14
1077 51 34 12
1078 73 87 14
1079 69 13 12
1080 75 86 12
1081 12 81 13
1082 61 34 11
1083 36 6 11
1084 63 7 11
1085 2 53 11
1086 34 66 11
1087 39 65 13
1088 24 33 10
1089 46 20 10
1090 26 71 15
1091 81 39 10
1092 82 56 10
1093 32 38 14
1094 45 79 10
1095 59 8 11
1096 71 32 12
1097 50 66 12
1098 46 70 13
1099 11 55 11
1100 35 64 12
1101 28 70 14
1102 79 27 15
1103 29 88 10
1104 83 32 12
1105 72 69 10
1106 66 89 14
1107 40 66 10
1108 18 27 15
1109 86 80 15
1110 50 58 11
1111 75 59 14
1112 49 3 10
1113 67 53 15
1114 62 67 10
1115 37 73 14
1116 4 27 11
1117 20 87 13
1118 25 13 11
1119 82 13 15
1120 59 56 13
1121 76 67 11
1122 85 52 13
1123 85 15 11
1124 73 2 14
1125 85 7 14
1126 41 32 11
1127 35 5 10
1128 22 61 11
1129 11 47 12
1130 19 11 11
1131 45 65 14
1132 59 6 13
1133 41 59 10
1134 23 86 12
1135 34 46 11
1136 37 66 10
1137 70 47 12
1138 68 6 15
1139 46 87 10
1140 6 79 14
1141 43 11 13
1142 1 40 11
1143 73 31 12
1144 32 15 10
1145 58 28 13
1146 19 6 14
1147 65 16 11
1148 45 57 12
1149 49 40 15
1150 35 81 12
1151 55 25 15
1152 33 37 15
1153 50 65 10
1154 20 30 12
1155 3 62 10
1156 23 52 15
1157 56 17 15
1158 54 5 10
1159 64 68 10
1160 30 67 10
1161 37 40 14
1162 1 77 13
1163 1 58 15
1164 67 18 12
1165 70 88 10
1166 37 36 10
1167 9 15 13
1168 33 72 13
1169 32 80 14
1170 35 83 14
1171 74 85 13
1172 85 5 14
1173 53 38 14
1174 48 41 12
1175 47 79 10
1176 7 2 15
1177 85 64 10
1178 62 31 12
1179 5 11 12
1180 83 27 12
1181 67 36 11
1182 74 87 15
1183 71 8 12
1184 71 74 13
1185 67 28 14
1186 3 78 10
1187 74 3 13
1188 14 57 10
1189 16 76 10
1190 4 86 10
1191 17 61 14
1192 14 11 14
1193 13 38 14
1194 59 62 11
1195 44 54 15
1196 63 9 14
1197 37 77 15
1198 43 52 14
1199 23 10 15
1200 0 52 14
1201 6 68 14
1202 38 3 11
1203 69 63 12
1204 26 86 12
1205 73 48 13
1206 86 40 12
1207 49 57 14
1208 45 28 14
1209 26 56 13
1210 76 16 15
1211 72 42 13
1212 41 57 14
1213 49 0 11
1214 71 69 12
1215 47 89 11
1216 75 89 14
1217 2 5 11
1218 8 37 10
1219 18 16 12
1220 71 0 12
1221 85 65 12
1222 14 0 12
1223 46 74 13
1224 62 17 15
1225 66 61 14
1226 33 9 14
1227 46 49 13
1228 87 67 14
1229 51 27 11
1230 13 49 11
1231 17 53 12
1232 82 62 11
1233 32 87 11
1234 65 6 13
1235 56 36 12
1236 42 5 12
1237 86 57 14
1238 36 39 15
1239 12 44 10
1240 89 62 14
1241 86 42 14
1242 49 16 12
1243 22 71 13
1244 11 54 14
1245 88 37 12
1246 32 21 15
1247 81 32 14
1248 71 61 14
1249 53 30 12
1250 62 66 12
1251 49 8 10
1252 25 67 12
1253 40 11 15
1254 24 0 15
1255 17 77 15
1256 78 73 10
1257 26 89 15
1258 77 46 13
1259 20 44 10
1260 44 63 12
1261 81 18 10
1262 61 33 11
1263 54 84 13
1264 35 49 13
1265 54 29 13
1266 50 4 13
1267 49 2 13
1268 89 78 12
1269 17 7 15
1270 17 19 15
1271 23 83 12
1272 68 67 12
1273 16 80 11
1274 71 35 10
1275 48 36 14
1276 70 83 12
1277 61 81 12
1278 3 14 14
1279 52 66 10
1280 88 8 10
1281 29 41 13
1282 86 10 12
1283 76 80 15
1284 32 77 11
1285 24 51 10
1286 15 83 13
1287 58 62 12
1288 27 34 15
1289 12 13 13
1290 5 18 13
1291 31 42 15
1292 44 73 13
1293 31 19 15
1294 64 50 14
1295 60 83 13
1296 40 7 11
1297 24 76 14
1298 14 18 10
1299 51 85 10
1300 86 43 12
1301 77 66 14
1302 23 67 11
1303 58 59 12
1304 23 19 11
1305 44 48 12
1306 44 10 15
1307 40 15 14
1308 18 63 15
1309 42 88 12
1310 12 0 13
1311 62 45 14
1312 67 29 12
1313 48 18 12
1314 88 68 10
1315 37 14 14
1316 9 8 10
1317 51 64 14
1318 0 23 14
1319 14 22 12
1320 74 45 12
1321 21 46 10
1322 31 38 12
1323 17 54 15
1324 16 2 12
1325 63 11 15
1326 36 68 14
1327 4 65 10
1328 32 74 12
1329 58 75 12
1330 25 38 11
1331 30 6 13
1332 50 54 13
1333 5 35 12
1334 19 29 13
1335 73 17 11
1336 68 20 11
1337 1 23 12
1338 68 7 11
1339 71 79 12
1340 54 70 11
1341 3 42 11
1342 60 68 14
1343 39 2 14
1344 67 54 13
1345 64 14 14
1346 68 49 12
1347 88 66 13
1348 55 40 14
1349 25 46 11
1350 46 61 15
1351 12 20 10
1352 82 19 11
1353 85 62 10
1354 15 12 14
1355 17 82 15
1356 28 43 13
1357 30 62 15
1358 26 76 11
1359 23 47 15
1360 4 9 14
1361 22 20 13
1362 84 12 14
1363 54 60 15
1364 1 28 10
1365 1 41 11
1366 63 15 14
1367 4 75 14
1368 18 2 12
1369 86 63 12
1370 19 67 12
1371 57 76 12
1372 31 28 10
1373 46 80 11
1374 10 51 13
1375 32 36 12
1376 59 86 12
1377 23 9 13
1378 66 63 14
1379 29 3 10
1380 44 60 12
1381 21 42 13
1382 47 87 14
1383 24 48 12
1384 77 87 11
1385 50 51 14
1386 9 1 13
1387 83 29 10
1388 2 61 15
1389 21 12 14
1390 21 50 15
1391 44 31 15
1392 42 29 14
1393 20 14 14
1394 13 3 14
1395 71 52 12
1396 17 79 12
1397 85 29 11
1398 10 33 13
1399 39 14 10
1400 78 63 15
1401 47 66 13
1402 62 85 15
1403 88 55 15
1404 75 67 13
1405 73 50 10
1406 71 57 10
1407 78 75 14
1408 26 46 12
1409 89 20 13
1410 54 16 14
1411 59 81 13
1412 4 62 13
1413 16 30 15
1414 4 85 14
1415 54 55 14
1416 37 13 13
1417 23 4 11
1418 14 45 14
1419 15 42 13
1420 39 24 10
1421 45 77 13
1422 14 49 10
1423 46 3 12
1424 87 3 11
1425 42 11 14
1426 26 65 15
1427 51 5 12
1428 2 71 10
1429 72 71 11
1430 21 83 11
1431 69 31 11
1432 71 81 15
1433 85 1 10
1434 51 40 12
1435 49 38 11
1436 35 40 14
1437 8 76 13
1438 72 51 10
1439 18 37 11
1440 84 16 15
1441 12 51 13
1442 30 31 13
1443 52 5 12
1444 24 66 14
1445 35 32 12
1446 21 37 14
1447 83 2 15
1448 41 37 15
1449 20 26 13
1450 11 45 11
1451 47 59 14
1452 43 29 14
1453 89 38 15
1454 43 83 12
1455 77 16 14
1456 80 13 15
1457 41 89 15
1458 13 40 12
1459 60 30 13
1460 46 24 10
1461 73 30 11
1462 51 48 12
1463 18 85 10
1464 30 40 12
1465 51 11 11
1466 39 30 14
1467 12 26 11
1468 20 47 15
1469 89 3 10
1470 13 7 10
1471 37 87 12
1472 39 61 14
1473 30 54 12
1474 28 59 12
1475 65 18 15
1476 51 17 11
1477 18 72 15
1478 89 12 14
1479 64 78 10
1480 25 45 14
1481 9 18 12
1482 56 0 12
1483 24 12 15
1484 18 32 10
1485 16 81 10
1486 36 7 14
1487 74 12 15
1488 36 75 15
1489 33 11 13
1490 13 2 15
1491 10 77 10
1492 40 36 10
1493 21 19 12
1494 69 7 13
1495 32 22 10
1496 39 88 14
1497 70 54 11
1498 26 85 11
1499 55 65 11
1500 7 3 13
1501 24 68 15
1502 14 31 13
1503 11 10 15
1504 44 5 15
1505 51 39 13
1506 45 48 15
1507 86 50 10
1508 24 78 13
1509 9 10 10
1510 61 50 15
1511 33 58 11
1512 37 4 15
1513 12 86 14
1514 51 12 12
1515 89 68 15
1516 40 34 13
1517 4 6 14
1518 64 37 13
1519 40 0 11
1520 16 3 13
1521 62 22 13
1522 11 42 13
1523 78 29 15
1524 31 14 15
1525 36 56 13
1526 67 35 13
1527 29 69 14
1528 29 37 14
1529 53 83 11
1530 9 67 14
1531 37 39 12
1532 88 87 10
1533 88 20 12
1534 19 71 12
1535 28 14 11
1536 72 47 12
1537 29 15 11
1538 47 22 14
1539 39 57 11
1540 81 25 14
1541 2 1 13
1542 65 86 11
1543 41 21 12
1544 32 23 11
1545 11 83 10
1546 26 23 13
1547 61 26 12
1548 17 15 13
1549 55 74 13
1550 72 61 10
1551 77 78 15
1552 71 82 12
1553 46 21 11
1554 87 68 12
1555 85 46 12
1556 38 20 15
1557 0 44 14
1558 29 80 10
1559 64 9 15
1560 66 29 11
1561 66 15 12
1562 73 41 13
1563 57 54 15
1564 72 70 13
1565 51 4 12
1566 77 11 15
1567 63 17 14
1568 70 18 12
1569 54 25 12
1570 71 85 12
1571 27 18 10
1572 7 79 14
1573 42 44 13
1574 41 61 13
1575 69 1 10
1576 63 68 11
1577 76 81 11
1578 54 64 14
1579 47 10 12
1580 44 80 10
1581 75 50 12
1582 56 84 14
1583 9 52 15
1584 78 14 13
1585 19 24 10
1586 32 89 10
1587 42 31 12
1588 38 66 10
1589 24 60 10
1590 65 74 15
1591 83 22 10
1592 2 43 14
1593 21 6 14
1594 30 44 13
1595 8 67 10
1596 36 52 14
1597 84 43 15
1598 81 5 13
1599 8 38 10
1600 47 64 10
1601 32 53 12
1602 58 16 10
1603 57 18 14
1604 68 33 11
1605 42 79 13
1606 79 85 10
1607 24 47 13
1608 44 14 10
1609 53 76 14
1610 64 54 10
1611 3 29 10
1612 86 3 12
1613 77 86 12
1614 31 22 12
1615 89 1 14
1616 86 46 14
1617 3 33 15
1618 17 48 13
1619 49 71 11
1620 38 75 12
1621 58 34 13
1622 79 23 12
1623 78 56 13
1624 72 16 12
1625 41 67 12
1626 7 26 12
1627 18 52 11
1628 9 21 10
1629 60 70 12
1630 60 14 10
1631 11 40 11
1632 78 11 11
1633 7 33 10
1634 57 50 11
1635 9 43 14
1636 2 39 12
1637 10 30 11
1638 15 11 11
1639 58 13 14
1640 87 31 12
1641 70 84 11
1642 48 30 13
1643 63 80 13
1644 2 56 14
1645 34 8 12
1646 16 66 11
1647 33 68 14
1648 30 11 12
1649 35 87 13
1650 68 23 15
1651 87 7 12
1652 2 10 14
1653 62 78 12
1654 1 86 10
1655 81 52 12
1656 79 47 11
1657 32 60 14
1658 44 88 13
1659 49 41 10
1660 27 77 13
1661 6 12 11
1662 12 28 11
1663 11 3 13
1664 28 21 12
1665 58 17 13
1666 88 14 11
1667 81 16 12
1668 51 29 14
1669 39 67 12
1670 10 71 12
1671 55 79 11
1672 18 68 15
1673 46 0 10
1674 33 55 14
1675 78 58 13
1676 27 44 11
1677 87 53 15
1678 65 54 15
1679 76 53 10
1680 56 80 10
1681 23 60 13
1682 2 57 15
1683 21 32 14
1684 27 40 10
1685 0 13 10
1686 30 86 13
1687 59 42 13
1688 47 67 13
1689 85 79 15
1690 40 75 15
1691 35 51 13
1692 89 26 14
1693 82 86 12
1694 23 22 10
1695 54 51 12
1696 46 71 10
1697 59 11 14
1698 7 52 12
1699 42 59 15
1700 6 5 11
1701 35 50 11
1702 48 64 10
1703 46 9 10
1704 80 74 12
1705 58 19 12
1706 37 65 13
1707 15 21 13
1708 43 28 10
1709 36 88 15
1710 0 88 10
1711 4 23 11
1712 60 54 13
1713 27 55 10
1714 56 8 11
1715 49 36 12
1716 43 77 15
1717 22 31 13
1718 32 72 14
1719 62 75 14
1720 46 10 11
1721 38 51 10
1722 21 43 12
1723 77 40 15
1724 23 31 10
1725 14 34 11
1726 4 24 12
1727 12 71 11
1728 60 26 11
1729 79 13 14
1730 32 83 15
1731 2 55 10
1732 82 2 12
1733 67 46 12
1734 65 61 12
1735 26 75 10
1736 3 20 15
1737 7 64 15
1738 77 13 12
1739 7 75 13
1740 48 35 11
1741 39 72 12
1742 9 69 11
1743 60 41 12
1744 88 27 10
1745 59 14 12
1746 57 39 13
1747 81 13 12
1748 59 35 14
1749 75 51 15
1750 21 27 13
1751 50 10 15
1752 9 58 13
1753 9 34 13
1754 1 21 13
1755 78 87 15
1756 33 82 10
1757 67 84 13
1758 9 12 10
1759 34 57 15
1760 70 78 10
1761 32 85 13
1762 44 30 15
1763 10 79 15
1764 22 32 10
1765 0 11 15
1766 17 6 11
1767 74 81 12
1768 45 39 14
1769 15 58 11
1770 51 61 15
1771 29 9 15
1772 18 73 11
1773 32 58 11
1774 60 32 12
1775 81 83 13
1776 7 18 15
1777 53 60 10
1778 39 4 13
1779 19 3 15
1780 79 49 15
1781 25 8 13
1782 86 70 13
1783 32 70 14
1784 57 12 12
1785 31 76 13
1786 52 80 15
1787 0 73 14
1788 68 0 15
1789 2 3 10
1790 31 25 10
1791 24 37 14
1792 82 10 14
1793 77 6 10
1794 85 44 12
1795 2 40 13
1796 21 52 14
1797 84 41 14
1798 47 12 14
1799 62 41 11
1800 72 44 12
1801 57 53 14
1802 82 1 14
1803 34 11 12
1804 66 49 11
1805 47 73 10
1806 31 43 13
1807 88 74 10
1808 84 20 12
1809 30 73 15
1810 17 75 15
1811 33 23 15
1812 16 62 13
1813 41 8 15
1814 15 38 10
1815 20 5 10
1816 63 83 15
1817 24 15 15
1818 3 48 15
1819 48 61 13
1820 51 58 13
1821 14 59 10
1822 3 37 15
1823 31 32 15
1824 8 4 15
1825 50 16 14
1826 51 89 12
1827 25 10 13
1828 49 10 15
1829 86 12 12
1830 56 81 14
1831 39 32 14
1832 12 41 13
1833 35 16 13
1834 37 25 14
1835 85 54 14
1836 34 45 14
1837 13 44 10
1838 85 9 13
1839 11 31 10
1840 79 56 15
1841 9 73 12
1842 42 14 12
1843 48 23 11
1844 2 14 15
1845 80 27 13
1846 14 70 14
1847 24 18 13
1848 47 17 15
1849 52 64 12
1850 31 1 13
1851 5 12 15
1852 85 32 12
1853 54 72 10
1854 20 35 15
1855 53 35 15
1856 16 73 14
1857 58 9 15
1858 64 73 11
1859 76 33 13
1860 83 16 11
1861 42 21 15
1862 32 67 14
1863 5 61 15
1864 12 78 15
1865 38 18 14
1866 42 9 13
1867 65 49 11
1868 72 6 15
1869 66 14 12
1870 77 85 13
1871 82 24 11
1872 85 88 15
1873 24 87 10
1874 78 10 12
1875 75 33 11
1876 36 45 13
1877 16 75 14
1878 65 56 11
1879 51 2 13
1880 13 66 13
1881 2 76 13
1882 43 17 14
1883 16 78 10
1884 72 59 10
1885 81 27 14
1886 69 35 14
1887 32 30 12
1888 71 37 14
1889 63 84 15
1890 59 73 10
1891 45 6 14
1892 31 18 13
1893 9 50 13
1894 48 33 12
1895 52 68 13
1896 79 39 13
1897 59 89 14
1898 50 31 12
1899 4 45 14
1900 18 88 14
1901 4 78 15
1902 38 81 13
1903 66 26 11
1904 27 87 12
1905 74 36 13
1906 10 39 15
1907 45 43 11
1908 84 4 10
1909 6 73 14
1910 71 87 13
1911 33 56 14
1912 84 1 13
1913 56 87 12
1914 25 34 14
1915 56 44 15
1916 5 2 15
1917 22 72 14
1918 6 76 13
1919 41 43 14
1920 4 36 11
1921 8 87 13
1922 65 41 10
1923 63 19 10
1924 66 74 13
1925 82 64 14
1926 31 52 10
1927 55 38 12
1928 85 50 14
1929 85 28 14
1930 69 16 10
1931 15 76 14
1932 43 66 15
1933 66 20 12
1934 17 89 15
1935 56 83 14
1936 68 31 10
1937 61 46 11
1938 61 11 12
1939 21 20 13
1940 51 76 10
1941 35 28 11
1942 16 58 14
1943 66 43 12
1944 61 32 15
1945 75 16 13
1946 18 62 13
1947 57 26 10
1948 86 17 11
1949 30 13 13
1950 46 4 14
1951 57 47 12
1952 9 63 11
1953 9 86 13
1954 83 59 10
1955 65 70 14
1956 76 32 12
1957 22 27 10
1958 87 61 11
1959 12 79 10
1960 88 86 14
1961 53 67 11
1962 22 51 13
1963 2 34 12
1964 55 75 14
1965 27 37 14
1966 32 59 15
1967 16 26 10
1968 24 3 14
1969 42 78 11
1970 70 63 10
1971 62 55 14
1972 7 20 10
1973 25 32 13
1974 86 22 11
1975 31 11 11
1976 20 56 14
1977 7 65 10
1978 1 71 14
1979 64 59 15
1980 7 25 12
1981 35 39 14
1982 80 5 15
1983 59 60 11
1984 64 89 11
1985 37 44 11
1986 28 40 14
1987 51 70 15
1988 86 24 14
1989 73 1 12
1990 5 40 11
1991 48 47 13
1992 34 3 13
1993 0 1 14
1994 26 3 11
1995 59 39 10
1996 3 80 15
1997 55 82 11
1998 78 17 12
1999 76 35 14
2000 89 34 10
2001 29 82 11
2002 66 24 13
2003 84 59 12
2004 21 70 12
2005 21 67 12
2006 11 56 15
2007 63 46 13
2008 42 50 12
2009 68 66 15
2010 32 52 14
2011 88 15 14
2012 10 49 12
2013 30 48 14
2014 7 45 11
2015 32 41 13
2016 77 43 10
2017 56 5 13
2018 82 36 14
2019 46 19 15
2020 63 48 10
2021 17 23 15
2022 84 51 13
2023 54 88 12
2024 9 74 15
2025 59 55 11
2026 12 16 13
2027 40 61 10
2028 42 73 10
2029 81 62 13
2030 23 70 11
2031 25 17 11
2032 86 84 14
2033 30 45 13
2034 20 62 15
2035 72 10 14
2036 87 19 10
2037 51 0 12
2038 45 38 10
2039 77 55 15
2040 26 83 15
2041 7 8 10
2042 26 36 14
2043 21 53 12
2044 42 10 11
2045 68 82 13
2046 35 65 15
2047 9 82 14
2048 43 61 10
2049 39 51 11
2050 77 60 10
2051 77 1 11
2052 42 86 12
2053 21 80 14
2054 58 6 14
2055 51 42 10
2056 10 59 13
2057 19 62 11
2058 27 67 15
2059 26 21 14
2060 53 79 10
2061 12 67 14
2062 31 29 13
2063 44 70 14
2064 35 19 13
2065 65 30 14
2066 38 45 11
2067 60 51 13
2068 13 71 15
2069 7 11 11
2070 62 38 11
2071 46 68 13
2072 10 12 13
2073 63 12 12
2074 16 21 15
2075 57 46 12
2076 74 40 14
2077 57 40 13
2078 64 42 15
2079 3 52 13
2080 56 13 11
2081 34 78 12
2082 34 29 12
2083 33 18 10
2084 80 84 13
2085 2 73 13
2086 64 32 15
2087 86 65 11
2088 67 72 11
2089 73 23 15
2090 84 83 14
2091 8 11 11
2092 20 74 15
2093 27 69 11
2094 64 67 13
2095 57 62 14
2096 15 28 12
2097 1 29 12
2098 31 74 15
2099 43 3 15
2100 24 75 13
2101 67 65 13
2102 28 0 12
2103 3 59 12
2104 13 76 14
2105 30 12 15
2106 50 60 12
2107 52 86 11
2108 31 85 15
2109 6 31 12
2110 75 34 13
2111 59 5 11
2112 84 62 13
2113 71 1 15
2114 4 33 14
2115 68 26 12
2116 24 1 13
2117 79 3 11
2118 40 45 13
2119 34 9 13
2120 72 15 11
2121 71 78 14
2122 2 27 15
2123 27 8 10
2124 10 31 14
2125 52 20 14
2126 82 88 13
2127 21 77 11
2128 73 13 15
2129 21 22 13
2130 53 56 12
2131 47 44 11
2132 69 24 13
2133 83 26 15
2134 76 79 14
2135 63 86 15
2136 30 38 13
2137 68 79 11
2138 70 43 11
2139 14 88 12
2140 58 72 12
2141 77 73 11
2142 70 53 14
2143 27 70 11
2144 86 4 11
2145 71 47 15
2146 19 66 14
2147 47 78 15
2148 15 34 15
2149 43 65 12
2150 48 15 14
2151 62 65 10
2152 12 64 14
2153 19 75 10
2154 10 68 10
2155 32 4 13
2156 72 34 14
2157 8 0 10
2158 3 46 15
2159 63 61 11
2160 25 73 15
2161 12 35 10
2162 75 82 13
2163 9 75 14
2164 36 31 15
2165 89 23 11
2166 3 25 11
2167 46 38 12
2168 4 69 10
2169 31 63 11
2170 62 60 13
2171 31 12 10
2172 87 40 10
2173 13 88 15
2174 30 2 13
2175 60 76 10
2176 26 29 14
2177 32 29 15
2178 28 84 10
2179 66 36 13
2180 49 14 11
2181 49 87 11
2182 76 85 11
2183 57 64 14
2184 42 87 12
2185 62 84 13
2186 61 75 11
2187 64 16 14
2188 88 38 10
2189 66 81 14
2190 73 35 13
2191 74 41 14
2192 85 34 13
2193 15 26 13
2194 53 32 15
2195 24 52 14
2196 10 61 11
2197 0 40 11
2198 87 10 12
2199 63 71 15
2200 35 18 14
2201 87 81 14
2202 21 49 12
2203 83 77 13
2204 41 6 11
2205 1 8 14
2206 43 2 13
2207 43 85 14
2208 63 57 15
2209 14 33 11
2210 80 82 15
2211 55 72 15
2212 12 56 10
2213 41 77 15
2214 10 16 10
2215 36 48 12
2216 16 60 12
2217 8 27 15
2218 77 62 12
2219 53 51 14
2220 72 29 12
2221 76 7 12
2222 88 59 12
2223 20 0 13
2224 71 83 13
2225 84 8 11
2226 34 25 11
2227 81 71 10
2228 1 83 10
2229 55 2 13
2230 49 43 10
2231 3 27 13
2232 69 38 10
2233 51 75 13
2234 86 59 11
2235 31 82 10
2236 16 13 10
2237 48 39 11
2238 62 23 12
2239 8 51 10
2240 87 76 13
2241 62 10 13
2242 41 26 12
2243 35 30 12
2244 39 66 10
2245 41 62 10
2246 65 11 14
2247 63 66 10
2248 61 58 10
2249 77 61 13
2250 24 23 14
2251 19 26 13
2252 24 17 11
2253 36 19 15
2254 38 37 15
2255 31 23 12
2256 1 66 15
2257 17 66 11
2258 12 55 14
2259 19 86 13
2260 70 67 15
2261 22 60 10
2262 65 52 15
2263 5 20 10
2264 28 54 10
2265 64 5 13
2266 5 71 11
2267 60 34 15
2268 62 33 12
2269 67 75 14
2270 70 69 10
2271 48 71 15
2272 70 30 15
2273 39 64 15
2274 37 21 13
2275 2 37 10
2276 41 46 13
2277 44 61 13
2278 12 2 14
2279 66 30 12
2280 6 77 10
2281 32 45 15
2282 49 25 11
2283 41 23 13
2284 9 40 14
2285 70 23 13
2286 65 12 15
2287 82 54 11
2288 43 5 13
2289 48 70 10
2290 24 80 13
2291 6 21 13
2292 48 29 12
2293 82 26 13
2294 37 23 14
2295 32 63 13
2296 51 78 15
2297 32 40 14
2298 20 55 14
2299 59 29 10
2300 73 5 14
2301 80 41 11
2302 27 28 13
2303 32 42 12
2304 80 52 10
2305 46 23 11
2306 44 47 12
2307 13 74 15
2308 50 63 12
2309 62 63 13
2310 7 35 11
2311 1 2 15
2312 1 54 11
2313 15 89 14
2314 54 26 13
2315 56 70 14
2316 82 34 15
2317 35 72 12
2318 48 49 12
2319 46 59 10
2320 84 19 15
2321 52 84 14
2322 15 39 14
2323 87 1 12
2324 5 47 12
2325 13 19 13
2326 36 46 10
2327 88 46 13
2328 46 27 15
2329 67 37 13
2330 27 50 11
2331 87 79 13
2332 83 7 13
2333 15 29 12
2334 52 76 15
2335 78 37 11
2336 41 50 14
2337 45 88 15
2338 12 29 14
2339 38 59 12
2340 76 39 11
2341 58 71 13
2342 82 29 13
2343 8 85 12
2344 23 63 11
2345 28 7 15
2346 6 54 11
2347 61 56 11
2348 81 58 10
2349 8 80 11
2350 41 81 13
2351 75 35 13
2352 89 8 11
2353 55 62 11
2354 7 60 15
2355 26 31 10
2356 86 32 10
2357 0 54 14
2358 18 5 11
2359 2 74 10
2360 14 20 10
2361 64 69 12
2362 71 27 10
2363 50 85 11
2364 29 89 12
2365 25 48 14
2366 25 5 15
2367 17 85 12
2368 9 89 15
2369 68 55 12
2370 28 55 12
2371 0 25 10
2372 49 62 12
2373 76 12 14
2374 42 40 12
2375 83 39 15
2376 62 49 15
2377 55 28 14
2378 5 45 15
2379 55 44 11
2380 74 42 11
2381 50 24 12
2382 35 25 12
2383 59 44 13
2384 60 50 13
2385 0 28 10
2386 75 40 13
2387 56 62 11
2388 11 68 14
2389 18 34 13
2390 68 76 11
2391 7 49 14
2392 78 2 15
2393 25 66 10
2394 20 71 15
2395 69 23 14
2396 69 4 10
2397 23 39 10
2398 21 51 15
2399 4 26 12
2400 39 23 12
2401 81 80 15
2402 71 45 15
2403 79 40 14
2404 24 16 13
2405 34 38 13
2406 70 32 13
2407 3 79 13
2408 83 36 14
2409 89 52 15
2410 27 12 11
2411 88 84 14
2412 82 47 12
2413 21 57 14
2414 77 25 13
2415 50 23 12
2416 38 64 15
2417 85 82 10
2418 88 7 11
2419 10 58 15
2420 64 62 10
2421 36 11 14
2422 48 31 10
2423 58 64 10
2424 67 3 13
2425 43 75 13
2426 29 27 15
2427 67 11 12
2428 84 30 12
2429 84 76 13
2430 25 89 15
2431 26 44 15
2432 10 43 12
2433 11 44 15
2434 61 57 14
2435 21 81 12
2436 69 80 15
2437 3 73 11
2438 48 46 15
2439 80 83 11
2440 84 64 10
2441 34 36 14
2442 70 77 12
2443 43 57 14
2444 14 66 15
2445 7 42 11
2446 26 60 15
2447 71 40 15
2448 81 79 11
2449 42 83 13
2450 34 52 10
2451 1 46 13
2452 14 37 10
2453 5 34 14
2454 64 48 14
2455 74 51 12
2456 87 33 13
2457 64 35 15
2458 69 15 11
2459 10 75 13
2460 57 81 11
2461 80 77 13
2462 15 18 15
2463 48 27 13
2464 86 56 11
2465 61 25 10
2466 37 3 14
2467 82 63 10
2468 65 43 10
2469 58 51 13
2470 43 89 10
2471 84 85 13
2472 9 3 11
2473 62 81 13
2474 74 71 14
2475 43 30 11
2476 80 75 13
2477 11 78 11
2478 87 65 10
2479 65 31 13
2480 58 77 13
2481 89 14 11
2482 1 85 13
2483 72 62 10
2484 79 24 11
2485 13 34 10
2486 70 10 15
2487 69 37 11
2488 88 79 10
2489 36 2 11
2490 35 22 15
2491 83 11 12
2492 38 27 14
2493 85 72 11
2494 26 53 12
2495 89 56 14
2496 55 71 12
2497 55 32 14
2498 54 7 12
2499 22 13 13
2500 19 46 15
2501 35 4 10
2502 32 71 13
2503 12 18 13
2504 12 30 15
2505 76 3 12
2506 16 55 10
2507 56 63 10
2508 86 29 12
2509 26 66 15
2510 7 72 13
2511 37 82 13
2512 19 72 11
2513 38 1 12
2514 71 84 10
2515 56 30 13
2516 45 50 10
2517 82 57 15
2518 33 6 15
2519 61 88 12
2520 87 9 10
2521 46 45 11
2522 15 45 14
2523 41 3 15
2524 60 5 15
2525 79 20 14
2526 47 0 15
2527 66 53 13
2528 36 80 15
2529 73 86 15
2530 44 0 12
2531 39 21 10
2532 67 40 10
2533 49 18 13
2534 42 28 11
2535 48 42 13
2536 37 31 13
2537 72 32 15
2538 22 0 13
2539 18 41 12
2540 21 31 12
2541 88 72 11
2542 16 35 10
2543 50 64 14
2544 58 18 14
2545 0 3 13
2546 28 69 14
2547 79 41 10
2548 82 15 14
2549 0 85 12
2550 89 10 14
2551 26 10 15
2552 36 40 10
2553 11 80 12
2554 17 67 11
2555 40 64 12
2556 57 14 14
2557 81 47 13
2558 3 44 11
2559 65 46 15
2560 87 48 11
2561 43 41 15
2562 89 31 15
2563 53 48 13
2564 71 4 10
2565 78 83 15
2566 35 47 14
2567 18 12 11
2568 17 13 12
2569 47 51 15
2570 24 13 15
2571 33 85 10
2572 34 41 15
2573 55 64 12
2574 62 58 12
2575 55 20 13
2576 79 14 12
2577 82 74 11
2578 0 49 14
2579 61 51 13
2580 40 43 15
2581 12 10 10
2582 68 13 11
2583 68 77 11
2584 23 27 13
2585 37 81 12
2586 11 86 10
2587 69 55 12
2588 0 70 15
2589 85 6 13
2590 76 36 13
2591 52 14 11
2592 3 30 12
2593 80 22 10
2594 1 51 12
2595 60 17 15
2596 3 84 15
2597 68 60 13
2598 8 89 15
2599 20 11 11
2600 6 43 13
2601 85 11 12
2602 46 78 11
2603 25 61 11
2604 26 28 14
2605 36 55 14
2606 19 89 11
2607 64 43 13
2608 25 15 11
2609 47 57 11
2610 28 34 10
2611 40 24 11
2612 72 74 15
2613 2 72 11
2614 12 52 11
2615 9 60 13
2616 16 85 11
2617 1 11 10
2618 80 24 11
2619 65 28 10
2620 10 8 10
2621 59 37 13
2622 19 76 12
2623 36 54 15
2624 73 81 12
2625 62 89 10
2626 31 89 10
2627 30 35 14
2628 54 81 10
2629 51 80 15
2630 35 89 14
2631 27 14 11
2632 25 4 13
2633 64 60 14
2634 14 82 15
2635 10 86 10
2636 22 62 10
2637 12 17 11
2638 49 4 15
2639 53 88 10
2640 36 22 12
2641 40 70 13
2642 34 10 12
2643 23 28 10
2644 68 38 11
2645 25 29 11
2646 59 47 11
2647 39 63 12
2648 1 19 11
2649 1 45 12
2650 82 39 15
2651 39 18 14
2652 81 76 15
2653 8 7 15
2654 52 1 15
2655 15 35 10
2656 30 29 13
2657 63 54 14
2658 14 17 11
2659 24 25 10
2660 50 57 15
2661 1 50 11
2662 1 73 15
2663 67 49 13
2664 87 73 12
2665 10 37 11
2666 64 46 12
2667 63 87 13
2668 44 38 12
2669 71 15 15
2670 48 5 15
2671 56 11 13
2672 21 10 12
2673 52 24 14
2674 58 76 12
2675 7 37 10
2676 57 9 10
2677 18 60 15
2678 0 34 14
2679 86 34 10
2680 78 35 10
2681 15 30 13
2682 10 52 10
2683 58 40 14
2684 12 3 10
2685 2 8 11
2686 68 27 15
2687 56 4 11
2688 44 52 11
2689 4 18 15
2690 68 29 12
2691 51 16 15
2692 6 38 11
2693 64 74 15
2694 44 6 10
2695 8 49 12
2696 6 14 11
2697 18 84 11
2698 10 29 11
2699 49 88 10
