otherCase
0
1 1
2 2
3 3
4 4
5 5
6 6
7 7
8 8
9 9
10 10
11 11
1
0 0
2 2
3 3
4 4
5 5
6 6
7 7
8 8
9 9
10 10
11 11
2
0 0
1 1
3 3
4 4
5 5
6 6
7 7
8 8
9 9
10 10
11 11
3
0 0
1 1
2 2
4 4
5 5
6 6
7 7
8 8
9 9
10 10
11 11
4
0 0
1 1
2 2
3 3
5 5
6 6
7 7
8 8
9 9
10 10
11 11
5
0 0
1 1
2 2
3 3
4 4
6 6
7 7
8 8
9 9
10 10
11 11
6
0 0
1 1
2 2
3 3
4 4
5 5
7 7
8 8
9 9
10 10
11 11
7
0 0
1 1
2 2
3 3
4 4
5 5
6 6
8 8
9 9
10 10
11 11
8
0 0
1 1
2 2
3 3
4 4
5 5
6 6
7 7
9 9
10 10
11 11
9
0 0
1 1
2 2
3 3
4 4
5 5
6 6
7 7
8 8
10 10
11 11
10
0 0
1 1
2 2
3 3
4 4
5 5
6 6
7 7
8 8
9 9
11 11
11
0 0
1 1
2 2
3 3
4 4
5 5
6 6
7 7
8 8
9 9
10 10
18
2
0 2
3
6 10
4
4 2
6
3 11
7
5 4
10
4 1
12
8 5
14
9 4
15
1 9
16
5 11
17
9 8
18
6 9
21
10 11
26
11 4
27
2 3
29
9 11
30
6 8
32
9 10
155
