9 36 27 2
0 0 1 10
1 0 2 6
2 0 3 8
3 0 4 10
4 0 5 9
5 0 6 7
6 0 7 12
7 0 8 13
8 1 2 9
9 1 3 14
10 1 4 15
11 1 5 13
12 1 6 5
13 1 7 15
14 1 8 13
15 2 3 9
16 2 4 15
17 2 5 6
18 2 6 7
19 2 7 9
20 2 8 6
21 3 4 6
22 3 5 13
23 3 6 7
24 3 7 9
25 3 8 9
26 4 5 14
27 4 6 8
28 4 7 10
29 4 8 8
30 5 6 15
31 5 7 15
32 5 8 9
33 6 7 13
34 6 8 12
35 7 8 9
0 0 1 15
1 6 4 5
2 0 5 7
3 4 2 12
4 8 6 13
5 0 1 6
6 2 0 10
7 8 2 11
8 2 0 9
9 5 0 10
10 3 8 15
11 1 5 13
12 6 2 8
13 2 8 11
14 0 2 10
15 6 3 9
16 2 1 11
17 0 7 8
18 3 7 10
19 4 3 8
20 0 3 11
21 5 4 6
22 4 5 15
23 8 6 15
24 8 5 5
25 1 4 7
26 4 0 6
