21 29 210 2
0 0 2 12
1 0 8 12
2 0 17 12
3 0 18 12
4 0 20 12
5 1 12 12
6 1 13 12
7 2 9 12
8 2 17 12
9 3 4 12
10 3 8 12
11 3 14 12
12 4 15 12
13 5 6 12
14 5 9 12
15 5 18 12
16 7 9 12
17 7 14 12
18 7 17 12
19 7 18 12
20 7 20 12
21 8 10 12
22 9 17 12
23 9 18 12
24 10 16 12
25 11 15 12
26 12 20 12
27 14 16 12
28 14 19 12
0 18 11 6
1 5 19 4
2 6 20 3
3 17 8 4
4 10 9 5
5 18 8 3
6 4 13 3
7 8 4 4
8 7 4 5
9 7 12 6
10 4 18 5
11 20 13 6
12 14 2 3
13 12 16 5
14 11 14 6
15 10 18 3
16 2 14 5
17 2 17 6
18 6 13 4
19 15 8 5
20 9 10 4
21 18 15 5
22 1 20 3
23 20 14 3
24 3 5 6
25 14 0 6
26 6 4 5
27 5 8 3
28 20 11 5
29 2 11 4
30 1 12 5
31 7 13 3
32 3 0 4
33 15 2 4
34 18 7 6
35 0 20 5
36 3 13 4
37 2 3 3
38 10 11 5
39 4 12 4
40 20 4 3
41 16 18 3
42 19 5 6
43 11 6 4
44 13 19 6
45 6 2 3
46 4 3 6
47 11 13 5
48 4 7 5
49 20 2 4
50 17 19 5
51 0 9 4
52 16 19 4
53 12 9 3
54 7 15 6
55 3 7 6
56 20 19 3
57 16 0 5
58 10 4 6
59 18 13 5
60 17 5 6
61 2 0 3
62 0 8 4
63 9 16 6
64 13 12 3
65 20 17 4
66 8 2 5
67 2 16 4
68 4 17 5
69 12 18 3
70 9 13 4
71 1 7 3
72 13 3 6
73 19 20 3
74 9 5 3
75 0 4 3
76 5 15 5
77 16 20 5
78 5 11 4
79 8 3 3
80 10 13 5
81 16 2 5
82 18 2 6
83 14 16 5
84 1 15 4
85 11 5 5
86 3 18 3
87 7 16 3
88 1 0 4
89 11 12 4
90 5 1 6
91 7 10 4
92 13 10 5
93 2 18 5
94 3 16 3
95 5 7 3
96 12 2 6
97 9 20 5
98 9 18 5
99 19 7 6
100 11 18 6
101 6 17 4
102 4 0 6
103 0 7 5
104 20 0 5
105 0 12 5
106 3 6 4
107 13 15 3
108 4 8 3
109 16 13 5
110 18 3 4
111 20 12 3
112 18 20 3
113 13 4 4
114 9 8 5
115 12 10 5
116 14 8 4
117 2 6 4
118 5 14 6
119 3 17 5
120 6 14 5
121 3 2 4
122 9 19 3
123 6 10 4
124 2 7 5
125 1 9 5
126 5 0 6
127 14 17 4
128 3 14 3
129 0 1 4
130 4 6 6
131 11 2 5
132 4 2 5
133 3 1 6
134 1 5 6
135 12 15 3
136 12 13 4
137 8 14 4
138 1 19 4
139 20 9 6
140 13 17 6
141 1 2 5
142 12 4 6
143 6 16 4
144 11 15 6
145 16 10 6
146 8 5 3
147 10 19 4
148 16 11 4
149 5 3 4
150 7 8 3
151 7 18 6
152 18 10 5
153 18 0 5
154 6 15 5
155 0 16 6
156 0 10 4
157 4 10 4
158 10 1 3
159 3 10 5
160 5 13 6
161 20 10 4
162 11 7 4
163 9 4 4
164 0 18 6
165 18 1 4
166 19 10 4
167 20 18 3
168 15 4 5
169 11 10 4
170 8 6 4
171 12 14 6
172 15 12 5
173 17 12 3
174 15 18 4
175 2 1 5
176 2 10 4
177 12 5 3
178 17 2 5
179 15 0 6
180 20 5 6
181 7 3 3
182 17 15 4
183 1 11 3
184 13 2 5
185 15 6 3
186 0 6 4
187 2 15 3
188 9 12 6
189 14 1 5
190 14 20 5
191 17 13 4
192 17 1 6
193 15 9 3
194 12 1 4
195 5 20 4
196 1 13 3
197 13 6 4
198 19 8 5
199 2 20 6
200 17 10 5
201 16 14 3
202 19 18 6
203 4 20 3
204 3 9 5
205 13 8 6
206 20 15 6
207 8 12 4
208 7 1 6
209 8 11 3
