otherCase
0
1 18
2 18
3 14
4 18
5 18
6 11
7 14
8 14
9 18
10 11
11 11
12 14
13 11
14 14
15 11
16 14
17 11
18 18
19 11
20 11
21 11
22 18
23 11
24 14
1
0 18
2 4
3 18
4 4
5 18
6 4
7 18
8 18
9 9
10 18
11 18
12 18
13 4
14 18
15 18
16 18
17 4
18 18
19 4
20 18
21 4
22 4
23 4
24 18
2
0 18
1 4
3 18
4 4
5 18
6 4
7 18
8 18
9 4
10 18
11 18
12 18
13 4
14 18
15 18
16 18
17 4
18 18
19 4
20 18
21 4
22 4
23 4
24 18
3
0 12
1 12
2 12
4 12
5 12
6 20
7 12
8 20
9 12
10 20
11 20
12 12
13 20
14 12
15 20
16 20
17 20
18 12
19 12
20 20
21 20
22 12
23 20
24 20
4
0 1
1 1
2 2
3 1
5 22
6 19
7 1
8 1
9 1
10 19
11 1
12 1
13 19
14 1
15 1
16 1
17 22
18 1
19 19
20 1
21 22
22 22
23 22
24 1
5
0 18
1 18
2 18
3 15
4 22
6 22
7 15
8 15
9 18
10 15
11 15
12 18
13 15
14 18
15 15
16 15
17 22
18 18
19 22
20 15
21 22
22 22
23 22
24 15
6
0 10
1 19
2 19
3 10
4 19
5 22
7 10
8 10
9 19
10 10
11 10
12 10
13 13
14 10
15 10
16 10
17 10
18 10
19 19
20 10
21 10
22 22
23 10
24 10
7
0 14
1 14
2 14
3 8
4 14
5 8
6 8
8 8
9 14
10 8
11 14
12 14
13 8
14 14
15 8
16 8
17 8
18 14
19 8
20 8
21 8
22 8
23 8
24 24
8
0 14
1 14
2 14
3 20
4 14
5 20
6 20
7 7
9 14
10 20
11 14
12 14
13 20
14 14
15 20
16 16
17 20
18 14
19 20
20 20
21 20
22 20
23 20
24 24
9
0 1
1 1
2 1
3 1
4 1
5 1
6 1
7 1
8 1
10 1
11 1
12 1
13 1
14 1
15 1
16 1
17 1
18 1
19 1
20 1
21 1
22 1
23 1
24 1
10
0 11
1 15
2 15
3 15
4 6
5 15
6 6
7 11
8 15
9 15
11 11
12 15
13 13
14 11
15 15
16 15
17 23
18 15
19 6
20 15
21 23
22 6
23 23
24 15
11
0 0
1 0
2 0
3 15
4 0
5 15
6 10
7 0
8 0
9 0
10 10
12 0
13 10
14 0
15 15
16 0
17 10
18 0
19 10
20 15
21 10
22 10
23 10
24 0
12
0 14
1 18
2 18
3 3
4 18
5 18
6 18
7 14
8 14
9 18
10 18
11 14
13 18
14 14
15 18
16 14
17 18
18 18
19 18
20 20
21 18
22 18
23 18
24 14
13
0 10
1 19
2 19
3 10
4 19
5 6
6 6
7 10
8 10
9 19
10 10
11 10
12 10
14 10
15 10
16 10
17 10
18 10
19 19
20 10
21 10
22 6
23 10
24 10
14
0 0
1 0
2 0
3 12
4 0
5 0
6 0
7 7
8 8
9 0
10 0
11 0
12 12
13 0
15 0
16 16
17 0
18 0
19 0
20 8
21 0
22 0
23 0
24 7
15
0 11
1 18
2 18
3 20
4 5
5 5
6 10
7 20
8 20
9 18
10 10
11 11
12 18
13 10
14 11
16 20
17 10
18 18
19 10
20 20
21 10
22 5
23 10
24 20
16
0 14
1 14
2 14
3 20
4 14
5 20
6 20
7 8
8 8
9 14
10 20
11 14
12 14
13 20
14 14
15 20
17 20
18 14
19 20
20 20
21 20
22 20
23 20
24 24
17
0 23
1 23
2 23
3 23
4 23
5 23
6 23
7 23
8 23
9 23
10 23
11 23
12 23
13 23
14 23
15 23
16 23
18 23
19 23
20 23
21 21
22 23
23 23
24 23
18
0 0
1 1
2 2
3 12
4 1
5 5
6 5
7 0
8 0
9 1
10 15
11 0
12 12
13 15
14 0
15 15
16 0
17 5
19 1
20 12
21 5
22 5
23 5
24 0
19
0 4
1 4
2 4
3 4
4 4
5 4
6 6
7 4
8 6
9 4
10 6
11 6
12 4
13 13
14 4
15 6
16 6
17 4
18 4
20 6
21 4
22 4
23 4
24 6
20
0 8
1 12
2 12
3 3
4 12
5 15
6 15
7 8
8 8
9 12
10 15
11 15
12 12
13 15
14 8
15 15
16 16
17 15
18 12
19 15
21 15
22 15
23 15
24 8
21
0 17
1 17
2 17
3 17
4 17
5 17
6 17
7 17
8 17
9 17
10 17
11 17
12 17
13 17
14 17
15 17
16 17
17 17
18 17
19 17
20 17
22 17
23 17
24 17
22
0 5
1 4
2 4
3 5
4 4
5 5
6 6
7 5
8 5
9 4
10 6
11 5
12 5
13 6
14 5
15 5
16 5
17 23
18 5
19 4
20 5
21 23
23 23
24 5
23
0 10
1 22
2 22
3 10
4 22
5 22
6 10
7 10
8 10
9 22
10 10
11 10
12 10
13 10
14 10
15 10
16 10
17 17
18 10
19 10
20 10
21 17
22 22
24 10
24
0 7
1 7
2 7
3 8
4 7
5 8
6 8
7 7
8 8
9 7
10 8
11 7
12 7
13 8
14 7
15 8
16 16
17 8
18 7
19 8
20 8
21 8
22 8
23 8
53
0
3 24
1
0 10
2
20 9
3
22 3
4
5 15
5
22 23
6
3 8
8
6 14
9
22 10
10
24 13
11
20 21
12
24 14
13
21 18
14
15 0
16
16 24
17
22 18
18
23 4
20
16 12
21
19 22
22
8 12
23
9 14
24
4 13
27
6 19
33
21 23
39
4 1
44
7 16
51
24 18
54
5 23
59
1 4
61
15 18
62
2 22
63
16 7
76
16 14
79
3 5
80
20 2
91
13 10
94
18 1
102
20 11
106
6 13
117
10 13
127
16 20
136
24 16
150
11 15
160
18 5
161
20 16
167
15 5
168
13 19
174
4 19
187
0 18
201
2 4
202
19 13
219
19 6
235
23 10
220
