23 39 690 2
0 0 1 15
1 0 7 13
2 0 21 16
3 1 7 13
4 1 13 13
5 1 14 12
6 2 7 15
7 2 8 12
8 2 14 13
9 2 16 16
10 2 18 14
11 3 15 12
12 3 20 14
13 4 7 12
14 4 8 15
15 4 11 14
16 4 14 12
17 4 21 13
18 5 14 16
19 6 19 13
20 8 9 15
21 8 10 15
22 8 12 12
23 8 13 13
24 8 20 14
25 9 13 12
26 9 20 12
27 10 12 13
28 10 13 16
29 12 13 15
30 12 15 14
31 12 16 15
32 12 19 12
33 13 22 16
34 14 19 12
35 16 17 16
36 17 20 13
37 18 22 15
38 19 20 12
0 18 1 2
1 21 4 1
2 9 8 2
3 12 22 2
4 10 14 2
5 7 2 1
6 4 18 1
7 4 3 1
8 14 10 2
9 3 17 2
10 6 14 2
11 14 8 1
12 2 5 2
13 22 19 1
14 6 10 1
15 2 22 1
16 11 12 1
17 21 9 2
18 5 0 2
19 14 17 1
20 3 14 1
21 4 3 1
22 1 7 1
23 6 12 2
24 21 20 1
25 18 8 1
26 0 2 1
27 20 14 1
28 2 10 1
29 1 14 1
30 5 18 2
31 12 15 1
32 12 21 2
33 5 11 1
34 5 8 2
35 14 4 1
36 19 7 2
37 15 13 2
38 1 2 2
39 12 4 2
40 6 20 1
41 20 17 1
42 12 22 2
43 15 17 2
44 11 18 2
45 12 8 1
46 0 10 1
47 0 8 1
48 15 16 2
49 18 7 1
50 3 7 1
51 8 17 1
52 7 18 2
53 11 5 1
54 7 18 2
55 22 11 1
56 22 11 1
57 18 6 2
58 17 9 1
59 15 1 1
60 1 7 1
61 0 16 2
62 0 10 1
63 4 10 1
64 10 1 1
65 4 18 1
66 3 16 2
67 2 11 2
68 18 3 2
69 9 10 1
70 5 13 2
71 20 10 1
72 22 17 2
73 7 21 1
74 12 9 2
75 4 5 1
76 22 18 2
77 18 1 1
78 19 10 1
79 20 18 1
80 15 4 2
81 2 7 2
82 10 5 1
83 22 21 2
84 14 0 2
85 6 7 1
86 11 8 1
87 0 1 2
88 14 13 1
89 13 15 2
90 11 17 2
91 3 15 1
92 5 14 1
93 1 9 1
94 10 8 1
95 2 10 1
96 12 5 1
97 17 2 2
98 19 15 1
99 13 20 1
100 19 13 1
101 1 3 2
102 6 13 2
103 21 9 2
104 7 3 1
105 12 18 2
106 4 1 2
107 0 13 1
108 9 21 2
109 6 3 1
110 6 5 2
111 2 15 1
112 9 12 2
113 15 21 2
114 2 20 2
115 5 11 2
116 11 5 2
117 1 8 2
118 14 8 1
119 8 18 1
120 4 22 1
121 2 21 2
122 17 13 1
123 17 1 2
124 16 13 2
125 18 7 2
126 9 2 2
127 22 1 1
128 3 14 1
129 5 6 1
130 4 1 2
131 2 21 2
132 6 20 1
133 19 8 2
134 2 12 2
135 17 10 2
136 16 14 1
137 22 19 2
138 3 13 1
139 4 18 1
140 3 18 1
141 9 17 2
142 13 8 2
143 20 15 2
144 1 5 2
145 12 4 2
146 1 12 2
147 22 7 1
148 15 8 2
149 0 10 2
150 9 8 2
151 22 21 1
152 7 4 2
153 14 10 2
154 13 19 1
155 6 14 1
156 13 15 2
157 1 16 1
158 2 9 2
159 4 16 1
160 5 6 1
161 1 7 1
162 14 1 2
163 22 6 2
164 11 14 2
165 20 3 1
166 7 11 2
167 19 14 1
168 15 18 2
169 11 5 2
170 22 2 2
171 0 12 1
172 5 18 1
173 7 20 1
174 21 6 2
175 20 13 1
176 21 0 2
177 4 20 1
178 19 0 1
179 8 19 2
180 22 20 2
181 13 12 2
182 14 8 1
183 14 9 2
184 18 3 1
185 16 21 2
186 17 20 2
187 9 21 1
188 15 2 2
189 8 20 2
190 8 20 2
191 6 4 1
192 1 19 2
193 21 10 1
194 0 20 2
195 9 8 2
196 12 1 1
197 10 22 1
198 21 17 2
199 21 11 2
200 5 21 1
201 9 3 2
202 4 8 1
203 21 10 1
204 7 11 1
205 9 13 2
206 11 8 2
207 14 3 2
208 1 20 1
209 15 6 1
210 21 12 2
211 13 1 1
212 4 6 2
213 13 18 2
214 4 10 1
215 2 15 2
216 20 5 2
217 20 1 1
218 14 8 1
219 5 18 1
220 15 2 1
221 19 13 2
222 12 13 2
223 12 0 1
224 17 6 2
225 0 10 1
226 0 21 1
227 20 7 1
228 22 11 2
229 4 3 2
230 16 18 2
231 5 2 1
232 9 14 2
233 13 21 1
234 10 15 2
235 6 5 2
236 0 7 1
237 4 6 1
238 18 16 1
239 3 11 1
240 12 20 2
241 17 19 1
242 19 1 1
243 20 0 1
244 22 3 2
245 14 12 1
246 17 8 2
247 22 4 1
248 22 21 1
249 9 13 1
250 21 16 2
251 19 22 1
252 13 3 1
253 9 3 1
254 15 6 1
255 8 16 1
256 11 22 2
257 9 5 1
258 17 15 1
259 22 15 2
260 7 0 1
261 21 2 1
262 18 21 2
263 4 2 1
264 3 8 1
265 14 9 2
266 14 1 1
267 5 1 2
268 11 21 2
269 13 3 1
270 1 0 1
271 21 20 1
272 10 11 2
273 19 8 1
274 11 10 1
275 3 12 2
276 14 8 2
277 22 15 2
278 20 5 1
279 4 22 1
280 5 3 2
281 18 15 2
282 5 19 2
283 11 19 1
284 21 4 2
285 15 3 2
286 14 1 1
287 8 20 2
288 0 22 1
289 21 10 1
290 13 21 1
291 15 11 2
292 4 17 1
293 0 20 1
294 16 15 2
295 5 2 2
296 10 7 2
297 8 1 1
298 17 20 2
299 12 7 1
300 14 18 2
301 2 15 2
302 10 3 2
303 20 0 1
304 12 13 1
305 17 0 1
306 19 20 2
307 16 17 1
308 20 21 2
309 10 11 1
310 7 14 2
311 17 19 2
312 22 21 2
313 22 14 1
314 3 21 1
315 0 10 2
316 20 9 2
317 22 3 1
318 5 15 1
319 22 13 1
320 8 19 1
321 6 3 2
322 6 14 1
323 22 10 1
324 13 1 1
325 14 21 1
326 15 0 1
327 17 13 2
328 16 5 1
329 4 3 2
330 21 19 2
331 16 12 2
332 19 22 1
333 8 12 2
334 9 14 1
335 4 13 2
336 22 17 2
337 22 17 1
338 6 19 2
339 21 11 1
340 22 20 1
341 16 17 2
342 22 3 2
343 17 15 2
344 21 17 2
345 13 0 1
346 0 12 1
347 1 21 1
348 6 8 1
349 9 21 2
350 4 1 2
351 6 17 1
352 11 14 1
353 19 21 1
354 20 17 2
355 7 16 2
356 22 21 1
357 12 13 2
358 17 1 1
359 8 6 2
360 7 20 2
361 18 17 1
362 6 9 2
363 5 21 1
364 5 16 1
365 12 1 2
366 8 17 2
367 4 5 2
368 0 10 2
369 22 4 1
370 4 10 1
371 20 19 2
372 15 18 2
373 2 22 2
374 16 7 1
375 16 2 1
376 13 17 2
377 2 11 1
378 6 21 2
379 10 11 2
380 6 19 2
381 17 20 1
382 3 21 2
383 14 7 1
384 1 21 2
385 12 3 2
386 8 17 2
387 0 16 2
388 16 14 2
389 1 9 1
390 10 16 1
391 3 5 1
392 20 2 1
393 21 20 1
394 21 13 1
395 6 17 2
396 20 2 1
397 0 14 2
398 1 2 1
399 1 5 2
400 17 2 1
401 8 13 2
402 14 20 2
403 13 10 1
404 12 21 1
405 17 0 1
406 18 1 1
407 11 16 1
408 9 21 2
409 19 2 2
410 14 12 2
411 21 0 2
412 5 17 1
413 4 12 2
414 20 4 2
415 21 20 2
416 0 17 1
417 3 1 1
418 18 19 2
419 17 2 2
420 6 11 1
421 13 20 1
422 5 7 2
423 6 3 1
424 21 18 1
425 17 14 1
426 9 21 1
427 8 3 1
428 18 15 2
429 11 4 1
430 3 9 1
431 6 10 2
432 14 10 2
433 22 18 1
434 18 11 2
435 13 5 1
436 10 7 1
437 22 20 2
438 8 11 1
439 21 10 2
440 14 11 2
441 15 17 1
442 5 20 1
443 8 4 1
444 8 20 1
445 2 0 1
446 18 12 1
447 1 17 2
448 17 15 1
449 11 12 1
450 18 9 1
451 14 16 1
452 12 11 1
453 21 7 1
454 16 4 2
455 5 18 1
456 15 11 1
457 7 15 1
458 2 8 2
459 7 1 1
460 16 11 2
461 15 14 1
462 1 20 2
463 3 22 2
464 8 18 1
465 12 20 2
466 11 18 1
467 16 8 2
468 7 16 2
469 11 15 2
470 19 0 1
471 14 5 1
472 2 16 2
473 6 4 1
474 5 11 1
475 21 7 2
476 10 3 2
477 21 15 2
478 6 18 1
479 20 13 1
480 7 1 1
481 18 5 1
482 20 16 1
483 18 4 1
484 5 8 1
485 16 12 1
486 21 9 1
487 6 14 2
488 15 5 1
489 13 19 1
490 18 5 2
491 5 21 2
492 14 19 1
493 7 12 2
494 4 3 1
495 6 16 2
496 4 19 1
497 5 15 1
498 17 16 1
499 2 15 1
500 19 17 1
501 21 20 2
502 16 13 2
503 1 22 2
504 7 15 2
505 11 18 1
506 13 4 2
507 15 7 1
508 9 19 2
509 8 6 1
510 22 0 1
511 16 0 2
512 20 6 2
513 13 11 1
514 4 13 2
515 8 17 2
516 18 11 2
517 21 12 1
518 13 17 2
519 5 11 2
520 8 9 2
521 22 12 1
522 21 3 1
523 14 22 1
524 3 6 2
525 10 17 1
526 5 12 1
527 2 4 2
528 19 13 1
529 2 8 1
530 11 2 1
531 12 19 2
532 22 19 1
533 5 20 2
534 14 0 1
535 21 16 2
536 6 1 1
537 19 5 1
538 11 7 1
539 5 2 2
540 12 11 2
541 12 18 1
542 16 0 1
543 2 17 2
544 17 18 2
545 11 8 1
546 19 6 2
547 12 18 1
548 8 5 2
549 16 3 1
550 16 9 2
551 3 16 2
552 17 18 2
553 22 14 2
554 18 15 1
555 10 14 2
556 18 0 2
557 3 8 1
558 12 20 1
559 21 22 1
560 10 13 2
561 16 17 1
562 22 8 1
563 9 2 2
564 21 10 1
565 17 5 2
566 10 11 1
567 18 8 1
568 21 6 2
569 6 7 1
570 8 6 1
571 6 7 2
572 4 3 1
573 2 21 2
574 19 0 1
575 15 11 2
576 15 18 2
577 15 5 2
578 12 7 1
579 1 16 2
580 15 17 1
581 16 11 2
582 21 5 2
583 3 22 2
584 10 22 1
585 0 21 1
586 12 18 1
587 10 11 2
588 5 17 2
589 7 8 2
590 19 10 2
591 5 15 2
592 6 13 2
593 11 12 2
594 14 5 1
595 18 21 1
596 3 8 1
597 17 13 2
598 6 4 1
599 15 0 1
600 13 15 1
601 20 16 2
602 15 9 2
603 17 18 1
604 12 3 1
605 1 6 2
606 15 20 1
607 14 10 2
608 11 17 2
609 11 0 2
610 3 11 1
611 18 20 1
612 9 11 2
613 21 16 2
614 14 2 2
615 19 9 2
616 20 4 1
617 20 10 2
618 20 19 2
619 2 5 2
620 7 10 2
621 20 9 2
622 19 20 2
623 8 14 2
624 18 16 2
625 13 5 1
626 0 4 1
627 21 8 1
628 6 5 2
629 3 2 2
630 17 1 1
631 12 16 1
632 3 8 1
633 2 20 2
634 9 7 1
635 9 14 1
636 4 16 1
637 0 1 2
638 10 15 2
639 17 8 2
640 4 22 1
641 18 19 2
642 20 18 2
643 16 20 2
644 11 15 1
645 2 14 2
646 11 13 2
647 4 9 1
648 0 16 1
649 11 9 2
650 17 0 2
651 15 9 1
652 13 9 1
653 0 17 2
654 6 13 2
655 12 7 1
656 22 20 2
657 12 7 2
658 2 13 1
659 16 19 2
660 9 20 2
661 13 6 1
662 5 4 2
663 3 20 2
664 19 14 2
665 22 19 2
666 6 10 1
667 4 1 1
668 5 3 2
669 8 4 2
670 0 7 1
671 4 0 2
672 6 10 2
673 9 15 2
674 14 22 1
675 10 2 1
676 1 8 2
677 2 17 2
678 5 6 2
679 12 0 1
680 22 7 2
681 14 7 1
682 6 14 1
683 16 21 1
684 15 12 2
685 10 5 1
686 17 16 1
687 8 15 2
688 6 11 1
689 21 6 1
