otherCase
0
1 1
2 2
3 2
4 2
5 5
6 2
7 8
8 8
9 1
10 5
11 18
12 1
13 8
14 21
15 1
16 2
17 5
18 18
19 2
20 1
21 21
22 1
23 1
24 25
25 25
26 1
1
0 0
2 0
3 0
4 15
5 0
6 0
7 22
8 0
9 20
10 0
11 22
12 22
13 23
14 0
15 15
16 20
17 0
18 0
19 15
20 20
21 0
22 22
23 23
24 26
25 0
26 26
2
0 0
1 0
3 3
4 3
5 5
6 6
7 0
8 0
9 16
10 5
11 0
12 3
13 0
14 0
15 19
16 16
17 5
18 0
19 19
20 5
21 0
22 0
23 16
24 3
25 0
26 0
3
0 2
1 2
2 2
4 4
5 2
6 2
7 24
8 2
9 4
10 4
11 4
12 24
13 24
14 4
15 19
16 2
17 2
18 2
19 19
20 2
21 2
22 24
23 2
24 24
25 24
26 24
4
0 3
1 9
2 3
3 3
5 10
6 6
7 6
8 6
9 9
10 10
11 9
12 3
13 3
14 10
15 19
16 9
17 6
18 9
19 19
20 9
21 6
22 9
23 6
24 3
25 6
26 3
5
0 0
1 0
2 2
3 2
4 10
6 2
7 25
8 0
9 10
10 10
11 18
12 25
13 0
14 10
15 18
16 16
17 17
18 18
19 2
20 20
21 21
22 0
23 16
24 25
25 25
26 0
6
0 2
1 2
2 2
3 2
4 4
5 2
7 25
8 21
9 4
10 4
11 4
12 25
13 21
14 21
15 19
16 2
17 17
18 2
19 19
20 2
21 21
22 21
23 21
24 25
25 25
26 25
7
0 8
1 22
2 8
3 12
4 25
5 25
6 25
8 8
9 8
10 8
11 22
12 12
13 8
14 8
15 8
16 8
17 25
18 8
19 25
20 8
21 8
22 22
23 22
24 12
25 25
26 8
8
0 0
1 0
2 0
3 0
4 16
5 0
6 21
7 7
9 16
10 21
11 13
12 7
13 13
14 21
15 18
16 16
17 0
18 18
19 0
20 20
21 21
22 7
23 13
24 13
25 0
26 13
9
0 10
1 20
2 16
3 4
4 4
5 10
6 4
7 11
8 16
10 10
11 11
12 11
13 11
14 10
15 4
16 16
17 4
18 11
19 4
20 20
21 10
22 11
23 16
24 4
25 4
26 11
10
0 5
1 5
2 5
3 4
4 4
5 5
6 4
7 5
8 21
9 9
11 9
12 4
13 9
14 14
15 4
16 5
17 5
18 5
19 4
20 5
21 21
22 9
23 21
24 4
25 5
26 4
11
0 18
1 22
2 9
3 9
4 9
5 18
6 9
7 22
8 13
9 9
10 9
12 22
13 13
14 9
15 18
16 9
17 18
18 18
19 9
20 9
21 9
22 22
23 13
24 13
25 13
26 13
12
0 7
1 22
2 24
3 24
4 24
5 7
6 7
7 7
8 7
9 22
10 7
11 22
13 24
14 7
15 22
16 7
17 7
18 7
19 24
20 7
21 7
22 22
23 22
24 24
25 7
26 24
13
0 8
1 23
2 8
3 24
4 11
5 8
6 8
7 8
8 8
9 11
10 8
11 11
12 24
14 8
15 23
16 8
17 8
18 8
19 23
20 8
21 8
22 11
23 23
24 24
25 24
26 26
14
0 21
1 21
2 10
3 10
4 10
5 10
6 21
7 21
8 21
9 10
10 10
11 10
12 21
13 21
15 21
16 10
17 10
18 10
19 10
20 10
21 21
22 21
23 21
24 21
25 21
26 21
15
0 1
1 1
2 19
3 19
4 19
5 18
6 19
7 1
8 18
9 1
10 18
11 18
12 1
13 23
14 23
16 23
17 18
18 18
19 19
20 1
21 23
22 1
23 23
24 1
25 1
26 1
16
0 2
1 20
2 2
3 2
4 9
5 5
6 2
7 8
8 8
9 9
10 5
11 9
12 8
13 8
14 5
15 23
17 5
18 5
19 2
20 20
21 5
22 23
23 23
24 2
25 5
26 8
17
0 5
1 5
2 5
3 5
4 6
5 5
6 6
7 5
8 5
9 5
10 5
11 5
12 5
13 5
14 5
15 5
16 5
18 5
19 6
20 5
21 5
22 5
23 5
24 5
25 5
26 5
18
0 0
1 0
2 0
3 0
4 5
5 5
6 0
7 8
8 8
9 11
10 5
11 11
12 8
13 8
14 0
15 15
16 5
17 5
19 15
20 20
21 0
22 11
23 23
24 0
25 0
26 0
19
0 2
1 15
2 2
3 3
4 4
5 2
6 6
7 6
8 2
9 4
10 4
11 4
12 3
13 3
14 4
15 15
16 2
17 6
18 15
20 2
21 6
22 15
23 15
24 3
25 6
26 3
20
0 1
1 1
2 5
3 5
4 9
5 5
6 5
7 8
8 8
9 9
10 5
11 9
12 1
13 8
14 5
15 1
16 16
17 5
18 18
19 1
21 5
22 1
23 1
24 1
25 5
26 1
21
0 0
1 0
2 0
3 0
4 6
5 5
6 6
7 8
8 8
9 10
10 10
11 0
12 8
13 8
14 14
15 23
16 5
17 5
18 0
19 6
20 5
22 23
23 23
24 25
25 25
26 0
22
0 1
1 1
2 1
3 12
4 11
5 1
6 7
7 7
8 7
9 11
10 11
11 11
12 12
13 11
14 23
15 1
16 23
17 1
18 11
19 1
20 1
21 23
23 23
24 12
25 7
26 1
23
0 1
1 1
2 16
3 13
4 15
5 16
6 21
7 22
8 13
9 16
10 21
11 13
12 22
13 13
14 21
15 15
16 16
17 16
18 18
19 15
20 1
21 21
22 22
24 13
25 21
26 1
24
0 25
1 26
2 3
3 3
4 3
5 25
6 25
7 12
8 13
9 3
10 3
11 13
12 12
13 13
14 25
15 3
16 3
17 25
18 13
19 3
20 13
21 25
22 12
23 13
25 25
26 26
25
0 0
1 0
2 0
3 24
4 6
5 5
6 6
7 7
8 0
9 5
10 5
11 0
12 7
13 24
14 21
15 0
16 5
17 5
18 0
19 6
20 5
21 21
22 7
23 21
24 24
26 24
26
0 1
1 1
2 1
3 24
4 24
5 1
6 24
7 1
8 13
9 1
10 1
11 13
12 24
13 13
14 1
15 1
16 1
17 1
18 1
19 1
20 1
21 1
22 1
23 1
24 24
25 24
84
0
21 13
1
11 6
2
11 19
3
24 9
4
26 25
5
19 4
6
1 26
7
6 21
8
4 24
9
3 23
10
7 19
11
26 9
12
10 22
13
9 14
14
0 10
15
23 17
16
6 17
17
17 15
18
22 21
19
12 18
20
8 5
22
1 14
23
2 12
24
21 11
25
0 9
26
7 12
27
10 15
28
5 6
29
17 22
30
1 7
31
12 23
32
0 11
34
7 16
36
12 26
38
4 10
39
21 4
40
23 12
41
13 7
44
6 20
47
13 24
48
20 18
50
5 10
52
14 23
55
19 18
56
19 7
57
21 0
63
6 7
64
0 8
72
19 23
82
20 14
83
23 16
84
5 24
94
23 25
99
24 22
102
3 4
103
0 19
109
2 19
117
5 21
118
19 21
119
18 11
129
18 23
130
15 23
132
8 16
137
0 3
140
13 1
143
8 25
144
9 16
146
21 10
155
23 1
165
7 11
176
10 14
185
10 8
188
2 9
219
19 3
220
20 21
227
2 18
229
1 11
234
17 6
235
11 26
245
18 15
251
16 2
255
13 11
267
5 25
269
24 13
348
