27 71 270 2
0 0 1 12
1 0 2 12
2 0 5 12
3 0 8 12
4 0 18 12
5 0 21 12
6 0 25 12
7 1 15 12
8 1 20 12
9 1 22 12
10 1 23 12
11 1 26 12
12 2 3 12
13 2 5 12
14 2 6 12
15 2 16 12
16 2 19 12
17 3 4 12
18 3 19 12
19 3 24 12
20 4 6 12
21 4 9 12
22 4 10 12
23 4 19 12
24 5 10 12
25 5 16 12
26 5 17 12
27 5 18 12
28 5 20 12
29 5 21 12
30 5 25 12
31 6 17 12
32 6 19 12
33 6 21 12
34 6 25 12
35 7 8 12
36 7 12 12
37 7 22 12
38 7 25 12
39 8 13 12
40 8 16 12
41 8 18 12
42 8 20 12
43 8 21 12
44 9 10 12
45 9 11 12
46 9 16 12
47 9 20 12
48 10 14 12
49 10 21 12
50 11 13 12
51 11 18 12
52 11 22 12
53 12 22 12
54 12 24 12
55 13 23 12
56 13 24 12
57 13 26 12
58 14 21 12
59 15 18 12
60 15 19 12
61 15 23 12
62 16 20 12
63 16 23 12
64 18 20 12
65 18 23 12
66 21 23 12
67 21 25 12
68 22 23 12
69 24 25 12
70 24 26 12
0 21 13 6
1 11 6 5
2 11 19 3
3 24 9 4
4 26 25 6
5 19 4 6
6 1 26 4
7 6 21 5
8 4 24 3
9 3 23 3
10 7 19 4
11 26 9 3
12 10 22 3
13 9 14 6
14 0 10 4
15 23 17 4
16 6 17 5
17 17 15 4
18 22 21 3
19 12 18 3
20 8 5 3
21 9 6 5
22 1 14 3
23 2 12 5
24 21 11 3
25 0 9 6
26 7 12 3
27 10 15 3
28 5 6 6
29 17 22 3
30 1 7 5
31 12 23 4
32 0 11 5
33 11 20 5
34 7 16 5
35 25 1 5
36 12 26 3
37 17 8 4
38 4 10 6
39 21 4 3
40 23 12 4
41 13 7 4
42 13 9 5
43 14 17 4
44 6 20 4
45 18 17 4
46 4 9 4
47 13 24 4
48 20 18 4
49 10 2 3
50 5 10 4
51 23 0 5
52 14 23 5
53 6 3 4
54 5 0 5
55 19 18 4
56 19 7 4
57 21 0 5
58 2 22 6
59 4 16 6
60 22 20 5
61 5 12 6
62 15 4 4
63 6 7 3
64 0 8 6
65 7 23 4
66 24 6 3
67 5 14 6
68 22 10 6
69 7 13 6
70 24 1 6
71 23 10 6
72 19 23 3
73 16 3 6
74 14 26 3
75 17 12 3
76 16 24 3
77 6 9 6
78 12 9 5
79 14 5 6
80 9 19 3
81 22 16 4
82 20 14 3
83 23 16 3
84 5 24 4
85 12 13 5
86 14 0 4
87 14 18 4
88 14 2 5
89 20 22 4
90 22 23 3
91 2 3 6
92 20 11 3
93 16 22 6
94 23 25 4
95 12 17 6
96 1 24 4
97 10 18 4
98 5 4 4
99 24 22 3
100 9 23 6
101 9 20 4
102 3 4 4
103 0 19 5
104 0 14 6
105 15 17 3
106 19 15 4
107 6 18 6
108 14 13 6
109 2 19 3
110 7 17 5
111 19 20 4
112 1 5 4
113 1 20 5
114 1 4 3
115 21 18 5
116 1 3 6
117 5 21 5
118 19 21 4
119 18 11 3
120 2 24 5
121 10 11 6
122 26 2 6
123 26 17 3
124 9 15 4
125 3 22 5
126 10 16 6
127 16 6 4
128 19 1 3
129 18 23 3
130 15 23 5
131 13 19 5
132 8 16 5
133 4 19 6
134 16 23 6
135 15 25 4
136 22 9 4
137 0 3 3
138 14 20 3
139 23 6 6
140 13 1 5
141 11 17 4
142 0 20 4
143 8 25 3
144 9 16 5
145 24 0 3
146 21 10 5
147 18 19 3
148 26 5 4
149 10 26 5
150 21 15 6
151 20 4 6
152 4 20 6
153 17 10 6
154 25 26 6
155 23 1 5
156 17 0 4
157 18 21 5
158 25 11 3
159 4 8 3
160 10 12 4
161 12 5 3
162 25 24 5
163 22 1 5
164 13 2 6
165 7 11 6
166 6 16 5
167 5 3 5
168 2 14 3
169 25 15 4
170 6 10 6
171 9 24 5
172 3 26 4
173 6 23 3
174 14 12 3
175 1 21 3
176 10 14 3
177 3 16 5
178 0 18 5
179 20 6 5
180 8 17 5
181 24 14 3
182 8 4 4
183 8 3 3
184 19 17 3
185 10 8 4
186 22 25 5
187 18 7 4
188 2 9 5
189 17 14 3
190 4 0 6
191 21 1 3
192 12 1 3
193 13 12 4
194 22 19 6
195 19 11 5
196 6 22 3
197 18 4 3
198 22 14 3
199 14 9 6
200 15 7 4
201 8 11 6
202 5 22 5
203 25 10 6
204 15 0 3
205 15 3 5
206 15 14 4
207 3 10 3
208 25 9 6
209 17 5 6
210 12 2 5
211 6 26 6
212 25 13 5
213 7 5 3
214 23 22 6
215 3 18 6
216 10 17 3
217 26 14 4
218 9 12 3
219 19 3 6
220 20 21 3
221 2 6 4
222 18 24 3
223 24 4 4
224 14 6 4
225 9 18 5
226 13 22 5
227 2 18 3
228 19 16 6
229 1 11 3
230 0 22 5
231 3 9 3
232 22 18 6
233 20 10 6
234 17 6 4
235 11 26 6
236 2 20 3
237 4 23 6
238 4 2 4
239 20 25 6
240 14 25 6
241 19 5 6
242 16 13 6
243 12 11 4
244 5 13 3
245 18 15 4
246 8 13 5
247 1 18 6
248 22 11 3
249 22 2 4
250 24 8 6
251 16 2 3
252 7 15 3
253 21 20 5
254 16 15 5
255 13 11 5
256 9 5 3
257 23 9 5
258 15 18 4
259 18 1 5
260 25 23 3
261 2 4 3
262 25 8 5
263 8 0 3
264 4 21 6
265 11 25 4
266 22 7 6
267 5 25 3
268 26 4 6
269 24 13 6
