otherCase
0
1 1
2 8
3 1
4 8
5 13
6 1
7 1
8 8
9 10
10 10
11 8
12 10
13 13
14 10
15 15
16 1
17 17
18 13
19 13
20 13
21 17
22 15
1
0 0
2 16
3 16
4 7
5 0
6 7
7 7
8 0
9 17
10 0
11 0
12 0
13 0
14 16
15 0
16 16
17 17
18 16
19 0
20 7
21 17
22 7
2
0 8
1 16
3 3
4 3
5 12
6 6
7 6
8 8
9 3
10 12
11 8
12 12
13 19
14 16
15 15
16 16
17 8
18 15
19 19
20 6
21 8
22 22
3
0 2
1 16
2 2
4 4
5 2
6 6
7 4
8 2
9 9
10 9
11 9
12 2
13 9
14 16
15 2
16 16
17 4
18 16
19 2
20 6
21 4
22 2
4
0 8
1 7
2 3
3 3
5 7
6 3
7 7
8 8
9 3
10 3
11 8
12 3
13 7
14 3
15 3
16 3
17 17
18 3
19 3
20 7
21 17
22 7
5
0 13
1 13
2 12
3 11
4 11
6 12
7 13
8 11
9 11
10 12
11 11
12 12
13 13
14 12
15 12
16 12
17 11
18 13
19 13
20 13
21 13
22 12
6
0 2
1 7
2 2
3 3
4 3
5 12
7 7
8 2
9 9
10 9
11 9
12 12
13 7
14 20
15 2
16 2
17 7
18 2
19 2
20 20
21 7
22 2
7
0 1
1 1
2 6
3 4
4 4
5 13
6 6
8 8
9 6
10 1
11 8
12 6
13 13
14 20
15 22
16 1
17 17
18 13
19 13
20 20
21 17
22 22
8
0 0
1 0
2 2
3 2
4 4
5 11
6 2
7 7
9 11
10 0
11 11
12 2
13 0
14 0
15 0
16 2
17 17
18 0
19 2
20 7
21 17
22 2
9
0 10
1 17
2 3
3 3
4 3
5 11
6 6
7 6
8 11
10 10
11 11
12 12
13 13
14 10
15 10
16 3
17 17
18 13
19 13
20 20
21 17
22 3
10
0 0
1 0
2 12
3 9
4 0
5 12
6 9
7 0
8 0
9 9
11 9
12 12
13 0
14 14
15 15
16 14
17 0
18 14
19 14
20 9
21 0
22 15
11
0 8
1 8
2 8
3 9
4 8
5 5
6 9
7 8
8 8
9 9
10 9
12 12
13 13
14 9
15 8
16 8
17 8
18 13
19 13
20 9
21 8
22 8
12
0 10
1 2
2 2
3 2
4 2
5 5
6 6
7 6
8 2
9 9
10 10
11 11
13 5
14 10
15 2
16 2
17 9
18 2
19 2
20 6
21 9
22 2
13
0 0
1 0
2 19
3 9
4 7
5 5
6 7
7 7
8 0
9 9
10 0
11 11
12 5
14 18
15 0
16 18
17 0
18 18
19 19
20 20
21 18
22 7
14
0 10
1 16
2 16
3 16
4 16
5 10
6 20
7 20
8 10
9 10
10 10
11 10
12 10
13 18
15 10
16 16
17 20
18 18
19 19
20 20
21 18
22 10
15
0 0
1 0
2 2
3 2
4 0
5 0
6 2
7 22
8 0
9 10
10 10
11 0
12 2
13 0
14 10
16 2
17 0
18 18
19 19
20 19
21 18
22 22
16
0 1
1 1
2 2
3 3
4 3
5 2
6 2
7 1
8 2
9 3
10 14
11 2
12 2
13 18
14 14
15 2
17 1
18 18
19 2
20 14
21 18
22 2
17
0 0
1 1
2 8
3 4
4 4
5 0
6 7
7 7
8 8
9 9
10 0
11 8
12 9
13 0
14 20
15 0
16 1
18 21
19 20
20 20
21 21
22 7
18
0 13
1 16
2 15
3 16
4 13
5 13
6 13
7 13
8 13
9 13
10 14
11 13
12 13
13 13
14 14
15 15
16 16
17 21
19 13
20 13
21 21
22 15
19
0 13
1 2
2 2
3 2
4 2
5 13
6 2
7 13
8 2
9 13
10 14
11 13
12 2
13 13
14 14
15 15
16 2
17 20
18 13
20 20
21 13
22 2
20
0 13
1 7
2 6
3 6
4 7
5 13
6 6
7 7
8 7
9 9
10 9
11 9
12 6
13 13
14 14
15 19
16 14
17 17
18 13
19 19
21 17
22 7
21
0 17
1 17
2 17
3 17
4 17
5 18
6 17
7 17
8 17
9 17
10 17
11 17
12 17
13 18
14 18
15 18
16 18
17 17
18 18
19 17
20 17
22 17
22
0 15
1 7
2 2
3 2
4 7
5 2
6 2
7 7
8 2
9 2
10 15
11 2
12 2
13 7
14 2
15 15
16 2
17 7
18 15
19 2
20 7
21 7
76
0
15 21
1
5 22
2
18 0
3
14 4
4
5 11
5
22 20
6
20 2
7
22 10
8
9 13
9
22 19
10
21 2
11
1 16
12
1 3
13
11 14
14
11 5
15
17 22
16
4 10
18
18 22
19
7 10
20
8 16
21
8 1
22
15 16
23
15 22
24
14 19
25
21 22
26
6 14
27
2 12
28
9 2
29
5 8
32
21 17
33
15 11
34
14 20
35
9 6
37
13 18
39
18 21
40
14 9
43
9 1
44
11 9
45
5 19
48
5 7
49
1 10
51
5 6
54
17 5
57
10 4
61
18 14
63
1 4
65
19 7
68
18 16
72
15 10
75
11 12
77
14 17
84
20 8
88
9 17
90
15 17
92
4 8
93
20 15
97
2 19
104
13 20
117
6 17
118
2 3
125
1 6
127
15 3
135
16 18
151
6 2
154
14 16
186
11 13
188
18 2
189
9 3
193
10 12
194
10 18
201
6 11
202
20 9
208
17 19
210
4 7
215
12 7
221
13 11
328
