28 108 840 2
0 0 1 13
1 0 4 15
2 0 6 15
3 0 8 14
4 0 9 13
5 0 10 12
6 0 13 14
7 0 20 15
8 0 25 15
9 0 26 14
10 1 17 16
11 1 18 13
12 1 24 14
13 1 25 12
14 2 4 14
15 2 7 16
16 2 8 13
17 2 9 15
18 2 15 15
19 2 16 15
20 2 17 15
21 2 21 14
22 2 25 16
23 2 27 16
24 3 7 15
25 3 10 12
26 3 13 15
27 3 14 14
28 3 21 16
29 3 23 13
30 3 24 15
31 4 9 15
32 4 10 12
33 4 27 12
34 5 19 16
35 5 22 14
36 5 26 15
37 5 27 13
38 6 8 13
39 6 9 15
40 6 16 16
41 7 13 16
42 7 14 12
43 7 15 14
44 7 19 15
45 7 23 15
46 7 24 12
47 8 13 15
48 8 16 14
49 8 20 13
50 8 22 13
51 8 26 14
52 9 15 13
53 9 17 16
54 9 19 15
55 9 21 14
56 9 22 16
57 9 24 12
58 10 13 16
59 10 15 12
60 10 20 12
61 10 24 16
62 11 12 12
63 11 14 16
64 11 20 15
65 11 21 15
66 11 22 12
67 12 13 15
68 12 14 16
69 12 15 14
70 12 17 14
71 12 24 14
72 12 27 16
73 13 19 12
74 13 23 16
75 13 24 12
76 13 26 12
77 13 27 15
78 14 15 13
79 14 16 13
80 14 21 15
81 14 25 12
82 15 16 12
83 15 19 15
84 15 23 14
85 15 24 14
86 15 25 16
87 15 26 15
88 15 27 15
89 16 21 16
90 17 18 14
91 17 19 14
92 17 21 13
93 17 22 13
94 17 24 13
95 18 23 12
96 18 27 16
97 19 22 14
98 19 26 12
99 19 27 15
100 20 26 16
101 21 24 12
102 22 24 12
103 22 25 15
104 23 24 12
105 23 25 12
106 24 26 13
107 25 27 15
0 14 22 2
1 27 21 2
2 9 19 2
3 22 21 2
4 25 9 1
5 4 0 1
6 3 26 1
7 22 6 1
8 6 15 1
9 20 7 2
10 26 20 1
11 2 9 2
12 4 15 2
13 0 3 1
14 4 23 2
15 15 0 2
16 18 7 1
17 9 18 2
18 1 10 1
19 3 20 2
20 13 27 2
21 23 18 2
22 1 15 2
23 15 16 2
24 7 22 1
25 16 0 2
26 18 10 1
27 8 20 2
28 15 3 2
29 19 20 2
30 14 22 2
31 0 5 2
32 23 6 2
33 11 14 1
34 16 7 2
35 19 27 2
36 4 9 2
37 13 26 2
38 25 15 1
39 19 6 2
40 22 23 1
41 21 15 1
42 5 6 1
43 19 15 1
44 25 13 2
45 9 7 1
46 17 1 1
47 11 8 2
48 21 5 1
49 26 27 1
50 25 2 2
51 13 3 1
52 3 17 1
53 15 8 2
54 25 11 1
55 24 17 2
56 4 27 1
57 22 1 2
58 25 14 1
59 3 25 1
60 26 17 1
61 16 3 1
62 20 3 1
63 11 5 2
64 22 14 2
65 23 27 1
66 4 20 2
67 10 26 1
68 3 27 1
69 14 13 1
70 7 26 2
71 10 9 1
72 2 8 2
73 22 24 2
74 11 20 1
75 4 24 2
76 25 7 1
77 25 13 2
78 13 14 2
79 0 14 1
80 24 0 1
81 2 10 2
82 12 24 1
83 13 1 2
84 24 1 1
85 18 1 2
86 13 12 2
87 23 10 2
88 0 26 2
89 16 19 1
90 22 12 2
91 20 6 2
92 22 11 2
93 24 6 2
94 2 1 2
95 12 23 1
96 16 17 2
97 6 2 2
98 16 10 1
99 0 25 2
100 7 26 2
101 23 13 1
102 23 1 2
103 8 20 2
104 3 1 1
105 14 9 1
106 14 10 1
107 25 23 1
108 11 9 2
109 21 25 1
110 22 12 1
111 3 10 1
112 26 24 2
113 14 3 1
114 22 13 2
115 2 1 2
116 4 15 1
117 14 2 2
118 21 16 2
119 18 17 2
120 27 8 2
121 20 13 2
122 22 15 2
123 26 5 1
124 16 4 2
125 22 14 1
126 22 16 1
127 22 6 2
128 15 1 1
129 17 11 1
130 19 27 2
131 3 11 2
132 1 16 1
133 3 11 2
134 11 9 2
135 15 0 1
136 4 25 2
137 1 9 2
138 6 5 2
139 0 3 2
140 2 27 1
141 13 15 2
142 18 14 2
143 25 12 2
144 26 23 1
145 24 4 2
146 24 14 2
147 4 27 2
148 2 25 2
149 12 7 2
150 10 17 1
151 21 14 2
152 20 2 1
153 22 0 2
154 17 20 1
155 20 17 1
156 6 19 1
157 18 16 1
158 24 15 1
159 3 21 1
160 0 8 1
161 7 26 2
162 2 25 2
163 12 18 1
164 15 27 1
165 10 13 1
166 13 0 2
167 12 8 1
168 3 17 1
169 9 4 1
170 8 24 1
171 4 9 2
172 21 5 1
173 19 10 1
174 0 22 1
175 9 12 1
176 10 4 2
177 10 8 2
178 26 3 1
179 6 7 1
180 15 16 2
181 3 8 1
182 10 14 2
183 2 15 1
184 13 20 1
185 0 8 1
186 7 24 1
187 9 18 2
188 14 2 1
189 25 4 2
190 17 5 1
191 17 13 2
192 1 0 2
193 26 19 2
194 20 5 1
195 1 15 2
196 19 8 2
197 11 26 1
198 18 26 2
199 1 5 1
200 9 2 2
201 22 3 1
202 23 17 2
203 13 6 2
204 21 10 2
205 24 22 2
206 8 7 2
207 10 6 2
208 19 10 1
209 22 4 1
210 19 15 1
211 0 21 1
212 13 17 2
213 24 12 1
214 25 20 1
215 17 0 2
216 21 3 2
217 26 12 2
218 12 5 1
219 3 14 2
220 6 14 1
221 7 23 1
222 24 8 2
223 6 2 2
224 25 22 1
225 7 15 2
226 1 8 2
227 22 19 1
228 0 6 2
229 3 27 2
230 18 16 2
231 5 17 1
232 21 23 1
233 2 18 1
234 23 2 1
235 8 18 1
236 16 23 2
237 6 27 1
238 22 21 2
239 21 17 2
240 0 13 1
241 27 10 2
242 27 13 2
243 3 21 2
244 15 11 1
245 23 7 1
246 8 13 2
247 10 0 2
248 6 10 1
249 18 25 1
250 23 7 2
251 2 7 1
252 5 10 2
253 2 20 1
254 0 15 2
255 25 0 2
256 26 8 1
257 3 15 1
258 10 26 1
259 26 10 1
260 2 24 2
261 24 3 2
262 18 3 1
263 1 12 2
264 27 22 1
265 25 4 1
266 25 14 1
267 9 19 2
268 2 3 1
269 17 1 2
270 27 12 2
271 3 19 2
272 7 27 1
273 14 12 2
274 25 13 1
275 10 20 1
276 14 16 2
277 18 6 1
278 3 0 1
279 18 25 1
280 18 4 2
281 11 13 2
282 23 19 2
283 5 7 1
284 25 1 1
285 4 9 2
286 16 20 2
287 9 18 1
288 4 15 2
289 19 10 2
290 11 0 1
291 1 7 1
292 13 11 1
293 6 20 1
294 25 2 2
295 6 21 2
296 22 14 2
297 27 18 2
298 19 9 2
299 10 5 1
300 14 25 1
301 15 7 1
302 20 7 1
303 14 19 1
304 7 15 2
305 25 23 2
306 6 12 1
307 26 0 2
308 0 2 2
309 0 17 1
310 4 9 2
311 6 20 2
312 1 0 1
313 6 9 1
314 7 8 1
315 10 27 1
316 5 6 1
317 5 26 2
318 3 0 1
319 12 20 1
320 10 6 2
321 14 7 2
322 25 11 1
323 16 25 2
324 22 2 1
325 4 25 1
326 6 17 2
327 22 11 2
328 19 13 1
329 1 24 1
330 27 17 2
331 25 4 2
332 7 1 2
333 27 4 2
334 6 23 1
335 25 15 1
336 5 16 2
337 24 20 2
338 15 16 2
339 5 10 2
340 16 22 2
341 22 15 2
342 8 18 2
343 20 25 1
344 6 7 1
345 14 27 1
346 12 6 2
347 13 12 1
348 26 11 2
349 17 2 1
350 24 2 2
351 14 16 2
352 7 18 1
353 14 16 2
354 13 14 2
355 13 11 2
356 10 8 2
357 0 5 2
358 7 8 1
359 11 2 2
360 26 16 1
361 25 8 1
362 3 2 2
363 1 17 1
364 10 6 2
365 8 9 2
366 6 22 1
367 27 24 2
368 0 24 2
369 9 26 2
370 25 12 2
371 26 18 1
372 15 20 1
373 27 12 1
374 7 23 1
375 15 7 2
376 23 26 2
377 10 25 1
378 10 27 1
379 13 24 2
380 6 14 2
381 27 17 1
382 11 4 1
383 9 23 1
384 15 25 2
385 10 7 2
386 13 21 2
387 24 22 2
388 10 18 1
389 18 25 1
390 4 10 2
391 12 6 2
392 2 17 2
393 6 15 1
394 10 18 2
395 20 9 1
396 5 3 1
397 1 26 2
398 0 5 1
399 2 12 2
400 6 7 2
401 21 16 1
402 14 1 2
403 16 0 1
404 10 27 2
405 12 5 1
406 4 17 2
407 15 23 1
408 12 27 1
409 4 27 1
410 9 13 2
411 5 19 2
412 18 6 2
413 8 6 1
414 4 14 1
415 26 12 1
416 16 10 2
417 14 18 1
418 23 2 2
419 20 14 2
420 22 26 2
421 12 19 1
422 13 7 1
423 19 23 2
424 14 12 1
425 22 18 1
426 12 22 1
427 7 27 1
428 8 20 2
429 21 2 1
430 15 13 1
431 11 2 1
432 16 24 2
433 13 14 1
434 8 6 1
435 14 0 1
436 20 22 2
437 12 10 2
438 27 6 2
439 1 0 2
440 3 22 1
441 10 21 2
442 15 14 1
443 2 17 1
444 22 14 1
445 15 26 2
446 26 5 1
447 26 0 1
448 5 9 1
449 17 23 2
450 5 2 1
451 21 8 1
452 14 11 1
453 6 22 1
454 21 17 1
455 14 22 1
456 26 20 1
457 12 22 2
458 14 1 1
459 1 24 2
460 24 6 1
461 11 7 1
462 2 0 2
463 0 10 1
464 21 2 1
465 3 25 1
466 23 5 1
467 13 16 1
468 26 10 2
469 17 20 1
470 19 6 2
471 13 3 1
472 6 3 2
473 10 5 1
474 12 20 2
475 0 12 1
476 14 7 1
477 21 26 2
478 20 19 2
479 1 2 1
480 13 9 2
481 3 22 1
482 8 3 2
483 20 22 2
484 21 24 1
485 10 5 2
486 27 21 2
487 2 10 1
488 19 18 2
489 12 16 1
490 16 18 1
491 7 0 1
492 9 7 2
493 24 7 1
494 1 4 2
495 15 9 1
496 4 12 1
497 20 1 1
498 23 19 2
499 23 10 1
500 8 10 1
501 16 25 2
502 20 26 2
503 24 0 1
504 27 23 2
505 10 7 1
506 17 1 1
507 25 21 1
508 19 27 2
509 16 10 1
510 14 20 1
511 2 27 2
512 2 6 1
513 20 4 1
514 4 2 1
515 18 17 1
516 7 16 1
517 13 23 2
518 9 5 1
519 7 13 1
520 19 7 2
521 9 18 2
522 20 6 2
523 27 25 2
524 2 11 2
525 12 5 2
526 14 13 2
527 24 4 2
528 0 24 2
529 13 27 1
530 24 9 1
531 17 23 1
532 8 12 2
533 9 14 2
534 12 17 2
535 2 10 1
536 22 15 1
537 4 6 1
538 0 27 2
539 15 12 2
540 12 23 2
541 12 15 2
542 20 18 1
543 13 1 1
544 12 18 1
545 6 24 2
546 8 24 2
547 16 22 2
548 20 22 2
549 22 1 2
550 13 23 1
551 7 15 1
552 26 11 1
553 22 21 1
554 8 19 2
555 21 4 2
556 7 19 1
557 0 3 1
558 20 22 2
559 12 22 1
560 16 6 2
561 5 26 2
562 8 22 2
563 16 17 2
564 18 9 2
565 24 23 1
566 3 20 2
567 26 4 2
568 23 6 2
569 22 9 1
570 5 26 2
571 0 3 1
572 24 22 2
573 16 13 2
574 23 13 1
575 5 11 1
576 22 4 1
577 15 5 1
578 14 18 1
579 5 6 1
580 23 5 1
581 8 27 2
582 14 20 1
583 27 20 1
584 2 9 1
585 12 3 2
586 2 10 1
587 18 7 2
588 15 21 1
589 0 1 2
590 24 0 1
591 3 6 1
592 12 19 2
593 15 24 2
594 19 13 2
595 11 21 2
596 10 26 1
597 11 21 2
598 12 19 1
599 11 27 2
600 25 3 1
601 14 27 2
602 23 26 1
603 0 19 1
604 27 16 2
605 22 24 1
606 11 14 2
607 16 13 1
608 0 20 2
609 0 20 2
610 27 1 2
611 21 14 1
612 19 15 2
613 23 19 1
614 11 13 2
615 21 27 1
616 23 12 2
617 19 6 1
618 27 16 1
619 4 15 1
620 9 26 2
621 5 14 1
622 15 21 1
623 7 6 1
624 24 21 1
625 3 13 1
626 5 10 2
627 24 8 1
628 23 8 2
629 21 3 1
630 17 20 2
631 2 25 2
632 27 7 1
633 20 10 2
634 22 23 2
635 20 25 2
636 25 7 1
637 8 3 2
638 2 3 1
639 10 23 1
640 23 3 2
641 4 27 2
642 12 18 1
643 9 1 1
644 27 12 2
645 10 24 2
646 25 21 1
647 16 21 1
648 3 12 1
649 17 27 2
650 10 4 2
651 26 7 2
652 21 14 1
653 19 9 1
654 23 21 1
655 19 10 2
656 16 22 1
657 8 27 2
658 20 26 1
659 15 9 2
660 1 25 2
661 4 26 1
662 27 23 1
663 22 23 1
664 27 24 1
665 27 15 2
666 9 26 1
667 0 17 2
668 10 13 2
669 11 24 2
670 12 2 2
671 9 22 1
672 22 27 2
673 3 4 2
674 24 25 1
675 27 22 2
676 14 20 1
677 18 4 2
678 22 15 2
679 4 6 1
680 25 23 1
681 23 20 1
682 11 23 1
683 21 25 1
684 12 13 1
685 1 3 2
686 15 5 1
687 3 16 2
688 18 13 1
689 20 23 2
690 7 1 1
691 7 12 2
692 9 22 1
693 20 23 2
694 24 22 1
695 24 14 2
696 8 20 2
697 11 0 1
698 3 2 1
699 15 20 1
700 0 18 2
701 8 22 1
702 25 18 1
703 12 15 2
704 9 18 1
705 3 10 1
706 22 27 1
707 12 26 1
708 12 17 2
709 2 16 1
710 24 6 1
711 5 27 1
712 0 17 2
713 25 10 1
714 1 4 1
715 20 5 1
716 17 8 1
717 2 3 2
718 11 17 1
719 13 21 1
720 7 9 1
721 16 25 2
722 21 17 2
723 4 18 2
724 22 10 2
725 19 17 1
726 22 3 1
727 7 1 1
728 4 9 1
729 4 19 1
730 18 11 2
731 4 23 2
732 2 17 2
733 8 12 1
734 12 14 1
735 8 21 2
736 22 4 1
737 2 20 2
738 20 22 1
739 22 11 1
740 13 26 1
741 10 25 2
742 12 0 1
743 2 8 1
744 17 3 2
745 2 10 1
746 11 10 2
747 4 27 1
748 8 0 1
749 12 7 2
750 3 25 1
751 5 16 2
752 18 26 2
753 3 16 2
754 22 18 2
755 17 8 1
756 1 5 2
757 24 12 1
758 11 25 2
759 15 18 1
760 8 0 1
761 21 4 1
762 12 18 2
763 1 23 2
764 22 24 1
765 21 19 2
766 22 14 1
767 14 11 2
768 16 9 2
769 13 16 1
770 9 20 1
771 9 13 2
772 27 2 1
773 2 23 1
774 2 5 1
775 2 23 2
776 17 15 1
777 13 21 1
778 15 16 1
779 12 0 1
780 26 23 1
781 22 13 2
782 7 23 1
783 19 14 1
784 21 24 1
785 5 2 2
786 26 4 2
787 1 13 2
788 12 5 2
789 3 10 1
790 26 17 1
791 9 15 2
792 8 6 1
793 23 20 2
794 6 9 1
795 14 19 2
796 1 11 1
797 19 14 2
798 9 11 1
799 0 11 1
800 12 11 1
801 3 13 2
802 6 2 1
803 13 3 2
804 0 4 2
805 7 15 2
806 11 9 2
807 13 5 2
808 3 14 2
809 5 4 2
810 23 13 1
811 11 27 1
812 3 6 2
813 1 4 2
814 13 23 2
815 1 5 1
816 15 21 2
817 3 13 2
818 17 15 1
819 10 24 2
820 16 23 2
821 4 3 1
822 25 0 1
823 4 11 1
824 24 21 1
825 1 21 2
826 13 19 1
827 13 15 2
828 9 15 1
829 24 13 1
830 19 4 1
831 7 8 1
832 27 8 1
833 21 26 2
834 6 15 1
835 22 23 1
836 6 27 1
837 7 3 1
838 12 1 2
839 6 4 2
