otherCase
0
1 20
2 5
3 4
4 4
5 5
6 4
7 11
8 20
9 13
10 10
11 11
12 12
13 13
14 4
15 15
16 12
17 4
18 4
19 19
20 20
1
0 8
2 8
3 8
4 8
5 8
6 8
7 8
8 8
9 8
10 8
11 8
12 8
13 8
14 8
15 8
16 8
17 8
18 8
19 8
20 8
2
0 5
1 7
3 7
4 5
5 5
6 7
7 7
8 7
9 7
10 5
11 7
12 5
13 5
14 7
15 7
16 7
17 7
18 7
19 5
20 5
3
0 7
1 7
2 7
4 18
5 7
6 9
7 7
8 7
9 9
10 7
11 7
12 7
13 9
14 9
15 7
16 7
17 18
18 18
19 9
20 7
4
0 0
1 17
2 0
3 18
5 0
6 6
7 0
8 17
9 6
10 0
11 0
12 0
13 0
14 14
15 0
16 0
17 17
18 18
19 0
20 0
5
0 0
1 0
2 2
3 2
4 0
6 0
7 2
8 0
9 0
10 0
11 0
12 0
13 0
14 0
15 0
16 0
17 0
18 0
19 0
20 0
6
0 4
1 17
2 9
3 9
4 4
5 4
7 9
8 17
9 9
10 4
11 4
12 4
13 9
14 4
15 9
16 9
17 17
18 4
19 4
20 4
7
0 11
1 8
2 2
3 3
4 3
5 2
6 9
8 8
9 9
10 11
11 11
12 15
13 9
14 9
15 15
16 15
17 8
18 3
19 8
20 8
8
0 20
1 1
2 7
3 7
4 17
5 7
6 17
7 7
9 7
10 20
11 7
12 7
13 7
14 7
15 7
16 7
17 17
18 17
19 20
20 20
9
0 13
1 7
2 7
3 3
4 6
5 7
6 6
7 7
8 7
10 15
11 7
12 15
13 13
14 14
15 15
16 15
17 6
18 3
19 13
20 7
10
0 0
1 20
2 0
3 11
4 0
5 0
6 0
7 11
8 20
9 15
11 11
12 12
13 0
14 11
15 15
16 12
17 0
18 0
19 0
20 20
11
0 0
1 7
2 7
3 7
4 0
5 0
6 0
7 7
8 7
9 7
10 10
12 0
13 13
14 14
15 0
16 0
17 0
18 14
19 0
20 0
12
0 0
1 0
2 0
3 15
4 0
5 0
6 0
7 15
8 0
9 15
10 10
11 0
13 0
14 0
15 15
16 16
17 0
18 0
19 0
20 0
13
0 0
1 0
2 0
3 9
4 0
5 0
6 9
7 9
8 0
9 9
10 0
11 11
12 0
14 14
15 15
16 15
17 0
18 14
19 19
20 0
14
0 4
1 4
2 9
3 9
4 4
5 4
6 4
7 9
8 4
9 9
10 11
11 11
12 4
13 13
15 9
16 9
17 4
18 18
19 13
20 4
15
0 0
1 7
2 7
3 7
4 0
5 0
6 9
7 7
8 7
9 9
10 10
11 0
12 12
13 13
14 9
16 16
17 0
18 0
19 0
20 0
16
0 12
1 15
2 15
3 15
4 12
5 12
6 15
7 15
8 15
9 15
10 12
11 12
12 12
13 15
14 15
15 15
17 12
18 12
19 12
20 12
17
0 4
1 8
2 8
3 18
4 4
5 4
6 6
7 8
8 8
9 6
10 4
11 4
12 4
13 4
14 4
15 4
16 4
18 18
19 4
20 8
18
0 4
1 17
2 3
3 3
4 4
5 4
6 4
7 3
8 17
9 3
10 4
11 14
12 4
13 14
14 14
15 3
16 3
17 17
19 4
20 4
19
0 0
1 20
2 0
3 13
4 0
5 0
6 0
7 0
8 20
9 13
10 0
11 0
12 0
13 13
14 13
15 0
16 0
17 0
18 0
20 20
20
0 0
1 8
2 0
3 8
4 0
5 0
6 0
7 8
8 8
9 0
10 10
11 0
12 0
13 0
14 0
15 0
16 0
17 8
18 0
19 19
58
0
4 16
1
6 2
2
16 10
3
0 20
4
7 9
5
16 3
6
11 8
7
3 1
8
14 9
9
14 10
10
18 20
12
18 4
13
16 7
15
11 14
17
2 20
19
6 14
21
18 17
22
8 18
24
15 13
26
15 1
27
17 11
28
19 13
29
3 11
32
9 15
39
18 14
40
12 15
42
14 4
43
2 19
46
14 8
51
15 16
57
15 0
62
9 4
64
9 13
65
1 19
67
10 8
69
16 12
74
8 17
76
9 18
81
19 9
84
12 11
91
19 10
96
14 3
98
12 5
108
17 6
117
15 11
123
10 9
129
19 14
130
18 3
139
10 0
143
11 13
147
15 9
149
13 11
157
10 12
166
9 14
174
15 19
185
13 14
200
11 10
206
2 5
241
