20 43 600 2
0 0 2 14
1 0 4 12
2 0 8 16
3 0 11 14
4 0 18 12
5 0 19 14
6 1 12 12
7 1 16 12
8 1 19 16
9 2 3 13
10 2 18 13
11 2 19 15
12 3 4 16
13 3 15 14
14 3 16 16
15 3 18 13
16 3 19 15
17 4 13 13
18 4 17 14
19 5 10 16
20 5 13 14
21 6 8 14
22 7 9 12
23 7 14 14
24 8 11 15
25 8 13 14
26 8 16 14
27 8 17 12
28 9 11 12
29 9 17 13
30 10 12 13
31 10 14 14
32 10 17 13
33 12 15 15
34 12 16 15
35 13 15 15
36 13 19 12
37 14 16 12
38 14 18 16
39 15 16 15
40 16 18 14
41 17 18 13
42 17 19 12
0 10 4 3
1 12 11 4
2 15 13 5
3 13 10 3
4 7 12 5
5 17 15 5
6 17 19 3
7 12 2 5
8 16 18 3
9 2 7 4
10 0 6 2
11 11 17 5
12 4 3 2
13 11 19 3
14 9 14 3
15 17 13 3
16 6 7 2
17 4 3 3
18 12 0 5
19 11 1 2
20 18 2 5
21 19 5 2
22 4 11 3
23 2 7 2
24 0 18 5
25 4 5 5
26 4 16 4
27 15 13 4
28 14 0 4
29 3 4 2
30 1 5 3
31 0 12 5
32 14 17 4
33 18 16 4
34 7 13 3
35 8 2 5
36 4 6 5
37 19 1 3
38 12 5 2
39 14 15 4
40 12 19 3
41 1 11 5
42 6 8 2
43 3 2 4
44 19 10 2
45 7 9 3
46 17 3 2
47 6 0 4
48 6 17 3
49 1 7 4
50 2 18 2
51 18 15 2
52 1 10 2
53 9 0 4
54 9 12 3
55 10 12 4
56 4 3 4
57 13 16 2
58 16 4 2
59 18 12 5
60 18 1 4
61 5 4 5
62 2 19 3
63 6 4 3
64 16 19 4
65 14 4 4
66 9 11 5
67 1 12 3
68 6 2 3
69 18 15 2
70 0 4 4
71 17 2 5
72 3 14 4
73 5 9 3
74 2 8 4
75 11 2 2
76 5 14 4
77 15 8 5
78 4 3 5
79 1 11 4
80 12 13 3
81 14 11 4
82 11 2 5
83 16 14 4
84 1 19 3
85 17 0 3
86 3 9 5
87 5 18 5
88 2 7 5
89 14 2 4
90 14 19 5
91 3 2 3
92 3 12 5
93 6 12 4
94 2 10 4
95 19 15 3
96 15 3 4
97 14 1 3
98 15 4 3
99 10 18 2
100 19 12 2
101 11 13 5
102 6 1 3
103 0 13 4
104 8 5 2
105 4 2 4
106 12 2 4
107 14 13 3
108 8 5 2
109 2 13 4
110 9 5 3
111 11 13 5
112 15 17 3
113 13 11 5
114 0 17 3
115 2 18 3
116 10 19 2
117 4 14 3
118 15 10 2
119 13 8 2
120 14 4 5
121 18 3 2
122 6 19 5
123 17 5 5
124 6 11 3
125 6 18 2
126 11 19 2
127 9 19 2
128 15 14 5
129 13 11 4
130 17 13 4
131 3 5 5
132 13 11 3
133 17 5 5
134 12 9 5
135 9 3 2
136 3 2 2
137 19 13 2
138 15 17 2
139 14 16 2
140 9 13 3
141 7 14 5
142 3 6 5
143 3 11 5
144 13 12 2
145 11 7 4
146 8 19 4
147 13 7 2
148 13 1 2
149 0 4 4
150 16 10 4
151 5 18 5
152 7 17 5
153 6 12 2
154 18 13 3
155 12 5 5
156 10 16 3
157 13 7 2
158 4 16 2
159 18 12 4
160 17 5 4
161 6 2 2
162 0 13 2
163 18 4 2
164 19 17 2
165 18 12 2
166 4 14 4
167 5 7 3
168 9 6 3
169 12 8 2
170 8 2 3
171 0 18 2
172 3 14 2
173 3 4 4
174 8 5 2
175 2 15 4
176 6 12 2
177 15 0 5
178 2 15 2
179 6 13 5
180 10 14 3
181 5 9 2
182 5 18 2
183 3 10 4
184 15 17 2
185 5 16 4
186 3 6 2
187 17 0 3
188 6 11 2
189 6 0 4
190 4 7 2
191 4 8 4
192 15 6 2
193 11 17 4
194 14 15 5
195 16 12 3
196 8 5 3
197 8 12 2
198 18 19 4
199 5 6 5
200 13 14 5
201 19 8 4
202 19 3 5
203 13 6 4
204 11 2 5
205 5 1 4
206 18 13 4
207 19 16 4
208 12 0 2
209 5 10 5
210 5 11 3
211 2 6 4
212 11 4 4
213 3 0 4
214 0 10 3
215 14 18 4
216 7 17 2
217 12 9 3
218 16 6 2
219 17 8 2
220 18 13 5
221 10 19 3
222 6 1 5
223 15 1 4
224 13 3 2
225 14 5 4
226 18 12 3
227 18 0 4
228 0 18 2
229 14 9 3
230 12 1 2
231 10 0 2
232 15 3 5
233 9 8 4
234 11 12 2
235 17 10 5
236 19 1 5
237 9 14 5
238 3 11 2
239 0 7 2
240 0 4 2
241 10 13 3
242 5 2 3
243 11 17 2
244 1 8 2
245 3 1 4
246 2 8 4
247 19 12 4
248 5 4 5
249 3 4 4
250 4 18 5
251 14 3 3
252 18 15 5
253 8 10 5
254 7 2 4
255 9 2 4
256 17 7 3
257 2 19 5
258 1 6 2
259 6 14 5
260 6 15 2
261 10 6 4
262 9 14 3
263 16 3 3
264 7 11 5
265 14 16 3
266 12 6 2
267 8 13 3
268 9 18 2
269 4 14 2
270 3 7 2
271 14 5 4
272 0 15 5
273 11 8 2
274 17 2 4
275 13 6 3
276 12 16 5
277 16 10 2
278 14 8 4
279 3 1 5
280 13 6 4
281 6 12 3
282 19 8 5
283 16 13 2
284 1 7 2
285 7 3 2
286 1 18 4
287 7 2 2
288 8 7 5
289 12 19 2
290 7 8 5
291 6 5 3
292 11 9 4
293 0 3 3
294 16 15 4
295 7 5 4
296 2 5 3
297 10 14 3
298 0 15 5
299 10 0 3
300 8 2 3
301 0 11 5
302 18 0 5
303 7 15 2
304 1 0 4
305 7 16 3
306 4 3 2
307 9 10 5
308 15 11 4
309 15 8 4
310 14 0 4
311 9 10 5
312 3 8 2
313 4 13 3
314 4 11 5
315 0 7 5
316 11 6 2
317 6 12 2
318 8 17 5
319 16 5 4
320 11 10 5
321 18 13 4
322 9 6 2
323 18 16 4
324 19 3 5
325 14 18 4
326 9 3 2
327 15 4 5
328 4 16 4
329 19 17 3
330 9 15 4
331 2 9 2
332 14 1 3
333 9 18 2
334 1 15 4
335 0 13 4
336 0 1 4
337 4 11 4
338 16 17 3
339 2 8 3
340 6 13 2
341 9 7 2
342 15 11 3
343 12 13 5
344 3 8 4
345 19 9 3
346 18 13 4
347 18 4 3
348 8 4 5
349 17 6 4
350 9 2 4
351 18 14 3
352 12 13 2
353 4 16 5
354 10 16 4
355 14 11 5
356 14 13 5
357 14 0 2
358 13 2 3
359 19 9 3
360 18 16 4
361 4 17 4
362 1 12 3
363 12 0 5
364 16 14 2
365 2 1 4
366 3 10 2
367 9 18 5
368 10 1 2
369 18 16 2
370 6 16 3
371 17 15 3
372 7 4 4
373 9 0 5
374 19 6 2
375 2 0 3
376 19 3 2
377 7 6 2
378 15 0 5
379 12 1 2
380 9 12 5
381 5 7 4
382 19 14 2
383 13 4 2
384 5 4 3
385 5 16 3
386 15 19 4
387 9 3 5
388 11 8 5
389 12 3 5
390 13 19 3
391 0 9 5
392 3 18 5
393 0 18 4
394 1 14 2
395 11 4 5
396 14 8 2
397 5 11 3
398 11 16 5
399 16 2 3
400 4 11 4
401 14 4 4
402 9 12 2
403 15 12 5
404 19 5 4
405 4 10 4
406 18 12 2
407 1 0 3
408 7 3 2
409 15 19 4
410 7 19 2
411 5 12 5
412 2 1 4
413 3 1 2
414 14 11 2
415 5 10 2
416 14 12 3
417 18 17 3
418 6 8 5
419 14 9 3
420 6 5 5
421 16 6 2
422 18 0 2
423 6 1 3
424 0 11 5
425 18 17 2
426 10 5 5
427 6 19 5
428 16 11 4
429 19 17 3
430 2 14 5
431 12 2 2
432 4 16 4
433 3 19 5
434 7 1 4
435 0 7 4
436 8 12 4
437 2 5 4
438 2 17 3
439 16 19 4
440 12 1 2
441 18 15 4
442 0 1 4
443 13 8 3
444 10 1 3
445 6 17 4
446 1 7 5
447 2 18 2
448 11 2 5
449 19 2 5
450 4 8 2
451 3 1 5
452 16 7 4
453 13 15 4
454 7 0 2
455 0 6 5
456 0 17 5
457 1 12 5
458 4 13 5
459 17 4 2
460 14 3 4
461 11 6 4
462 13 1 3
463 7 2 2
464 7 13 2
465 0 7 2
466 2 1 3
467 14 5 4
468 1 10 4
469 19 7 4
470 4 12 5
471 3 2 2
472 8 17 3
473 15 11 3
474 14 9 4
475 17 9 3
476 16 8 4
477 17 16 2
478 1 11 5
479 19 15 4
480 2 6 3
481 16 7 4
482 17 6 2
483 11 4 2
484 7 14 5
485 3 0 5
486 1 8 4
487 18 12 4
488 2 1 4
489 19 12 5
490 0 12 5
491 14 1 3
492 6 12 3
493 13 17 2
494 9 1 4
495 0 10 4
496 18 6 2
497 10 13 5
498 1 3 5
499 9 17 5
500 13 18 4
501 5 12 5
502 7 4 2
503 8 19 2
504 7 17 4
505 10 18 5
506 1 8 4
507 8 19 2
508 3 9 4
509 8 5 5
510 14 0 5
511 0 14 2
512 11 15 3
513 13 1 2
514 8 17 4
515 2 14 3
516 8 19 4
517 15 4 3
518 5 4 2
519 7 3 2
520 5 16 5
521 18 10 2
522 17 7 2
523 8 19 2
524 11 17 2
525 19 7 4
526 3 2 5
527 3 16 2
528 7 6 4
529 18 11 5
530 2 13 4
531 4 0 4
532 19 11 4
533 13 11 5
534 9 0 3
535 11 1 4
536 4 18 2
537 3 6 4
538 16 19 4
539 6 12 2
540 4 12 2
541 2 7 5
542 17 3 2
543 19 15 5
544 10 8 3
545 18 9 3
546 10 7 4
547 7 14 4
548 3 7 5
549 13 11 2
550 11 17 2
551 11 15 3
552 14 13 3
553 18 4 3
554 13 18 3
555 19 8 4
556 10 19 2
557 2 13 5
558 16 4 5
559 6 5 5
560 0 5 2
561 13 8 5
562 3 4 2
563 13 0 3
564 2 4 5
565 13 11 3
566 12 17 3
567 9 3 4
568 10 18 2
569 1 2 4
570 14 13 5
571 13 9 5
572 4 5 2
573 4 0 4
574 14 12 4
575 14 5 4
576 3 7 4
577 15 10 2
578 18 16 5
579 9 10 5
580 10 5 3
581 1 6 5
582 16 8 4
583 3 11 4
584 5 3 4
585 8 15 5
586 7 5 4
587 8 3 3
588 8 4 2
589 6 17 3
590 0 1 3
591 0 15 2
592 11 6 4
593 18 13 5
594 16 4 5
595 9 3 2
596 14 13 5
597 8 2 3
598 8 3 4
599 2 7 2
