otherCase
0
1 2
2 2
3 2
4 18
5 2
6 2
7 2
8 9
9 9
10 2
11 2
12 2
13 2
14 2
15 9
16 9
17 2
18 18
19 9
20 9
21 18
22 2
23 2
24 9
25 9
1
0 21
2 22
3 10
4 21
5 14
6 8
7 8
8 8
9 8
10 10
11 10
12 8
13 14
14 14
15 8
16 10
17 10
18 21
19 8
20 10
21 21
22 22
23 22
24 10
25 10
2
0 0
1 22
3 22
4 0
5 22
6 6
7 22
8 6
9 0
10 22
11 22
12 22
13 22
14 22
15 6
16 0
17 22
18 0
19 6
20 0
21 22
22 22
23 23
24 0
25 6
3
0 11
1 11
2 11
4 11
5 11
6 11
7 11
8 11
9 11
10 11
11 11
12 11
13 11
14 11
15 11
16 11
17 11
18 11
19 11
20 11
21 11
22 11
23 11
24 11
25 11
4
0 18
1 18
2 18
3 18
5 18
6 18
7 18
8 18
9 18
10 18
11 18
12 18
13 18
14 18
15 18
16 18
17 18
18 18
19 18
20 18
21 18
22 18
23 18
24 18
25 18
5
0 13
1 13
2 13
3 13
4 13
6 13
7 13
8 13
9 13
10 13
11 13
12 13
13 13
14 13
15 13
16 13
17 13
18 13
19 13
20 13
21 13
22 13
23 13
24 13
25 13
6
0 2
1 2
2 2
3 2
4 2
5 2
7 2
8 15
9 15
10 2
11 2
12 15
13 2
14 2
15 15
16 15
17 2
18 2
19 15
20 15
21 2
22 2
23 23
24 15
25 15
7
0 22
1 8
2 22
3 17
4 22
5 8
6 8
8 8
9 8
10 17
11 17
12 12
13 8
14 8
15 8
16 17
17 17
18 22
19 12
20 8
21 22
22 22
23 22
24 8
25 17
8
0 15
1 1
2 1
3 7
4 1
5 1
6 15
7 7
9 15
10 1
11 7
12 7
13 1
14 1
15 15
16 1
17 7
18 1
19 15
20 15
21 1
22 1
23 15
24 15
25 7
9
0 0
1 15
2 0
3 16
4 0
5 15
6 15
7 15
8 15
10 16
11 16
12 15
13 15
14 15
15 15
16 16
17 16
18 0
19 15
20 20
21 0
22 0
23 23
24 20
25 15
10
0 16
1 1
2 22
3 17
4 1
5 1
6 22
7 17
8 1
9 16
11 17
12 17
13 1
14 1
15 1
16 16
17 17
18 1
19 17
20 16
21 1
22 22
23 16
24 16
25 17
11
0 17
1 17
2 17
3 3
4 17
5 17
6 17
7 17
8 17
9 17
10 17
12 17
13 17
14 17
15 17
16 17
17 17
18 17
19 17
20 17
21 17
22 17
23 17
24 17
25 17
12
0 7
1 7
2 7
3 7
4 7
5 7
6 19
7 7
8 7
9 19
10 7
11 7
13 7
14 7
15 19
16 7
17 7
18 7
19 19
20 19
21 7
22 7
23 7
24 19
25 19
13
0 14
1 14
2 14
3 14
4 14
5 5
6 14
7 14
8 14
9 14
10 14
11 14
12 14
14 14
15 14
16 14
17 14
18 14
19 14
20 14
21 14
22 14
23 14
24 14
25 14
14
0 1
1 1
2 1
3 1
4 1
5 13
6 1
7 1
8 1
9 1
10 1
11 1
12 1
13 13
15 1
16 1
17 1
18 1
19 1
20 1
21 1
22 1
23 1
24 1
25 1
15
0 9
1 8
2 6
3 8
4 9
5 8
6 6
7 8
8 8
9 9
10 8
11 8
12 19
13 8
14 8
16 9
17 8
18 9
19 19
20 9
21 8
22 6
23 6
24 9
25 19
16
0 9
1 10
2 9
3 10
4 20
5 10
6 9
7 10
8 9
9 9
10 10
11 10
12 9
13 10
14 10
15 9
17 10
18 20
19 9
20 20
21 10
22 10
23 9
24 20
25 10
17
0 7
1 10
2 7
3 11
4 7
5 10
6 7
7 7
8 7
9 10
10 10
11 11
12 7
13 10
14 10
15 7
16 10
18 7
19 25
20 10
21 7
22 7
23 7
24 10
25 25
18
0 0
1 21
2 0
3 20
4 4
5 21
6 0
7 21
8 21
9 0
10 20
11 20
12 21
13 21
14 21
15 0
16 20
17 20
19 0
20 20
21 21
22 21
23 0
24 20
25 0
19
0 15
1 15
2 15
3 25
4 15
5 15
6 15
7 12
8 15
9 15
10 25
11 25
12 12
13 15
14 15
15 15
16 15
17 25
18 15
20 15
21 12
22 12
23 15
24 15
25 25
20
0 9
1 16
2 9
3 16
4 18
5 16
6 9
7 9
8 9
9 9
10 16
11 16
12 9
13 16
14 16
15 9
16 16
17 16
18 18
19 9
21 18
22 16
23 9
24 24
25 9
21
0 18
1 1
2 22
3 1
4 18
5 1
6 22
7 22
8 1
9 18
10 1
11 1
12 22
13 1
14 1
15 1
16 1
17 1
18 18
19 1
20 18
22 22
23 22
24 18
25 1
22
0 2
1 1
2 2
3 7
4 21
5 1
6 2
7 7
8 1
9 2
10 10
11 7
12 7
13 1
14 1
15 1
16 10
17 7
18 21
19 7
20 10
21 21
23 2
24 10
25 7
23
0 2
1 2
2 2
3 2
4 2
5 2
6 6
7 2
8 6
9 9
10 2
11 2
12 2
13 2
14 2
15 6
16 9
17 2
18 2
19 6
20 9
21 2
22 2
24 9
25 6
24
0 20
1 20
2 20
3 20
4 20
5 20
6 20
7 20
8 20
9 20
10 20
11 20
12 20
13 20
14 20
15 20
16 20
17 20
18 20
19 20
20 20
21 20
22 20
23 20
25 20
25
0 19
1 17
2 17
3 17
4 17
5 17
6 19
7 17
8 17
9 19
10 17
11 17
12 19
13 17
14 17
15 19
16 17
17 17
18 17
19 19
20 17
21 17
22 17
23 19
24 17
25
0
5 18
1
2 23
4
16 23
7
3 12
9
0 22
13
19 1
15
24 16
22
3 9
23
15 9
25
20 18
30
14 10
35
6 2
39
8 7
47
1 4
58
21 7
61
9 15
85
10 1
111
16 25
115
6 23
120
12 19
138
20 0
144
19 17
165
10 22
169
17 22
248
22 21
165
