25 65 750 3
0 0 11 12
1 0 16 12
2 0 22 12
3 0 24 12
4 1 11 12
5 1 13 12
6 1 15 12
7 1 17 12
8 1 21 12
9 1 24 12
10 2 5 12
11 2 11 12
12 2 12 12
13 2 20 12
14 3 4 12
15 3 10 12
16 3 12 12
17 3 15 12
18 3 23 12
19 4 7 12
20 4 11 12
21 4 21 12
22 5 10 12
23 5 21 12
24 6 7 12
25 6 9 12
26 6 11 12
27 6 16 12
28 6 22 12
29 7 10 12
30 8 12 12
31 8 13 12
32 8 14 12
33 8 16 12
34 8 19 12
35 8 24 12
36 9 12 12
37 9 13 12
38 10 15 12
39 10 20 12
40 10 24 12
41 11 14 12
42 11 16 12
43 11 17 12
44 11 19 12
45 11 22 12
46 12 14 12
47 12 15 12
48 13 16 12
49 13 17 12
50 13 18 12
51 13 20 12
52 14 22 12
53 14 23 12
54 14 24 12
55 15 18 12
56 15 20 12
57 15 21 12
58 15 23 12
59 17 21 12
60 17 24 12
61 18 21 12
62 19 21 12
63 19 24 12
64 22 24 12
0 20 23 14
1 0 9 5
2 17 11 2
3 10 14 10
4 22 2 10
5 14 2 2
6 2 5 12
7 2 5 6
8 18 20 1
9 24 5 13
10 0 6 11
11 11 14 2
12 23 7 5
13 21 20 15
14 6 23 13
15 23 4 5
16 1 12 12
17 9 5 5
18 4 18 6
19 13 7 14
20 6 8 15
21 6 5 5
22 8 22 8
23 8 2 8
24 11 18 6
25 11 24 11
26 16 14 14
27 20 21 14
28 5 1 14
29 18 12 3
30 17 18 4
31 22 13 6
32 20 21 13
33 9 6 6
34 22 16 9
35 23 8 2
36 16 24 4
37 8 6 8
38 8 1 15
39 3 16 11
40 20 5 8
41 4 14 10
42 10 11 10
43 12 21 10
44 1 10 12
45 3 20 6
46 0 5 7
47 15 10 6
48 20 3 3
49 11 9 3
50 14 17 3
51 24 0 8
52 19 14 10
53 18 22 7
54 23 12 8
55 7 8 12
56 11 19 6
57 15 21 7
58 9 1 15
59 7 24 15
60 16 3 7
61 13 24 5
62 18 12 10
63 0 5 9
64 5 9 15
65 19 22 9
66 6 18 13
67 4 21 6
68 1 2 5
69 24 4 13
70 11 14 7
71 5 14 1
72 21 4 4
73 5 9 5
74 2 5 4
75 6 13 2
76 23 7 3
77 21 17 14
78 24 11 1
79 15 5 6
80 3 15 9
81 21 12 12
82 6 15 11
83 12 14 12
84 7 24 15
85 3 12 3
86 10 24 15
87 4 12 13
88 10 9 14
89 21 23 14
90 13 19 7
91 17 2 6
92 15 21 12
93 18 0 4
94 19 5 13
95 7 11 6
96 10 16 14
97 0 19 10
98 24 12 15
99 2 20 4
100 4 15 4
101 1 6 5
102 13 2 6
103 12 20 3
104 13 4 5
105 9 12 11
106 15 1 5
107 13 5 3
108 12 21 9
109 3 14 13
110 2 11 11
111 23 3 11
112 12 0 3
113 10 4 10
114 16 12 11
115 14 0 8
116 20 21 7
117 13 24 1
118 9 13 5
119 23 20 2
120 19 14 9
121 11 24 8
122 22 10 14
123 17 11 2
124 5 13 9
125 24 12 14
126 21 2 3
127 0 10 15
128 22 18 5
129 6 16 14
130 19 23 14
131 14 13 1
132 14 9 1
133 3 15 8
134 11 1 15
135 19 21 6
136 8 13 6
137 21 9 13
138 0 17 5
139 5 9 6
140 13 0 8
141 10 9 11
142 1 19 2
143 11 23 1
144 17 23 7
145 7 5 2
146 17 3 3
147 23 4 11
148 15 13 15
149 8 11 8
150 22 19 4
151 23 16 10
152 14 1 2
153 10 11 1
154 4 19 12
155 20 3 7
156 16 23 2
157 10 20 12
158 9 13 7
159 0 5 12
160 8 23 11
161 23 2 14
162 13 3 13
163 6 18 5
164 9 19 9
165 17 7 12
166 1 11 10
167 15 6 13
168 13 8 12
169 22 24 3
170 8 16 11
171 1 19 7
172 5 21 5
173 8 0 7
174 6 0 13
175 13 21 3
176 8 14 10
177 20 10 2
178 7 0 12
179 10 7 2
180 19 9 12
181 22 19 14
182 14 18 7
183 20 19 6
184 17 12 8
185 17 0 6
186 10 11 14
187 14 4 8
188 23 15 4
189 17 22 3
190 21 12 5
191 12 1 11
192 18 2 11
193 15 17 6
194 2 6 12
195 16 11 5
196 9 24 6
197 14 21 8
198 0 4 10
199 18 5 10
200 11 18 7
201 13 24 1
202 24 9 9
203 23 15 4
204 12 17 3
205 12 19 14
206 3 12 4
207 6 3 10
208 9 5 14
209 5 24 13
210 23 12 9
211 13 11 13
212 6 13 15
213 19 8 6
214 24 11 11
215 3 21 15
216 21 20 13
217 20 10 9
218 17 12 4
219 12 15 13
220 14 9 14
221 14 5 15
222 5 12 5
223 0 17 14
224 10 24 8
225 20 5 11
226 3 12 10
227 20 13 7
228 13 6 11
229 0 19 4
230 4 19 10
231 16 2 10
232 18 23 7
233 0 10 10
234 7 5 10
235 20 15 11
236 2 11 1
237 23 19 15
238 20 12 9
239 16 6 14
240 5 14 6
241 23 7 3
242 15 22 15
243 6 10 3
244 9 2 15
245 0 6 10
246 14 7 11
247 19 14 4
248 5 14 9
249 20 3 13
250 19 10 14
251 5 7 8
252 23 2 1
253 23 1 11
254 21 13 14
255 16 15 14
256 12 2 13
257 13 8 15
258 22 17 2
259 22 24 10
260 20 17 12
261 0 14 8
262 23 1 5
263 12 23 13
264 1 11 7
265 22 16 11
266 20 14 7
267 3 4 14
268 8 24 14
269 18 24 13
270 3 23 3
271 11 13 11
272 10 4 15
273 7 15 4
274 8 3 6
275 20 22 2
276 14 22 8
277 24 7 13
278 8 10 5
279 22 14 6
280 14 22 5
281 18 8 10
282 1 24 3
283 4 16 5
284 0 7 15
285 11 18 6
286 22 9 5
287 22 5 10
288 20 9 8
289 22 14 11
290 9 4 12
291 22 4 3
292 19 9 14
293 12 8 11
294 7 0 14
295 6 18 5
296 4 18 1
297 8 11 12
298 16 23 14
299 16 12 8
300 19 5 6
301 20 4 10
302 16 10 9
303 11 12 14
304 15 20 3
305 16 15 3
306 15 12 1
307 21 2 6
308 7 9 4
309 7 4 5
310 19 24 12
311 3 20 4
312 11 15 8
313 18 20 15
314 0 23 14
315 16 7 12
316 6 11 11
317 1 12 11
318 3 10 9
319 2 8 9
320 17 23 9
321 2 1 8
322 18 16 4
323 7 8 13
324 23 5 12
325 20 7 4
326 22 14 3
327 1 19 5
328 17 8 2
329 23 6 12
330 2 4 9
331 9 1 4
332 7 18 13
333 18 15 8
334 3 17 15
335 1 10 13
336 20 2 4
337 15 3 8
338 2 15 4
339 3 17 10
340 6 19 8
341 9 18 1
342 18 13 14
343 3 23 15
344 14 24 11
345 6 18 13
346 20 19 13
347 14 0 5
348 24 13 10
349 8 15 11
350 5 10 9
351 15 16 5
352 20 9 5
353 17 7 6
354 8 21 9
355 16 9 11
356 14 3 13
357 5 15 1
358 10 16 8
359 15 5 3
360 2 24 7
361 21 9 2
362 14 10 11
363 21 17 14
364 5 6 13
365 3 24 4
366 6 9 9
367 9 10 13
368 16 15 2
369 21 9 15
370 19 6 10
371 21 4 6
372 5 6 13
373 12 5 14
374 5 19 11
375 5 10 9
376 15 20 10
377 13 24 12
378 8 7 15
379 8 15 15
380 9 11 3
381 9 10 12
382 11 23 6
383 14 9 7
384 18 12 13
385 13 0 13
386 12 1 7
387 11 20 13
388 4 14 13
389 8 0 14
390 22 6 4
391 21 22 5
392 9 11 1
393 10 13 13
394 12 10 9
395 17 23 4
396 6 19 9
397 14 8 2
398 2 7 3
399 10 23 8
400 23 18 8
401 1 24 11
402 12 22 15
403 22 15 4
404 8 19 10
405 12 1 2
406 1 20 6
407 8 17 6
408 14 9 2
409 15 4 15
410 23 2 6
411 24 23 7
412 4 18 5
413 18 6 9
414 2 14 4
415 10 18 9
416 24 21 5
417 17 16 14
418 9 22 1
419 4 24 13
420 2 22 12
421 23 10 14
422 11 24 8
423 23 6 3
424 10 14 4
425 14 11 6
426 6 21 12
427 8 19 12
428 0 4 2
429 20 13 7
430 12 15 13
431 1 16 1
432 16 11 1
433 18 13 1
434 16 10 13
435 17 15 5
436 18 10 11
437 2 23 2
438 18 2 9
439 24 3 9
440 5 16 14
441 2 18 15
442 14 19 11
443 6 24 2
444 24 21 7
445 8 14 8
446 23 4 11
447 10 2 3
448 20 18 6
449 14 16 13
450 22 23 14
451 13 0 7
452 18 9 1
453 19 12 1
454 0 7 6
455 13 4 5
456 7 18 11
457 24 10 9
458 14 20 11
459 6 24 14
460 18 11 15
461 22 18 3
462 6 24 3
463 6 9 3
464 3 0 9
465 19 1 13
466 4 17 6
467 2 10 14
468 10 7 11
469 6 9 3
470 13 8 4
471 6 24 6
472 0 4 15
473 14 3 14
474 12 0 8
475 23 6 7
476 1 14 8
477 12 6 4
478 24 12 10
479 3 2 3
480 16 18 12
481 16 3 3
482 24 6 2
483 15 23 10
484 11 23 6
485 13 6 4
486 2 16 6
487 15 8 9
488 3 14 1
489 0 12 13
490 13 12 14
491 3 11 6
492 9 2 7
493 20 9 4
494 22 2 11
495 20 12 15
496 15 0 5
497 23 20 15
498 10 1 3
499 7 5 10
500 0 4 9
501 4 22 8
502 24 1 1
503 19 6 14
504 23 21 5
505 11 19 7
506 5 13 3
507 5 16 3
508 23 21 3
509 11 3 13
510 5 0 8
511 6 9 7
512 20 11 15
513 8 19 6
514 0 10 1
515 15 1 12
516 4 13 1
517 17 12 13
518 19 23 9
519 5 3 1
520 11 7 2
521 13 2 2
522 15 14 7
523 17 14 3
524 19 20 1
525 9 15 8
526 8 4 6
527 21 17 6
528 19 21 12
529 3 15 8
530 23 18 4
531 4 7 9
532 4 7 11
533 2 23 2
534 22 12 5
535 19 3 4
536 7 8 3
537 23 21 5
538 10 22 8
539 21 18 9
540 16 18 15
541 8 24 15
542 4 10 7
543 11 21 3
544 18 23 15
545 1 23 15
546 12 20 1
547 6 5 1
548 4 20 1
549 7 5 7
550 10 0 10
551 15 11 4
552 20 18 7
553 14 6 8
554 19 8 9
555 14 3 12
556 8 20 13
557 16 10 6
558 5 8 6
559 15 24 9
560 14 21 2
561 21 10 13
562 16 8 2
563 11 13 11
564 0 17 3
565 3 7 8
566 3 17 12
567 9 4 14
568 11 9 8
569 13 17 2
570 16 5 7
571 16 6 3
572 21 7 13
573 0 6 12
574 23 11 9
575 19 24 3
576 18 16 9
577 1 17 6
578 17 7 12
579 16 5 6
580 5 3 11
581 5 20 11
582 19 7 14
583 24 22 3
584 17 19 7
585 6 8 1
586 12 9 7
587 16 13 15
588 15 14 6
589 4 23 5
590 0 2 5
591 22 17 11
592 9 6 15
593 23 19 10
594 2 1 13
595 13 4 3
596 15 5 13
597 7 12 13
598 5 20 7
599 12 18 4
600 7 11 2
601 7 8 3
602 12 3 12
603 23 18 11
604 4 6 8
605 4 21 5
606 24 10 1
607 20 3 9
608 9 16 2
609 24 20 10
610 15 7 11
611 14 9 14
612 3 17 12
613 19 14 3
614 2 24 15
615 23 10 15
616 8 1 7
617 8 3 11
618 14 13 10
619 5 22 12
620 15 24 5
621 7 16 2
622 2 23 10
623 19 11 4
624 21 15 14
625 22 13 7
626 1 20 2
627 24 8 14
628 23 8 15
629 8 20 9
630 10 13 11
631 8 11 2
632 0 3 12
633 15 7 10
634 15 7 10
635 13 21 5
636 3 24 14
637 22 15 9
638 19 18 7
639 19 16 14
640 21 12 1
641 19 3 10
642 20 3 10
643 3 24 4
644 11 18 11
645 22 19 7
646 12 22 12
647 1 11 11
648 14 18 14
649 16 1 7
650 20 23 13
651 13 21 15
652 0 6 10
653 5 0 11
654 10 3 5
655 13 0 12
656 14 8 6
657 21 11 6
658 7 8 8
659 1 10 8
660 22 20 5
661 24 5 4
662 17 24 14
663 17 20 6
664 23 12 13
665 11 24 14
666 5 15 14
667 2 10 6
668 19 17 12
669 7 10 14
670 9 3 15
671 23 2 11
672 12 10 10
673 15 20 3
674 24 12 4
675 8 22 8
676 11 10 13
677 14 11 13
678 5 10 1
679 3 6 10
680 9 16 12
681 20 17 5
682 24 17 9
683 5 12 10
684 22 2 4
685 2 22 10
686 21 12 14
687 8 4 12
688 10 17 6
689 12 4 15
690 12 3 14
691 23 9 10
692 18 2 6
693 7 14 14
694 1 7 9
695 4 21 5
696 0 15 4
697 22 7 4
698 7 14 11
699 6 4 1
700 9 7 1
701 19 15 14
702 14 13 9
703 17 18 4
704 13 5 14
705 16 18 7
706 20 18 15
707 12 23 5
708 22 11 13
709 8 13 6
710 11 7 6
711 17 11 2
712 22 4 6
713 22 7 13
714 17 18 3
715 3 16 12
716 15 17 6
717 3 19 4
718 23 11 12
719 22 20 9
720 7 14 5
721 18 1 8
722 19 14 8
723 18 13 2
724 5 0 9
725 14 17 11
726 1 11 8
727 22 4 2
728 21 11 2
729 23 8 10
730 8 23 1
731 22 19 8
732 13 22 13
733 4 12 4
734 21 14 5
735 17 22 11
736 9 10 4
737 18 16 7
738 4 24 9
739 21 18 6
740 0 19 1
741 22 24 6
742 18 3 13
743 2 19 2
744 16 13 12
745 5 23 4
746 7 19 13
747 24 5 14
748 5 0 11
749 15 23 2
