lastCase
0
1 10
2 10
3 5
4 5
5 5
6 5
7 5
8 5
9 5
10 10
11 12
12 12
13 14
14 14
1
0 2
2 2
3 3
4 4
5 2
6 3
7 3
8 4
9 4
10 2
11 2
12 2
13 4
14 2
2
0 10
1 1
3 3
4 1
5 10
6 3
7 3
8 1
9 1
10 10
11 11
12 10
13 1
14 10
3
0 2
1 1
2 2
4 4
5 6
6 6
7 7
8 4
9 4
10 2
11 2
12 2
13 4
14 6
4
0 9
1 1
2 1
3 3
5 9
6 3
7 3
8 8
9 9
10 1
11 1
12 1
13 9
14 9
5
0 0
1 6
2 10
3 6
4 9
6 6
7 7
8 9
9 9
10 10
11 0
12 0
13 9
14 14
6
0 5
1 3
2 3
3 3
4 3
5 5
7 7
8 3
9 5
10 10
11 3
12 10
13 5
14 5
7
0 5
1 3
2 3
3 3
4 3
5 5
6 6
8 9
9 9
10 5
11 3
12 5
13 9
14 5
8
0 9
1 4
2 4
3 4
4 4
5 9
6 4
7 9
9 9
10 9
11 4
12 9
13 9
14 9
9
0 5
1 4
2 4
3 4
4 4
5 5
6 5
7 7
8 8
10 5
11 4
12 5
13 13
14 5
10
0 0
1 2
2 2
3 2
4 2
5 5
6 6
7 5
8 5
9 5
11 2
12 12
13 0
14 0
11
0 12
1 2
2 2
3 2
4 2
5 2
6 2
7 2
8 2
9 2
10 2
12 12
13 12
14 12
12
0 0
1 10
2 10
3 10
4 0
5 0
6 10
7 0
8 0
9 0
10 10
11 11
13 0
14 0
13
0 14
1 9
2 9
3 9
4 9
5 9
6 9
7 9
8 9
9 9
10 9
11 14
12 14
14 14
14
0 0
1 0
2 0
3 5
4 5
5 5
6 5
7 5
8 5
9 5
10 0
11 0
12 0
13 13
0
1 0
3